t_ms,mode,theta,theta_dot,x,v,accel,energy,z1,z2,agc,loop_us
764728.0,0.0,-3.1324,-0.002,-0.0051,0.0,0.0,1.6081,0.0,0.0,128.0,557.0
764768.0,0.0,-3.1324,0.006,-0.0051,0.0,0.0,1.6081,0.0,0.0,128.0,556.0
764808.0,0.0,-3.1339,-0.001,-0.0051,0.0,0.0,1.6081,0.0,0.0,128.0,564.0
764848.0,0.0,-3.1324,-0.0,-0.0051,0.0,0.0,1.6081,0.0,0.0,128.0,556.0
764889.0,0.0,-3.1324,-0.001,-0.0051,0.0,0.0,1.6081,0.0,0.0,128.0,550.0
764929.0,0.0,-3.1339,-0.011,-0.0051,0.0,0.0,1.6081,0.0,0.0,128.0,564.0
764969.0,0.0,-3.1324,0.001,-0.0051,0.0,0.0,1.6081,0.0,0.0,128.0,550.0
765010.0,0.0,-3.1324,0.004,-0.0051,0.0,0.0,1.6081,0.0,0.0,128.0,543.0
765079.0,0.0,-3.1324,-0.002,-0.0051,0.0,0.0,1.6081,0.0,0.0,128.0,662.0
765120.0,0.0,-3.1324,-0.002,-0.0051,0.0,0.0,1.6081,0.0,0.0,128.0,556.0
765160.0,0.0,-3.1324,0.0,-0.0051,0.0,0.0,1.6081,0.0,0.0,128.0,550.0
765200.0,0.0,-3.1324,-0.0,-0.0051,0.0,0.0,1.6081,0.0,0.0,128.0,572.0
765241.0,0.0,-3.1324,0.002,-0.0051,0.0,0.0,1.6081,0.0,0.0,128.0,573.0
765281.0,0.0,-3.1324,-0.003,-0.0051,0.0,0.0,1.6081,0.0,0.0,128.0,550.0
765321.0,0.0,-3.1339,-0.012,-0.0051,0.0,0.0,1.6081,0.0,0.0,128.0,551.0
765362.0,0.0,-3.1339,-0.002,-0.0051,0.0,0.0,1.6081,0.0,0.0,128.0,556.0
765402.0,0.0,-3.1339,-0.002,-0.0051,0.0,0.0,1.6081,0.0,0.0,128.0,564.0
765442.0,0.0,-3.1324,0.005,-0.0051,0.0,0.0,1.6081,0.0,0.0,128.0,544.0
765482.0,0.0,-3.1324,0.005,-0.0051,0.0,0.0,1.6081,0.0,0.0,128.0,549.0
765522.0,0.0,-3.1324,-0.001,-0.0051,0.0,0.0,1.6081,0.0,0.0,128.0,557.0
765563.0,0.0,-3.1324,0.005,-0.0051,0.0,0.0,1.6081,0.0,0.0,128.0,557.0
765603.0,0.0,-3.1324,0.007,-0.0051,0.0,0.0,1.6081,0.0,0.0,128.0,564.0
765643.0,0.0,-3.1339,0.002,-0.0051,0.0,0.0,1.6081,0.0,0.0,128.0,556.0
765684.0,0.0,-3.1339,-0.004,-0.0051,0.0,0.0,1.6081,0.0,0.0,128.0,550.0
765724.0,0.0,-3.1324,0.004,-0.0051,0.0,0.0,1.6081,0.0,0.0,128.0,557.0
765764.0,0.0,-3.1339,0.001,-0.0051,0.0,0.0,1.6081,0.0,0.0,128.0,564.0
765804.0,0.0,-3.1324,0.007,-0.0051,0.0,0.0,1.6081,0.0,0.0,128.0,556.0
765845.0,0.0,-3.1324,0.006,-0.0051,0.0,0.0,1.6081,0.0,0.0,128.0,550.0
765885.0,0.0,-3.1339,-0.002,-0.0051,0.0,0.0,1.6081,0.0,0.0,128.0,557.0
765925.0,0.0,-3.1324,0.004,-0.0051,0.0,0.0,1.6081,0.0,0.0,128.0,550.0
765965.0,0.0,-3.1324,0.001,-0.0051,0.0,0.0,1.6081,0.0,0.0,128.0,558.0
766005.0,0.0,-3.1324,-0.001,-0.0051,0.0,0.0,1.6081,0.0,0.0,128.0,564.0
766046.0,0.0,-3.1324,0.0,-0.0051,0.0,0.0,1.6081,0.0,0.0,128.0,572.0
766086.0,0.0,-3.1324,-0.001,-0.0051,0.0,0.0,1.6081,0.0,0.0,128.0,550.0
766126.0,0.0,-3.1324,0.004,-0.0051,0.0,0.0,1.6081,0.0,0.0,128.0,556.0
766167.0,0.0,-3.1324,0.005,-0.0051,0.0,0.0,1.6081,0.0,0.0,128.0,556.0
766207.0,0.0,-3.1324,0.003,-0.0051,0.0,0.0,1.6081,0.0,0.0,128.0,571.0
766247.0,0.0,-3.1324,-0.002,-0.0051,0.0,0.0,1.6081,0.0,0.0,128.0,556.0
766288.0,0.0,-3.1324,0.003,-0.0051,0.0,0.0,1.6081,0.0,0.0,128.0,557.0
766328.0,0.0,-3.1324,0.004,-0.0051,0.0,0.0,1.6081,0.0,0.0,128.0,564.0
766368.0,0.0,-3.1324,-0.001,-0.0051,0.0,0.0,1.6081,0.0,0.0,128.0,556.0
766409.0,0.0,-3.1339,-0.008,-0.0051,0.0,0.0,1.6081,0.0,0.0,128.0,550.0
766449.0,0.0,-3.1324,0.008,-0.0051,0.0,0.0,1.6081,0.0,0.0,128.0,556.0
766489.0,0.0,-3.1324,-0.012,-0.0051,0.0,0.0,1.6081,0.0,0.0,128.0,564.0
766529.0,0.0,-3.1324,0.004,-0.0051,0.0,0.0,1.6081,0.0,0.0,128.0,556.0
766570.0,0.0,-3.1324,-0.0,-0.0051,0.0,0.0,1.6081,0.0,0.0,128.0,556.0
766610.0,0.0,-3.1324,-0.001,-0.0051,0.0,0.0,1.6081,0.0,0.0,128.0,564.0
766650.0,0.0,-3.1339,0.004,-0.0051,0.0,0.0,1.6081,0.0,0.0,128.0,544.0
766690.0,0.0,-3.1324,-0.006,-0.0051,0.0,0.0,1.6081,0.0,0.0,128.0,557.0
766731.0,0.0,-3.1324,0.0,-0.0051,0.0,0.0,1.6081,0.0,0.0,128.0,557.0
766771.0,0.0,-3.1324,-0.004,-0.0051,0.0,0.0,1.6081,0.0,0.0,128.0,564.0
766811.0,0.0,-3.1324,0.0,-0.0051,0.0,0.0,1.6081,0.0,0.0,128.0,550.0
766851.0,0.0,-3.1324,-0.001,-0.0051,0.0,0.0,1.6081,0.0,0.0,128.0,556.0
766892.0,0.0,-3.1324,0.006,-0.0051,0.0,0.0,1.6081,0.0,0.0,128.0,549.0
766932.0,0.0,-3.1324,-0.004,-0.0051,0.0,0.0,1.6081,0.0,0.0,128.0,550.0
766972.0,0.0,-3.1324,0.004,-0.0051,0.0,0.0,1.6081,0.0,0.0,128.0,557.0
767012.0,0.0,-3.1324,-0.002,-0.0051,0.0,0.0,1.6081,0.0,0.0,128.0,550.0
767052.0,0.0,-3.1324,0.004,-0.0051,0.0,0.0,1.6081,0.0,0.0,128.0,550.0
767092.0,0.0,-3.1324,-0.006,-0.0051,0.0,0.0,1.6081,0.0,0.0,128.0,573.0
767133.0,0.0,-3.1339,-0.009,-0.0051,0.0,0.0,1.6081,0.0,0.0,128.0,564.0
767173.0,0.0,-3.1324,0.002,-0.0051,0.0,0.0,1.6081,0.0,0.0,128.0,549.0
767213.0,0.0,-3.1339,-0.005,-0.0051,0.0,0.0,1.6081,0.0,0.0,128.0,550.0
767259.0,0.0,-3.1324,0.004,-0.0051,0.0,0.0,1.6081,0.0,0.0,128.0,604.0
767300.0,0.0,-3.1339,-0.015,-0.0051,0.0,0.0,1.6081,0.0,0.0,128.0,557.0
767340.0,0.0,-3.1324,0.009,-0.0051,0.0,0.0,1.6081,0.0,0.0,128.0,550.0
767380.0,0.0,-3.1339,-0.004,-0.0051,0.0,0.0,1.6081,0.0,0.0,128.0,573.0
767421.0,0.0,-3.1324,0.004,-0.0051,0.0,0.0,1.6081,0.0,0.0,128.0,557.0
767461.0,0.0,-3.1324,0.002,-0.0051,0.0,0.0,1.6081,0.0,0.0,128.0,565.0
767501.0,0.0,-3.1324,-0.002,-0.0051,0.0,0.0,1.6081,0.0,0.0,128.0,558.0
767541.0,0.0,-3.1324,-0.004,-0.0051,0.0,0.0,1.6081,0.0,0.0,128.0,543.0
767581.0,0.0,-3.1324,0.004,-0.0051,0.0,0.0,1.6081,0.0,0.0,128.0,550.0
767622.0,0.0,-3.1324,0.004,-0.0051,0.0,0.0,1.6081,0.0,0.0,128.0,550.0
767662.0,0.0,-3.1339,-0.006,-0.0051,0.0,0.0,1.6081,0.0,0.0,128.0,550.0
767702.0,0.0,-3.1324,0.004,-0.0051,0.0,0.0,1.6081,0.0,0.0,128.0,557.0
767742.0,0.0,-3.1339,-0.004,-0.0051,0.0,0.0,1.6081,0.0,0.0,128.0,550.0
767782.0,0.0,-3.1324,0.004,-0.0051,0.0,0.0,1.6081,0.0,0.0,128.0,564.0
767822.0,0.0,-3.1324,0.003,-0.0051,0.0,0.0,1.6081,0.0,0.0,128.0,573.0
767863.0,0.0,-3.1324,0.006,-0.0051,0.0,0.0,1.6081,0.0,0.0,128.0,565.0
767903.0,0.0,-3.1324,-0.008,-0.0051,0.0,0.0,1.6081,0.0,0.0,128.0,557.0
767943.0,0.0,-3.1339,-0.007,-0.0051,0.0,0.0,1.6081,0.0,0.0,128.0,572.0
767983.0,0.0,-3.1339,-0.004,-0.0051,0.0,0.0,1.6081,0.0,0.0,128.0,549.0
768023.0,0.0,-3.1324,0.001,-0.0051,0.0,0.0,1.6081,0.0,0.0,128.0,551.0
768064.0,0.0,-3.1324,0.006,-0.0051,0.0,0.0,1.6081,0.0,0.0,128.0,549.0
768104.0,0.0,-3.1324,0.001,-0.0051,0.0,0.0,1.6081,0.0,0.0,128.0,551.0
768144.0,0.0,-3.1324,0.001,-0.0051,0.0,0.0,1.6081,0.0,0.0,128.0,556.0
768184.0,0.0,-3.1339,-0.011,-0.0051,0.0,0.0,1.6081,0.0,0.0,128.0,550.0
768224.0,0.0,-3.1324,0.002,-0.0051,0.0,0.0,1.6081,0.0,0.0,128.0,566.0
768265.0,0.0,-3.1324,0.004,-0.0051,0.0,0.0,1.6081,0.0,0.0,128.0,564.0
768305.0,0.0,-3.1324,0.009,-0.0051,0.0,0.0,1.6081,0.0,0.0,128.0,542.0
768345.0,0.0,-3.1339,-0.017,-0.0051,0.0,0.0,1.6081,0.0,0.0,128.0,551.0
768386.0,0.0,-3.1324,0.016,-0.0051,0.0,0.0,1.6081,0.0,0.0,128.0,550.0
768426.0,0.0,-3.1324,-0.002,-0.0051,0.0,0.0,1.6081,0.0,0.0,128.0,564.0
768466.0,0.0,-3.1324,0.008,-0.0051,0.0,0.0,1.6081,0.0,0.0,128.0,543.0
768506.0,0.0,-3.1324,-0.007,-0.0051,0.0,0.0,1.6081,0.0,0.0,128.0,556.0
768547.0,0.0,-3.1324,-0.006,-0.0051,0.0,0.0,1.6081,0.0,0.0,128.0,550.0
768587.0,0.0,-3.1324,0.007,-0.0051,0.0,0.0,1.6081,0.0,0.0,128.0,557.0
768627.0,0.0,-3.1324,0.006,-0.0051,0.0,0.0,1.6081,0.0,0.0,128.0,557.0
768667.0,0.0,-3.1324,0.005,-0.0051,0.0,0.0,1.6081,0.0,0.0,128.0,549.0
768707.0,0.0,-3.1324,-0.006,-0.0051,0.0,0.0,1.6081,0.0,0.0,128.0,557.0
768748.0,0.0,-3.1324,0.004,-0.0051,0.0,0.0,1.6081,0.0,0.0,128.0,556.0
768788.0,0.0,-3.1324,-0.002,-0.0051,0.0,0.0,1.6081,0.0,0.0,128.0,550.0
768828.0,0.0,-3.1324,0.008,-0.0051,0.0,0.0,1.6081,0.0,0.0,128.0,566.0
768868.0,0.0,-3.1324,-0.001,-0.0051,0.0,0.0,1.6081,0.0,0.0,128.0,573.0
768909.0,0.0,-3.1324,0.006,-0.0051,0.0,0.0,1.6081,0.0,0.0,128.0,566.0
768949.0,0.0,-3.1324,-0.004,-0.0051,0.0,0.0,1.6081,0.0,0.0,128.0,564.0
768989.0,0.0,-3.1339,0.002,-0.0051,0.0,0.0,1.6081,0.0,0.0,128.0,549.0
769029.0,0.0,-3.1324,0.004,-0.0051,0.0,0.0,1.6081,0.0,0.0,128.0,550.0
769070.0,0.0,-3.1324,0.002,-0.0051,0.0,0.0,1.6081,0.0,0.0,128.0,550.0
769110.0,0.0,-3.1324,-0.001,-0.0051,0.0,0.0,1.6081,0.0,0.0,128.0,564.0
769150.0,0.0,-3.1324,0.002,-0.0051,0.0,0.0,1.6081,0.0,0.0,128.0,551.0
769191.0,0.0,-3.1324,0.001,-0.0051,0.0,0.0,1.6081,0.0,0.0,128.0,556.0
769231.0,0.0,-3.1324,-0.002,-0.0051,0.0,0.0,1.6081,0.0,0.0,128.0,557.0
769271.0,0.0,-3.1324,-0.003,-0.0051,0.0,0.0,1.6081,0.0,0.0,128.0,550.0
769311.0,0.0,-3.1339,0.001,-0.0051,0.0,0.0,1.6081,0.0,0.0,128.0,558.0
769351.0,0.0,-3.1324,-0.001,-0.0051,0.0,0.0,1.6081,0.0,0.0,128.0,573.0
769392.0,0.0,-3.1324,0.005,-0.0051,0.0,0.0,1.6081,0.0,0.0,128.0,550.0
769432.0,0.0,-3.1324,0.003,-0.0051,0.0,0.0,1.6081,0.0,0.0,128.0,573.0
769472.0,0.0,-3.1324,0.002,-0.0051,0.0,0.0,1.6081,0.0,0.0,128.0,573.0
769512.0,0.0,-3.1339,-0.009,-0.0051,0.0,0.0,1.6081,0.0,0.0,128.0,543.0
769552.0,0.0,-3.1339,0.001,-0.0051,0.0,0.0,1.6081,0.0,0.0,128.0,557.0
769593.0,0.0,-3.1339,-0.016,-0.0051,0.0,0.0,1.6081,0.0,0.0,128.0,550.0
769633.0,0.0,-3.1339,0.002,-0.0051,0.0,0.0,1.6081,0.0,0.0,128.0,557.0
769673.0,0.0,-3.1324,0.001,-0.0051,0.0,0.0,1.6081,0.0,0.0,128.0,564.0
769713.0,0.0,-3.1339,-0.014,-0.0051,0.0,0.0,1.6081,0.0,0.0,128.0,556.0
769754.0,0.0,-3.1339,-0.012,-0.0051,0.0,0.0,1.6081,0.0,0.0,128.0,557.0
769794.0,0.0,-3.1339,-0.003,-0.0051,0.0,0.0,1.6081,0.0,0.0,128.0,557.0
769834.0,0.0,-3.1339,0.002,-0.0051,0.0,0.0,1.6081,0.0,0.0,128.0,564.0
769874.0,0.0,-3.1324,-0.004,-0.0051,0.0,0.0,1.6081,0.0,0.0,128.0,556.0
769915.0,0.0,-3.1339,0.003,-0.0051,0.0,0.0,1.6081,0.0,0.0,128.0,556.0
769955.0,0.0,-3.1324,-0.005,-0.0051,0.0,0.0,1.6081,0.0,0.0,128.0,564.0
769995.0,0.0,-3.1324,0.004,-0.0051,0.0,0.0,1.6081,0.0,0.0,128.0,556.0
770036.0,0.0,-3.1324,0.008,-0.0051,0.0,0.0,1.6081,0.0,0.0,128.0,549.0
770076.0,0.0,-3.1324,-0.002,-0.0051,0.0,0.0,1.6081,0.0,0.0,128.0,557.0
770116.0,0.0,-3.1339,-0.0,-0.0051,0.0,0.0,1.6081,0.0,0.0,128.0,551.0
770156.0,0.0,-3.1324,-0.001,-0.0051,0.0,0.0,1.6081,0.0,0.0,128.0,564.0
770197.0,0.0,-3.1324,-0.001,-0.0051,0.0,0.0,1.6081,0.0,0.0,128.0,572.0
770237.0,0.0,-3.1339,-0.0,-0.0051,0.0,0.0,1.6081,0.0,0.0,128.0,549.0
770277.0,0.0,-3.1324,-0.006,-0.0051,0.0,0.0,1.6081,0.0,0.0,128.0,550.0
770317.0,0.0,-3.1324,0.007,-0.0051,0.0,0.0,1.6081,0.0,0.0,128.0,557.0
770358.0,0.0,-3.1324,0.004,-0.0051,0.0,0.0,1.6081,0.0,0.0,128.0,557.0
770398.0,0.0,-3.1324,0.003,-0.0051,0.0,0.0,1.6081,0.0,0.0,128.0,557.0
770438.0,0.0,-3.1339,-0.001,-0.0051,0.0,0.0,1.6081,0.0,0.0,128.0,557.0
770479.0,0.0,-3.1324,-0.004,-0.0051,0.0,0.0,1.6081,0.0,0.0,128.0,557.0
770519.0,0.0,-3.1324,-0.0,-0.0051,0.0,0.0,1.6081,0.0,0.0,128.0,564.0
770559.0,0.0,-3.1324,0.003,-0.0051,0.0,0.0,1.6081,0.0,0.0,128.0,550.0
770599.0,0.0,-3.1324,-0.004,-0.0051,0.0,0.0,1.6081,0.0,0.0,128.0,556.0
770640.0,0.0,-3.1339,-0.019,-0.0051,0.0,0.0,1.6081,0.0,0.0,128.0,557.0
770680.0,0.0,-3.1324,0.006,-0.0051,0.0,0.0,1.6081,0.0,0.0,128.0,550.0
770720.0,0.0,-3.1324,0.006,-0.0051,0.0,0.0,1.6081,0.0,0.0,128.0,551.0
770760.0,0.0,-3.1324,0.01,-0.0051,0.0,0.0,1.6081,0.0,0.0,128.0,565.0
770800.0,0.0,-3.1324,0.003,-0.0051,0.0,0.0,1.6081,0.0,0.0,128.0,573.0
770841.0,0.0,-3.1324,0.007,-0.0051,0.0,0.0,1.6081,0.0,0.0,128.0,566.0
770881.0,0.0,-3.1324,0.002,-0.0051,0.0,0.0,1.6081,0.0,0.0,128.0,573.0
770921.0,0.0,-3.1324,0.008,-0.0051,0.0,0.0,1.6081,0.0,0.0,128.0,548.0
770961.0,0.0,-3.1324,0.003,0.0,0.0,0.0,1.6081,0.0,0.0,128.0,550.0
771002.0,0.0,-3.1339,-0.002,0.0,0.0,0.0,1.6081,0.0,0.0,128.0,550.0
771042.0,0.0,-3.1324,0.005,0.0,0.0,0.0,1.6081,0.0,0.0,128.0,564.0
771082.0,0.0,-3.1324,0.003,0.0,0.0,0.0,1.6081,0.0,0.0,128.0,550.0
771123.0,0.0,-3.1339,0.005,0.0,0.0,0.0,1.6081,0.0,0.0,128.0,550.0
771163.0,0.0,-3.1339,-0.011,0.0,0.0,0.0,1.6081,0.0,0.0,128.0,557.0
771203.0,0.0,-3.1324,0.006,0.0,0.0,0.0,1.6081,0.0,0.0,128.0,557.0
771243.0,0.0,-3.1324,-0.02,0.0,0.0,0.0,1.6081,0.0,0.0,128.0,550.0
771284.0,0.0,-3.1324,-0.0,0.0,0.0,0.0,1.6081,0.0,0.0,128.0,550.0
771324.0,0.0,-3.1339,-0.005,0.0,0.0,0.0,1.6081,0.0,0.0,128.0,550.0
771364.0,0.0,-3.1339,-0.003,0.0,0.0,0.0,1.6081,0.0,0.0,128.0,556.0
771404.0,0.0,-3.1324,0.002,0.0,0.0,0.0,1.6081,0.0,0.0,128.0,550.0
771444.0,0.0,-3.1324,-0.004,0.0,0.0,0.0,1.6081,0.0,0.0,128.0,566.0
771484.0,0.0,-3.1339,0.004,0.0,0.0,0.0,1.6081,0.0,0.0,128.0,573.0
771525.0,0.0,-3.1324,0.009,0.0,0.0,0.0,1.6081,0.0,0.0,128.0,566.0
771565.0,0.0,-3.1324,0.001,0.0,0.0,0.0,1.6081,0.0,0.0,128.0,573.0
771605.0,0.0,-3.1324,-0.004,0.0,0.0,0.0,1.6081,0.0,0.0,128.0,543.0
771645.0,0.0,-3.1324,0.009,0.0,0.0,0.0,1.6081,0.0,0.0,128.0,544.0
771686.0,0.0,-3.1339,0.0,0.0,0.0,0.0,1.6081,0.0,0.0,128.0,551.0
771726.0,0.0,-3.1339,0.001,0.0,0.0,0.0,1.6081,0.0,0.0,128.0,550.0
771766.0,0.0,-3.1324,0.0,0.0,0.0,0.0,1.6081,0.0,0.0,128.0,564.0
771806.0,0.0,-3.1324,-0.004,0.0,0.0,0.0,1.6081,0.0,0.0,128.0,550.0
771847.0,0.0,-3.1324,0.002,0.0,0.0,0.0,1.6081,0.0,0.0,128.0,544.0
771887.0,0.0,-3.0496,0.428,0.0,0.0,0.0,1.6081,0.0,0.0,128.0,612.0
771927.0,0.0,-3.0005,2.737,0.0,0.0,0.0,1.6081,0.0,0.0,128.0,617.0
771968.0,0.0,-3.0357,0.094,0.0,0.0,0.0,1.6081,0.0,0.0,128.0,617.0
772008.0,0.0,3.1094,-4.186,0.0,0.0,0.0,1.6081,0.0,0.0,128.0,611.0
772048.0,0.0,3.0511,-2.06,0.0,0.0,0.0,1.6081,0.0,0.0,128.0,607.0
772089.0,0.0,3.0204,-1.269,0.0,0.0,0.0,1.6081,0.0,0.0,128.0,610.0
772129.0,0.0,-3.1232,3.157,0.0,0.0,0.0,1.6081,0.0,0.0,128.0,612.0
772169.0,0.0,-3.117,0.762,0.0,0.0,0.0,1.6081,0.0,0.0,128.0,617.0
772210.0,0.0,-3.1186,0.12,0.0,0.0,0.0,1.6081,0.0,0.0,128.0,617.0
772250.0,0.0,-3.114,0.091,0.0,0.0,0.0,1.6081,0.0,0.0,128.0,617.0
772290.0,0.0,-3.114,0.01,0.0,0.0,0.0,1.6081,0.0,0.0,128.0,617.0
772330.0,0.0,-3.117,-0.044,0.0,0.0,0.0,1.6081,0.0,0.0,128.0,617.0
772370.0,0.0,-3.1263,-0.181,0.0,0.0,0.0,1.6081,0.0,0.0,128.0,617.0
772410.0,0.0,-3.1324,-0.178,0.0,0.0,0.0,1.6081,0.0,0.0,128.0,617.0
772450.0,0.0,-3.1339,-0.061,0.0,0.0,0.0,1.6081,0.0,0.0,128.0,617.0
772490.0,0.0,-3.1293,0.085,0.0,0.0,0.0,1.6081,0.0,0.0,128.0,617.0
772530.0,0.0,-3.1232,0.151,0.0,0.0,0.0,1.6081,0.0,0.0,128.0,617.0
772570.0,0.0,-3.1201,0.091,0.0,0.0,0.0,1.6081,0.0,0.0,128.0,610.0
772611.0,0.0,-3.1217,0.001,0.0,0.0,0.0,1.6081,0.0,0.0,128.0,607.0
772651.0,0.0,-3.1247,-0.096,0.0,0.0,0.0,1.6081,0.0,0.0,128.0,607.0
772691.0,0.0,-3.1293,-0.097,0.0,0.0,0.0,1.6081,0.0,0.0,128.0,607.0
772731.0,0.0,-3.1293,-0.033,0.0,0.0,0.0,1.6081,0.0,0.0,128.0,607.0
772771.0,0.0,-3.1278,0.037,0.0,0.0,0.0,1.6081,0.0,0.0,128.0,607.0
772811.0,0.0,-3.1247,0.08,0.0,0.0,0.0,1.6081,0.0,0.0,128.0,607.0
772851.0,0.0,-3.1217,0.055,0.0,0.0,0.0,1.6081,0.0,0.0,128.0,607.0
772891.0,0.0,-3.1232,-0.013,0.0,0.0,0.0,1.6081,0.0,0.0,128.0,607.0
772931.0,0.0,-3.1263,-0.055,0.0,0.0,0.0,1.6081,0.0,0.0,128.0,612.0
772971.0,0.0,-3.1278,-0.046,0.0,0.0,0.0,1.6081,0.0,0.0,128.0,617.0
773012.0,0.0,-3.1278,-0.007,0.0,0.0,0.0,1.6081,0.0,0.0,128.0,617.0
773052.0,0.0,-3.1247,0.056,0.0,0.0,0.0,1.6081,0.0,0.0,128.0,617.0
773092.0,0.0,-3.1232,0.032,0.0,0.0,0.0,1.6081,0.0,0.0,128.0,617.0
773132.0,0.0,-3.1232,0.011,0.0,0.0,0.0,1.6081,0.0,0.0,128.0,617.0
773172.0,0.0,-3.1263,-0.018,0.0,0.0,0.0,1.6081,0.0,0.0,128.0,617.0
773213.0,2.0,-3.1278,-0.042,0.0,-0.0006,-0.24,-0.9999,0.0,0.0,128.0,798.0
773254.0,2.0,-3.1278,-0.148,-0.00034,-0.0245,-1.224,-0.9998,0.0,0.0,128.0,761.0
773295.0,2.0,3.0618,-1.855,-0.00247,-0.0994,-2.981,-0.9753,0.0,0.0,128.0,737.0
773335.0,2.0,2.9498,-2.374,-0.0093,-0.2679,-5.381,-0.9497,0.0,0.0,128.0,738.0
773376.0,5.0,2.8563,-2.217,-0.02456,-0.4844,-4.241,-0.887,0.0,0.0,128.0,680.0
773416.0,5.0,2.755,-2.191,-0.04631,-0.6048,-1.841,-0.887,0.0,0.0,128.0,688.0
773456.0,5.0,2.6216,-3.341,-0.07102,-0.6293,0.559,-0.887,0.0,0.0,128.0,689.0
773496.0,5.0,2.7351,1.128,-0.0948,-0.5578,2.959,-0.887,0.0,0.0,128.0,689.0
773537.0,5.0,2.8394,1.899,-0.1143,-0.3848,5.419,-0.887,0.0,0.0,128.0,683.0
773577.0,5.0,3.0112,3.73,-0.1251,-0.1676,4.459,-0.887,0.0,0.0,128.0,675.0
773617.0,5.0,-3.137,3.774,-0.12893,-0.0378,2.12,-0.887,0.0,0.0,128.0,673.0
773663.0,2.0,-2.7121,8.665,-0.12941,0.0041,0.691,-0.4174,0.0,0.0,128.0,764.0
773704.0,2.0,-2.278,11.421,-0.12803,0.084,3.151,0.1349,0.0,0.0,128.0,725.0
773745.0,2.0,-2.3086,4.232,-0.12143,0.2649,5.611,-0.5799,0.0,0.0,128.0,726.0
773786.0,2.0,-2.0003,6.026,-0.10575,0.5214,5.671,-0.2336,0.0,0.0,128.0,725.0
773826.0,2.0,-1.9742,0.688,-0.08145,0.7036,3.396,-0.2969,0.0,0.0,128.0,740.0
773867.0,2.0,-1.9175,0.341,-0.05104,0.7911,0.936,-0.3347,0.0,0.0,128.0,737.0
773907.0,2.0,-2.0678,-2.653,-0.01973,0.7892,-1.104,-0.4092,0.0,0.0,128.0,751.0
773947.0,2.0,-2.2688,-4.633,0.00983,0.6958,-3.504,-0.4799,0.0,0.0,128.0,771.0
773988.0,2.0,-2.7382,-9.762,0.03439,0.5005,-5.964,-0.3135,0.0,0.0,128.0,757.0
774028.0,2.0,3.1309,-10.148,0.04894,0.2127,-8.364,-0.349,0.0,0.0,128.0,766.0
774069.0,2.0,2.4774,-14.582,0.05021,-0.1627,-8.742,0.5648,0.0,0.0,128.0,748.0
774110.0,2.0,2.0049,-12.462,0.03731,-0.4695,-6.282,0.5886,0.0,0.0,128.0,731.0
774151.0,2.0,1.5616,-11.324,0.01399,-0.6754,-3.822,0.8552,0.0,0.0,128.0,736.0
774191.0,2.0,1.2671,-8.109,-0.01485,-0.779,-1.422,0.7357,0.0,0.0,128.0,725.0
774231.0,2.0,1.0753,-5.35,-0.04605,-0.7867,0.978,0.6728,0.0,0.0,128.0,760.0
774271.0,2.0,0.7194,-8.682,-0.0756,-0.6984,3.378,1.23,0.0,0.0,128.0,757.0
774312.0,2.0,0.7808,-0.831,-0.10039,-0.5082,5.838,0.7475,0.0,0.0,128.0,750.0
774353.0,2.0,0.8621,1.732,-0.11554,-0.2172,8.298,0.6612,0.0,0.0,128.0,751.0
774394.0,2.0,0.6565,-3.471,-0.11719,0.1538,8.806,0.8359,0.0,0.0,128.0,727.0
774435.0,2.0,0.7823,0.929,-0.10455,0.4633,6.356,0.7253,0.0,0.0,128.0,739.0
774475.0,2.0,0.7931,0.629,-0.08209,0.6685,3.969,0.6859,0.0,0.0,128.0,730.0
774516.0,2.0,0.9986,3.627,-0.05257,0.78,1.523,0.6573,0.0,0.0,128.0,735.0
774556.0,2.0,1.2717,6.232,-0.0213,0.7917,-0.877,0.54,0.0,0.0,128.0,761.0
774596.0,2.0,1.6506,8.609,0.00859,0.7181,-1.74,0.4,0.0,0.0,128.0,775.0
774637.0,2.0,2.0157,8.774,0.03683,0.6984,0.72,0.0657,0.0,0.0,128.0,752.0
774678.0,5.0,2.6231,14.164,0.0648,0.709,-0.84,0.114,0.0,0.0,128.0,688.0
774718.0,5.0,-2.9744,16.309,0.09214,0.6229,-3.3,0.114,0.0,0.0,128.0,674.0
774758.0,5.0,-2.0709,21.048,0.11355,0.4417,-5.7,0.114,0.0,0.0,128.0,682.0
774798.0,5.0,-1.7763,15.019,0.12634,0.2068,-4.973,0.114,0.0,0.0,128.0,655.0
774839.0,5.0,-1.4465,9.941,0.13129,0.0571,-2.573,0.114,0.0,0.0,128.0,658.0
774879.0,5.0,-1.4527,2.645,0.13219,0.0007,-0.234,0.114,0.0,0.0,128.0,680.0
774919.0,6.0,-1.4757,-0.006,0.13174,-0.0372,-1.5,0.114,0.0,0.0,128.0,708.0
774960.0,2.0,-1.5907,-2.347,0.12911,-0.1005,-2.1,0.0207,0.0,0.0,128.0,778.0
775000.0,2.0,-1.7717,-3.547,0.1227,-0.2383,-4.56,-0.0623,0.0,0.0,128.0,744.0
775040.0,2.0,-2.0632,-7.231,0.10924,-0.4674,-6.317,-0.2261,0.0,0.0,128.0,737.0
775080.0,2.0,-3.0649,-19.411,0.08666,-0.6711,-3.927,1.3831,0.0,0.0,128.0,754.0
775121.0,2.0,2.5955,-17.056,0.05711,-0.7809,-1.483,1.0062,0.0,0.0,128.0,744.0
775161.0,2.0,2.1092,-13.507,0.0258,-0.7999,0.0,0.6732,0.0,0.0,128.0,758.0
775201.0,2.0,1.7135,-11.014,-0.00563,-0.799,0.31,0.6634,0.0,0.0,128.0,755.0
775241.0,2.0,1.4327,-7.725,-0.03623,-0.7374,2.71,0.5347,0.0,0.0,128.0,760.0
775282.0,2.0,1.2793,-4.324,-0.06307,-0.5746,5.17,0.42,0.0,0.0,128.0,747.0
775323.0,2.0,1.0155,-5.558,-0.08145,-0.311,7.63,0.7432,0.0,0.0,128.0,752.0
775364.0,2.0,1.1014,0.355,-0.08745,0.0239,7.485,0.4589,0.0,0.0,128.0,737.0
775404.0,2.0,1.1167,0.69,-0.08141,0.2745,5.31,0.4263,0.0,0.0,128.0,740.0
775444.0,2.0,1.1934,1.721,-0.06626,0.4974,4.722,0.4094,0.0,0.0,128.0,740.0
775485.0,2.0,1.5064,6.698,-0.04312,0.6393,2.262,0.3423,0.0,0.0,128.0,711.0
775525.0,2.0,1.8254,7.862,-0.01639,0.7327,2.841,0.1423,0.0,0.0,128.0,731.0
775566.0,2.0,2.1951,8.106,0.01481,0.798,0.404,-0.1481,0.0,0.0,128.0,738.0
775606.0,2.0,2.8685,15.786,0.04631,0.7983,-0.412,0.6161,0.0,0.0,128.0,746.0
775647.0,5.0,-2.8747,15.626,0.07688,0.7327,-2.812,0.3303,0.0,0.0,128.0,682.0
775687.0,5.0,-2.2411,18.692,0.10361,0.5657,-5.272,0.3303,0.0,0.0,128.0,674.0
775728.0,5.0,-1.7671,12.059,0.12131,0.3166,-6.112,0.3303,0.0,0.0,128.0,661.0
775768.0,5.0,-1.5432,7.036,0.12982,0.1158,-3.713,0.3303,0.0,0.0,128.0,659.0
775808.0,5.0,-1.5447,1.83,0.13219,0.016,-1.375,0.3303,0.0,0.0,128.0,659.0
775848.0,6.0,-1.5861,-0.638,0.13223,-0.0091,-1.024,0.3303,0.0,0.0,128.0,709.0
775888.0,6.0,-1.6137,-0.52,0.1308,-0.0674,-1.5,0.3303,0.0,0.0,128.0,711.0
775929.0,2.0,-2.054,-9.071,0.1266,-0.1587,-3.36,0.0446,0.0,0.0,128.0,722.0
775969.0,2.0,-2.7136,-16.451,0.11715,-0.3423,-5.76,0.8322,0.0,0.0,128.0,750.0
776010.0,2.0,3.0572,-15.366,0.0984,-0.5863,-5.062,0.5075,0.0,0.0,128.0,761.0
776051.0,2.0,2.3899,-13.884,0.07133,-0.7425,-2.613,0.4656,0.0,0.0,128.0,737.0
776091.0,2.0,1.9574,-12.026,0.04073,-0.7988,-0.333,0.5848,0.0,0.0,128.0,724.0
776131.0,2.0,1.5263,-10.188,0.00926,-0.7979,0.468,0.7139,0.0,0.0,128.0,750.0
776171.0,2.0,1.2931,-6.897,-0.02115,-0.73,2.868,0.5923,0.0,0.0,128.0,758.0
776212.0,2.0,1.0569,-5.519,-0.04766,-0.5607,5.328,0.655,0.0,0.0,128.0,744.0
776253.0,2.0,0.9066,-4.14,-0.06593,-0.3326,6.305,0.772,0.0,0.0,128.0,756.0
776294.0,2.0,1.0017,1.422,-0.07406,-0.0711,5.405,0.5531,0.0,0.0,128.0,726.0
776335.0,2.0,0.9495,-0.53,-0.07275,0.1503,6.045,0.5728,0.0,0.0,128.0,731.0
776375.0,2.0,0.9281,-0.331,-0.06191,0.4029,5.518,0.63,0.0,0.0,128.0,723.0
776416.0,2.0,1.1689,4.811,-0.04189,0.5774,3.058,0.5397,0.0,0.0,128.0,731.0
776457.0,2.0,1.4312,6.014,-0.01684,0.6511,0.598,0.3829,0.0,0.0,128.0,725.0
776497.0,2.0,1.8086,8.791,0.00874,0.6521,0.646,0.2626,0.0,0.0,128.0,742.0
776538.0,5.0,2.1552,8.474,0.03544,0.7145,1.366,0.0462,0.0,0.0,128.0,675.0
776578.0,5.0,2.9054,16.723,0.06476,0.7188,-1.094,0.0462,0.0,0.0,128.0,681.0
776618.0,5.0,-2.6783,15.755,0.09169,0.6259,-3.494,0.0462,0.0,0.0,128.0,681.0
776659.0,5.0,-2.0785,17.398,0.11306,0.4369,-5.894,0.0462,0.0,0.0,128.0,674.0
776699.0,5.0,-1.6736,15.396,0.12581,0.1966,-4.847,0.0462,0.0,0.0,128.0,667.0
776739.0,5.0,-1.491,6.675,0.1305,0.052,-2.447,0.0462,0.0,0.0,128.0,655.0
776780.0,5.0,-1.5432,0.799,0.13125,0.0004,-0.232,0.0462,0.0,0.0,128.0,668.0
776820.0,6.0,-1.5785,-0.629,0.13072,-0.0401,-1.5,0.0462,0.0,0.0,128.0,715.0
776860.0,2.0,-1.5877,-0.678,0.12784,-0.1212,-3.06,-0.0436,0.0,0.0,128.0,757.0
776901.0,2.0,-2.0064,-8.709,0.11981,-0.2983,-5.52,0.0468,0.0,0.0,128.0,722.0
776941.0,2.0,-2.7013,-16.926,0.10339,-0.5433,-5.551,0.9409,0.0,0.0,128.0,767.0
776982.0,2.0,3.0772,-14.785,0.07766,-0.7194,-3.108,0.3926,0.0,0.0,128.0,754.0
777023.0,2.0,2.3853,-14.035,0.04684,-0.7957,-0.666,0.4799,0.0,0.0,128.0,746.0
777064.0,2.0,1.9865,-11.278,0.01466,-0.8,0.0,0.4497,0.0,0.0,128.0,723.0
777104.0,2.0,1.5662,-10.141,-0.01669,-0.7894,1.097,0.6861,0.0,0.0,128.0,749.0
777145.0,2.0,1.356,-6.304,-0.04695,-0.6927,3.557,0.4823,0.0,0.0,128.0,759.0
777186.0,2.0,1.1091,-6.866,-0.07133,-0.4952,6.017,0.7483,0.0,0.0,128.0,731.0
777227.0,2.0,1.0983,-1.823,-0.08584,-0.1968,8.477,0.511,0.0,0.0,128.0,732.0
777267.0,2.0,1.1551,1.015,-0.0876,0.1025,6.317,0.4046,0.0,0.0,128.0,735.0
777307.0,2.0,1.1628,0.335,-0.07871,0.3607,6.131,0.4197,0.0,0.0,128.0,746.0
777347.0,2.0,1.4128,5.058,-0.06049,0.5567,3.731,0.3313,0.0,0.0,128.0,730.0
777388.0,2.0,1.7196,7.059,-0.03559,0.6808,3.551,0.1727,0.0,0.0,128.0,746.0
777428.0,2.0,2.0739,8.703,-0.00649,0.7831,1.42,-0.0202,0.0,0.0,128.0,749.0
777469.0,2.0,2.6569,12.889,0.02558,0.7999,0.0,0.1905,0.0,0.0,128.0,736.0
777510.0,5.0,-3.0419,13.608,0.05685,0.7819,-1.118,0.2268,0.0,0.0,128.0,676.0
777550.0,5.0,-2.4482,13.535,0.087,0.6844,-3.578,0.2268,0.0,0.0,128.0,682.0
777590.0,5.0,-1.804,15.029,0.11063,0.492,-5.978,0.2268,0.0,0.0,128.0,676.0
777630.0,5.0,-1.5662,7.741,0.12514,0.2427,-5.378,0.2268,0.0,0.0,128.0,648.0
777670.0,5.0,-1.5156,2.642,0.13121,0.0768,-2.978,0.2268,0.0,0.0,128.0,660.0
777710.0,5.0,-1.5463,-0.248,0.13252,0.0042,-0.702,0.2268,0.0,0.0,128.0,667.0
777750.0,6.0,-1.5754,-0.916,0.13234,-0.0251,-1.5,0.2268,0.0,0.0,128.0,709.0
777791.0,6.0,-1.6015,0.269,0.13013,-0.0866,-1.5,0.2268,0.0,0.0,128.0,708.0
777831.0,2.0,-2.1737,-9.251,0.12499,-0.1934,-3.84,0.054,0.0,0.0,128.0,729.0
777871.0,2.0,-2.9376,-16.959,0.11385,-0.3962,-6.24,0.8383,0.0,0.0,128.0,743.0
777912.0,2.0,2.7888,-15.681,0.093,-0.6287,-4.533,0.6328,0.0,0.0,128.0,758.0
777953.0,2.0,2.1552,-15.593,0.06465,-0.7633,-2.089,1.0113,0.0,0.0,128.0,737.0
777993.0,2.0,1.7073,-12.907,0.03368,-0.7999,0.0,0.9493,0.0,0.0,128.0,746.0
778033.0,2.0,1.3959,-9.151,0.0024,-0.7807,1.491,0.7403,0.0,0.0,128.0,761.0
778074.0,2.0,1.1658,-6.072,-0.02723,-0.6679,3.951,0.6491,0.0,0.0,128.0,737.0
778115.0,2.0,0.7624,-9.633,-0.0504,-0.4681,4.65,1.316,0.0,0.0,128.0,750.0
778155.0,2.0,0.813,-1.242,-0.06559,-0.2923,5.25,0.7336,0.0,0.0,128.0,751.0
778196.0,2.0,0.8253,0.463,-0.07305,-0.0703,5.592,0.6728,0.0,0.0,128.0,747.0
778237.0,2.0,0.4985,-6.483,-0.07084,0.1907,6.016,1.1278,0.0,0.0,128.0,729.0
778277.0,3.0,0.6596,1.175,-0.05917,0.4073,6.016,0.799,0.0,0.0,128.0,711.0
778318.0,3.0,0.7286,2.0,-0.03795,0.6354,4.444,0.7714,0.0,0.0,128.0,712.0
778358.0,3.0,0.6044,-2.333,-0.01005,0.7641,2.047,0.8573,0.0,0.0,128.0,702.0
778399.0,2.0,0.8759,4.64,0.02093,0.7989,-0.293,0.783,0.0,0.0,128.0,810.0
778439.0,2.0,1.1336,5.806,0.05246,0.7377,-2.693,0.6269,0.0,0.0,128.0,747.0
778479.0,2.0,1.5171,8.486,0.07875,0.5808,-5.093,0.5227,0.0,0.0,128.0,751.0
778519.0,2.0,1.8945,9.274,0.09739,0.3677,-4.461,0.2228,0.0,0.0,128.0,751.0
778560.0,2.0,2.4268,12.14,0.10898,0.1985,-4.055,0.1395,0.0,0.0,128.0,764.0
778601.0,2.0,-3.117,16.123,0.11438,0.073,-3.155,0.643,0.0,0.0,128.0,745.0
778642.0,2.0,-2.528,17.755,0.11415,-0.108,-5.615,1.2713,0.0,0.0,128.0,744.0
778683.0,2.0,-2.011,12.656,0.10553,-0.3122,-4.501,0.5886,0.0,0.0,128.0,744.0
778724.0,2.0,-1.4435,14.483,0.08873,-0.5363,-5.573,1.4826,0.0,0.0,128.0,724.0
778765.0,2.0,-1.5631,1.566,0.06326,-0.7152,-3.183,0.0659,0.0,0.0,128.0,732.0
778805.0,2.0,-1.6429,-1.461,0.03334,-0.7933,-0.783,-0.0514,0.0,0.0,128.0,744.0
778846.0,2.0,-1.7043,-2.02,0.0012,-0.7999,0.037,-0.1355,0.0,0.0,128.0,755.0
778886.0,2.0,-1.9819,-4.212,-0.02955,-0.7522,1.644,-0.1755,0.0,0.0,128.0,763.0
778927.0,5.0,-2.485,-14.073,-0.05921,-0.7286,0.504,0.1278,0.0,0.0,128.0,674.0
778967.0,5.0,-2.8379,-10.075,-0.08692,-0.6592,2.904,0.1278,0.0,0.0,128.0,686.0
779007.0,5.0,3.1201,-8.374,-0.11006,-0.4939,5.304,0.1278,0.0,0.0,128.0,680.0
779048.0,5.0,2.7489,-7.906,-0.12521,-0.2482,5.452,0.1278,0.0,0.0,128.0,690.0
779088.0,5.0,2.413,-7.697,-0.13144,-0.0794,3.052,0.1278,0.0,0.0,128.0,666.0
779128.0,5.0,2.4682,-1.047,-0.13286,-0.005,0.713,0.1278,0.0,0.0,128.0,674.0
779168.0,6.0,2.5479,1.732,-0.13264,0.0237,1.5,0.1278,0.0,0.0,128.0,725.0
779209.0,6.0,2.6983,3.277,-0.13046,0.0852,1.5,0.1278,0.0,0.0,128.0,701.0
779249.0,2.0,2.913,4.647,-0.12555,0.183,3.6,-0.8323,0.0,0.0,128.0,736.0
779289.0,2.0,-3.1339,5.296,-0.11498,0.3762,6.0,-0.8214,0.0,0.0,128.0,732.0
779329.0,2.0,-2.5525,13.376,-0.09551,0.6089,4.788,0.3076,0.0,0.0,128.0,739.0
779370.0,2.0,-2.1829,12.259,-0.06776,0.7539,2.347,0.457,0.0,0.0,128.0,745.0
779410.0,2.0,-1.8484,9.167,-0.0369,0.7996,0.067,0.2287,0.0,0.0,128.0,752.0
779450.0,2.0,-1.5984,6.561,-0.00555,0.7923,-0.927,0.2749,0.0,0.0,128.0,773.0
779491.0,2.0,-1.5079,3.469,0.02494,0.7027,-3.387,0.2197,0.0,0.0,128.0,751.0
779531.0,2.0,-1.6874,-2.984,0.04943,0.5248,-5.566,-0.052,0.0,0.0,128.0,764.0
779571.0,2.0,-1.8883,-4.707,0.06518,0.253,-7.966,-0.1805,0.0,0.0,128.0,751.0
779612.0,2.0,-2.2212,-5.818,0.06832,-0.1166,-9.055,-0.2895,0.0,0.0,128.0,745.0
779652.0,2.0,-2.8118,-13.716,0.05745,-0.4298,-6.665,0.2403,0.0,0.0,128.0,751.0
779693.0,2.0,2.5848,-19.977,0.03544,-0.6515,-4.207,1.7037,0.0,0.0,128.0,729.0
779734.0,2.0,2.1798,-11.162,0.00645,-0.7723,-1.747,0.2261,0.0,0.0,128.0,732.0
779774.0,2.0,1.6045,-13.882,-0.02468,-0.7967,0.533,1.2238,0.0,0.0,128.0,754.0
779815.0,2.0,1.2809,-8.867,-0.05565,-0.7232,2.993,0.8002,0.0,0.0,128.0,727.0
779855.0,2.0,1.0124,-6.378,-0.08119,-0.5542,5.393,0.7541,0.0,0.0,128.0,743.0
779896.0,2.0,0.5262,-10.593,-0.09915,-0.341,4.133,1.5956,0.0,0.0,128.0,755.0
779937.0,3.0,0.5522,-1.921,-0.10905,-0.1316,5.753,0.8747,0.0,0.0,128.0,723.0
779978.0,3.0,0.405,-3.112,-0.10954,0.1056,5.033,0.9803,0.0,0.0,128.0,715.0
780018.0,3.0,-0.0184,-8.617,-0.10189,0.2603,2.573,1.4685,0.0,0.0,128.0,688.0
780058.0,3.0,-0.2792,-7.909,-0.0903,0.314,0.173,1.3591,0.0,0.0,128.0,668.0
780098.0,3.0,-0.3543,-3.162,-0.07841,0.2717,-2.227,1.0011,0.0,0.0,128.0,716.0
780139.0,3.0,-0.6213,-6.043,-0.0699,0.1287,-4.687,1.0358,0.0,0.0,128.0,722.0
780179.0,2.0,-0.8836,-6.352,-0.06885,-0.0802,-4.567,0.8655,0.0,0.0,128.0,742.0
780220.0,2.0,-0.994,-3.234,-0.07508,-0.2158,-2.107,0.6169,0.0,0.0,128.0,722.0
780260.0,2.0,-1.1167,-3.151,-0.08456,-0.2509,0.293,0.5014,0.0,0.0,128.0,751.0
780300.0,2.0,-1.3054,-4.822,-0.09356,-0.19,2.693,0.3785,0.0,0.0,128.0,752.0
780340.0,2.0,-2.2212,-17.298,-0.09836,-0.033,5.093,1.3835,0.0,0.0,128.0,751.0
780381.0,2.0,-2.7336,-15.973,-0.09499,0.2174,6.593,0.6719,0.0,0.0,128.0,746.0
780422.0,2.0,2.6891,-17.995,-0.08104,0.4858,6.139,1.1527,0.0,0.0,128.0,733.0
780463.0,2.0,2.327,-11.191,-0.05719,0.6859,3.682,0.1056,0.0,0.0,128.0,729.0
780503.0,2.0,2.0755,-8.649,-0.02794,0.784,1.282,0.0442,0.0,0.0,128.0,739.0
780543.0,2.0,2.0064,-3.374,0.00319,0.7861,-1.118,-0.3266,0.0,0.0,128.0,761.0
780584.0,2.0,1.9819,-1.042,0.0333,0.6886,-3.578,-0.3758,0.0,0.0,128.0,760.0
780624.0,2.0,2.0463,1.138,0.05719,0.5222,-3.54,-0.4396,0.0,0.0,128.0,767.0
780665.0,2.0,2.2105,3.507,0.07609,0.4287,-1.08,-0.5136,0.0,0.0,128.0,746.0
780707.0,5.0,2.3685,2.833,0.09364,0.4332,0.48,-0.6377,0.0,0.0,128.0,801.0
780748.0,5.0,2.8823,10.99,0.11085,0.4012,-1.98,-0.6377,0.0,0.0,128.0,696.0
780788.0,5.0,-3.0618,8.715,0.1245,0.2728,-4.38,-0.6377,0.0,0.0,128.0,710.0
780829.0,5.0,-2.7658,7.245,0.13181,0.0942,-3.347,-0.6377,0.0,0.0,128.0,666.0
780869.0,5.0,-2.3608,8.937,0.13358,0.0088,-1.008,-0.6377,0.0,0.0,128.0,672.0
780909.0,6.0,-2.1905,5.548,0.13354,-0.0163,-1.374,-0.6377,0.0,0.0,128.0,710.0
780949.0,6.0,-2.3025,-0.732,0.13178,-0.0762,-1.5,-0.6377,0.0,0.0,128.0,717.0
780989.0,2.0,-2.3731,-1.038,0.12754,-0.1501,-2.76,-0.6697,0.0,0.0,128.0,746.0
781030.0,2.0,-2.574,-4.825,0.11857,-0.3149,-5.22,-0.7034,0.0,0.0,128.0,757.0
781071.0,2.0,-2.9943,-9.038,0.10118,-0.5576,-5.392,-0.4647,0.0,0.0,128.0,745.0
781112.0,2.0,2.887,-10.444,0.07508,-0.7273,-2.947,-0.2728,0.0,0.0,128.0,733.0
781152.0,2.0,2.5725,-9.128,0.04478,-0.7966,-0.605,-0.2754,0.0,0.0,128.0,758.0
781193.0,2.0,2.1767,-9.127,0.01249,-0.8,0.0,-0.0268,0.0,0.0,128.0,745.0
781233.0,2.0,2.0509,-4.572,-0.01898,-0.8,0.0,-0.3194,0.0,0.0,128.0,738.0
781274.0,5.0,1.9451,-2.97,-0.05048,-0.7953,0.72,-0.3379,0.0,0.0,128.0,689.0
781314.0,5.0,1.9972,0.345,-0.08138,-0.7141,3.18,-0.3379,0.0,0.0,128.0,695.0
781354.0,5.0,2.1767,3.625,-0.10643,-0.5377,5.58,-0.3379,0.0,0.0,128.0,662.0
781394.0,5.0,2.4513,6.162,-0.12285,-0.2858,5.82,-0.3379,0.0,0.0,128.0,666.0
781434.0,5.0,2.7213,6.521,-0.13031,-0.1014,3.481,-0.3379,0.0,0.0,128.0,669.0
781475.0,5.0,-2.8501,14.255,-0.13226,-0.011,1.143,-0.3379,0.0,0.0,128.0,668.0
781515.0,6.0,-2.1798,14.988,-0.13223,0.0154,1.336,-0.3379,0.0,0.0,128.0,702.0
781555.0,6.0,-1.7963,10.144,-0.1305,0.0752,1.5,-0.3379,0.0,0.0,128.0,704.0
781596.0,2.0,-1.4849,7.877,-0.12585,0.1745,3.6,0.4566,0.0,0.0,128.0,741.0
781636.0,2.0,-1.2916,5.05,-0.11561,0.3674,5.76,0.5021,0.0,0.0,128.0,728.0
781677.0,2.0,-1.2778,1.12,-0.09608,0.6016,4.878,0.3065,0.0,0.0,128.0,728.0
781717.0,2.0,-1.33,-0.308,-0.0693,0.7478,2.496,0.2654,0.0,0.0,128.0,718.0
781757.0,2.0,-1.5815,-4.06,-0.03859,0.7993,0.142,0.1686,0.0,0.0,128.0,728.0
781797.0,2.0,-1.8669,-7.281,-0.00742,0.7707,-1.844,0.0711,0.0,0.0,128.0,773.0
781838.0,2.0,-2.5433,-14.558,0.02153,0.6434,-4.304,0.5224,0.0,0.0,128.0,767.0
781878.0,2.0,3.1278,-15.994,0.04294,0.4221,-6.704,0.6172,0.0,0.0,128.0,764.0
781919.0,2.0,2.4099,-16.631,0.05468,0.167,-5.084,1.0166,0.0,0.0,128.0,745.0
781960.0,2.0,1.8975,-13.352,0.05768,-0.0226,-4.858,0.8401,0.0,0.0,128.0,730.0
782001.0,2.0,1.4159,-11.823,0.05299,-0.2105,-4.319,1.0742,0.0,0.0,128.0,703.0
782041.0,2.0,1.1137,-8.195,0.04189,-0.3422,-2.21,0.8857,0.0,0.0,128.0,715.0
782081.0,2.0,0.925,-5.128,0.02734,-0.3814,0.19,0.7702,0.0,0.0,128.0,737.0
782122.0,2.0,0.4755,-9.698,0.01163,-0.4154,-2.022,1.5026,0.0,0.0,128.0,734.0
782162.0,3.0,0.5844,0.018,-0.00623,-0.479,-0.488,0.834,0.0,0.0,128.0,717.0
782203.0,3.0,0.6811,1.928,-0.02531,-0.4474,1.972,0.8004,0.0,0.0,128.0,713.0
782243.0,3.0,0.7026,0.911,-0.04084,-0.3193,4.372,0.7684,0.0,0.0,128.0,722.0
782283.0,2.0,1.0615,7.323,-0.04969,-0.1284,4.012,0.8371,0.0,0.0,128.0,730.0
782323.0,2.0,1.2839,6.325,-0.05231,-0.0171,1.612,0.5406,0.0,0.0,128.0,738.0
782364.0,2.0,1.6981,9.277,-0.05126,0.0883,3.75,0.4213,0.0,0.0,128.0,733.0
782404.0,2.0,2.1169,10.689,-0.04433,0.2875,6.15,0.1726,0.0,0.0,128.0,741.0
782445.0,2.0,2.844,15.926,-0.02749,0.5482,5.49,0.6717,0.0,0.0,128.0,744.0
782485.0,2.0,-2.5663,20.526,-0.00233,0.7186,3.09,1.8047,0.0,0.0,128.0,744.0
782526.0,2.0,-1.6751,21.861,0.02854,0.7936,0.63,2.7815,0.0,0.0,128.0,738.0
782567.0,5.0,-1.2839,13.94,0.05985,0.7818,-1.41,4.6989,0.0,0.0,128.0,683.0
782607.0,5.0,-0.6826,14.271,0.08963,0.6723,-3.87,4.6989,0.0,0.0,128.0,655.0
782647.0,5.0,-0.5047,6.082,0.11258,0.4683,-6.27,4.6989,0.0,0.0,128.0,686.0
782687.0,5.0,-0.4004,3.208,0.12611,0.2218,-5.148,4.6989,0.0,0.0,128.0,682.0
782728.0,5.0,0.224,12.072,0.13151,0.065,-2.748,4.6989,0.0,0.0,128.0,658.0
782768.0,5.0,0.902,16.155,0.13256,0.002,-0.475,4.6989,0.0,0.0,128.0,661.0
782808.0,6.0,1.4972,14.716,0.13226,-0.0327,-1.5,4.6989,0.0,0.0,128.0,707.0
782854.0,2.0,2.3178,17.568,0.12923,-0.1044,-2.04,1.2948,0.0,0.0,128.0,803.0
782894.0,2.0,3.0603,19.331,0.12296,-0.2352,-4.44,1.3645,0.0,0.0,128.0,733.0
782935.0,2.0,-2.281,20.882,0.1092,-0.4672,-6.32,2.113,0.0,0.0,128.0,751.0
782976.0,2.0,-1.5969,17.61,0.08595,-0.6747,-3.863,2.1151,0.0,0.0,128.0,712.0
783016.0,2.0,-1.0569,13.767,0.05704,-0.7807,-1.484,1.7139,0.0,0.0,128.0,724.0
783056.0,2.0,-0.8023,8.816,0.02573,-0.7966,0.605,1.2054,0.0,0.0,128.0,748.0
783096.0,2.0,-0.7578,3.215,-0.00525,-0.7776,0.739,0.8147,0.0,0.0,128.0,750.0
783137.0,2.0,-0.879,-1.646,-0.03533,-0.6962,3.184,0.6989,0.0,0.0,128.0,731.0
783177.0,2.0,-0.9265,-1.767,-0.05966,-0.5197,5.584,0.5945,0.0,0.0,128.0,753.0
783217.0,2.0,-0.8529,1.443,-0.07564,-0.2906,5.498,0.6794,0.0,0.0,128.0,760.0
783258.0,2.0,-0.925,-0.933,-0.08235,-0.0169,7.533,0.6006,0.0,0.0,128.0,738.0
783299.0,2.0,-1.5386,-11.672,-0.07654,0.3156,7.528,0.9173,0.0,0.0,128.0,712.0
783339.0,2.0,-2.0249,-11.702,-0.05899,0.5675,5.128,0.4475,0.0,0.0,128.0,737.0
783379.0,2.0,-2.936,-20.509,-0.0333,0.7268,2.956,1.6818,0.0,0.0,128.0,758.0
783420.0,2.0,2.6415,-18.752,-0.00229,0.7967,0.505,1.3494,0.0,0.0,128.0,745.0
783460.0,2.0,2.1859,-13.197,0.02891,0.7725,-1.775,0.5144,0.0,0.0,128.0,759.0
783501.0,2.0,1.8438,-9.505,0.05798,0.6481,-4.235,0.3149,0.0,0.0,128.0,764.0
783542.0,2.0,1.534,-7.956,0.08003,0.4248,-6.086,0.472,0.0,0.0,128.0,745.0
783583.0,2.0,1.4189,-3.882,0.09248,0.1869,-5.864,0.2715,0.0,0.0,128.0,744.0
783624.0,2.0,1.3959,-1.151,0.09514,-0.0715,-6.776,0.2011,0.0,0.0,128.0,735.0
783664.0,2.0,1.5202,2.397,0.08696,-0.3537,-6.809,0.0994,0.0,0.0,128.0,739.0
783705.0,2.0,1.83,6.369,0.06795,-0.5812,-4.349,0.0132,0.0,0.0,128.0,724.0
783745.0,2.0,2.1215,6.636,0.04234,-0.7059,-1.949,-0.2259,0.0,0.0,128.0,737.0
783785.0,2.0,2.7336,13.948,0.01369,-0.7347,0.451,0.321,0.0,0.0,128.0,758.0
783825.0,2.0,-3.0756,12.288,-0.01429,-0.6674,2.851,-0.0454,0.0,0.0,128.0,760.0
783865.0,2.0,-2.3623,16.265,-0.03814,-0.546,2.801,0.9915,0.0,0.0,128.0,773.0
783906.0,2.0,-1.8853,11.109,-0.05816,-0.4529,2.381,0.5481,0.0,0.0,128.0,744.0
783946.0,2.0,-1.2977,11.453,-0.07358,-0.3085,4.781,1.1537,0.0,0.0,128.0,752.0
783987.0,2.0,-1.0707,6.321,-0.08186,-0.1024,4.709,0.7263,0.0,0.0,128.0,743.0
784028.0,2.0,-1.014,3.085,-0.08224,0.0818,4.279,0.6126,0.0,0.0,128.0,744.0
784069.0,2.0,-1.0354,0.103,-0.07526,0.2788,5.372,0.5234,0.0,0.0,128.0,754.0
784109.0,2.0,-1.106,-1.383,-0.05993,0.5041,5.098,0.4602,0.0,0.0,128.0,730.0
784150.0,2.0,-1.4542,-6.777,-0.03574,0.6919,3.595,0.4383,0.0,0.0,128.0,741.0
784190.0,2.0,-1.8254,-9.694,-0.00638,0.7865,1.195,0.4072,0.0,0.0,128.0,748.0
784231.0,2.0,-2.3669,-12.107,0.02483,0.7851,-1.205,0.2072,0.0,0.0,128.0,782.0
784271.0,2.0,2.9667,-20.813,0.0549,0.6966,-1.985,1.7604,0.0,0.0,128.0,746.0
784311.0,2.0,2.4943,-14.815,0.08066,0.5908,-3.785,0.6457,0.0,0.0,128.0,774.0
784352.0,2.0,1.9129,-13.897,0.10076,0.3839,-6.245,0.9176,0.0,0.0,128.0,764.0
784393.0,2.0,1.4864,-11.393,0.11055,0.0762,-8.705,0.9381,0.0,0.0,128.0,756.0
784434.0,2.0,1.2272,-7.23,0.10714,-0.2388,-6.526,0.6921,0.0,0.0,128.0,718.0
784475.0,2.0,1.0937,-4.067,0.09289,-0.4547,-4.066,0.5852,0.0,0.0,128.0,734.0
784515.0,2.0,1.0017,-2.749,0.0723,-0.5874,-2.57,0.602,0.0,0.0,128.0,718.0
784555.0,2.0,1.1152,1.149,0.04706,-0.6963,-3.06,0.4911,0.0,0.0,128.0,737.0
784596.0,2.0,1.4603,6.624,0.01688,-0.7894,-1.111,0.4015,0.0,0.0,128.0,737.0
784636.0,2.0,1.7656,7.261,-0.01436,-0.7847,1.289,0.1477,0.0,0.0,128.0,766.0
784676.0,2.0,2.3746,13.018,-0.04361,-0.6839,3.689,0.3558,0.0,0.0,128.0,767.0
784717.0,2.0,2.9422,12.686,-0.06761,-0.481,6.149,0.0452,0.0,0.0,128.0,751.0
784757.0,2.0,-2.3347,24.065,-0.08138,-0.2111,6.149,2.9878,0.0,0.0,128.0,744.0
784798.0,2.0,-1.6874,17.005,-0.08565,-0.0107,3.689,1.7417,0.0,0.0,128.0,744.0
784839.0,2.0,-0.9311,17.457,-0.08246,0.1891,6.073,2.5936,0.0,0.0,128.0,726.0
784880.0,2.0,-0.6381,8.884,-0.06941,0.4677,6.311,1.332,0.0,0.0,128.0,732.0
784921.0,2.0,-0.4172,5.532,-0.04616,0.6752,3.861,1.1132,0.0,0.0,128.0,715.0
784961.0,2.0,-0.3068,4.353,-0.01721,0.7804,1.461,1.0857,0.0,0.0,128.0,717.0
785001.0,2.0,-0.3958,-0.371,0.01395,0.7896,-0.939,0.912,0.0,0.0,128.0,745.0
785042.0,2.0,-0.158,4.888,0.04433,0.6995,-3.399,1.1414,0.0,0.0,128.0,747.0
785082.0,3.0,-0.0982,2.357,0.06893,0.5503,-2.919,1.0303,0.0,0.0,128.0,716.0
785122.0,3.0,0.224,6.861,0.08906,0.4827,-0.519,1.2725,0.0,0.0,128.0,723.0
785163.0,5.0,0.5829,7.938,0.10755,0.4398,-2.259,1.2678,0.0,0.0,128.0,696.0
785203.0,5.0,1.0262,10.825,0.12289,0.298,-4.659,1.2678,0.0,0.0,128.0,660.0
785243.0,5.0,1.4987,11.301,0.13088,0.1123,-3.658,1.2678,0.0,0.0,128.0,673.0
785284.0,5.0,2.1721,15.458,0.13316,0.0135,-1.26,1.2678,0.0,0.0,128.0,668.0
785324.0,6.0,2.8839,16.921,0.13324,-0.0118,-1.171,1.2678,0.0,0.0,128.0,703.0
785364.0,6.0,-2.6277,21.254,0.13162,-0.0711,-1.5,1.2678,0.0,0.0,128.0,710.0
785404.0,2.0,-1.6414,22.557,0.12761,-0.1449,-2.76,3.1756,0.0,0.0,128.0,731.0
785445.0,2.0,-1.1259,13.874,0.11981,-0.2436,-2.94,1.6257,0.0,0.0,128.0,739.0
785485.0,2.0,-0.9004,7.607,0.10793,-0.3751,-4.297,0.9839,0.0,0.0,128.0,728.0
785526.0,2.0,-0.7793,3.826,0.08876,-0.5894,-5.025,0.8351,0.0,0.0,128.0,713.0
785566.0,2.0,-0.8268,-1.291,0.06244,-0.7415,-2.635,0.6702,0.0,0.0,128.0,724.0
785606.0,2.0,-0.4648,6.976,0.0318,-0.7989,-0.302,1.1892,0.0,0.0,128.0,730.0
785646.0,2.0,-0.2516,6.068,0.00079,-0.7618,2.098,1.2099,0.0,0.0,128.0,744.0
785687.0,3.0,-0.2823,0.567,-0.0279,-0.6627,1.635,0.9625,0.0,0.0,128.0,728.0
785727.0,3.0,-0.5016,-4.396,-0.05344,-0.6465,-0.765,0.9989,0.0,0.0,128.0,703.0
785768.0,5.0,-0.428,0.82,-0.07969,-0.6359,1.455,0.9793,0.0,0.0,128.0,688.0
785808.0,5.0,-0.6029,-3.065,-0.10298,-0.5285,3.855,0.9793,0.0,0.0,128.0,674.0
785848.0,5.0,-0.655,-1.757,-0.12026,-0.3251,6.246,0.9793,0.0,0.0,128.0,683.0
785889.0,5.0,-0.724,-1.339,-0.129,-0.1207,3.786,0.9793,0.0,0.0,128.0,661.0
785929.0,5.0,-0.8882,-3.141,-0.13151,-0.0178,1.447,0.9793,0.0,0.0,128.0,661.0
785969.0,6.0,-1.5892,-14.114,-0.13162,0.0083,0.981,0.9793,0.0,0.0,128.0,708.0
786010.0,6.0,-2.2365,-16.053,-0.13016,0.0678,1.5,0.9793,0.0,0.0,128.0,712.0
786050.0,2.0,3.1217,-21.975,-0.12581,0.1723,3.78,2.0538,0.0,0.0,128.0,732.0
786090.0,2.0,2.4452,-19.562,-0.1155,0.3727,6.18,1.713,0.0,0.0,128.0,737.0
786131.0,2.0,1.9512,-13.306,-0.09555,0.6104,4.68,0.7599,0.0,0.0,128.0,748.0
786172.0,2.0,1.6889,-8.248,-0.06784,0.7506,2.22,0.3415,0.0,0.0,128.0,736.0
786213.0,2.0,1.4665,-5.983,-0.03626,0.7997,0.102,0.3578,0.0,0.0,128.0,728.0
786254.0,2.0,1.3852,-3.022,-0.00398,0.7999,0.0,0.2692,0.0,0.0,128.0,726.0
786294.0,2.0,1.3867,-0.808,0.02704,0.7604,-2.148,0.2241,0.0,0.0,128.0,745.0
786334.0,2.0,1.603,4.236,0.05464,0.6253,-4.548,0.0949,0.0,0.0,128.0,769.0
786375.0,2.0,1.8561,5.546,0.07605,0.4356,-3.941,-0.0401,0.0,0.0,128.0,777.0
786415.0,2.0,2.3117,10.363,0.09079,0.3272,-1.541,-0.0018,0.0,0.0,128.0,762.0
786456.0,2.0,2.7059,9.022,0.10339,0.3087,0.536,-0.3957,0.0,0.0,128.0,732.0
786497.0,5.0,-3.0265,12.12,0.11618,0.311,-1.084,-0.2681,0.0,0.0,128.0,701.0
786537.0,5.0,-2.2872,19.953,0.12697,0.2184,-3.484,-0.2681,0.0,0.0,128.0,688.0
786578.0,5.0,-1.8607,12.566,0.13268,0.0665,-2.807,-0.2681,0.0,0.0,128.0,663.0
786618.0,5.0,-1.6644,7.47,0.13376,0.0023,-0.469,-0.2681,0.0,0.0,128.0,696.0
786658.0,6.0,-1.2977,9.221,0.13346,-0.0302,-1.5,-0.2681,0.0,0.0,128.0,710.0
786699.0,6.0,-1.5217,-1.815,0.13103,-0.0917,-1.5,-0.2681,0.0,0.0,128.0,701.0
786739.0,2.0,-1.6966,-4.036,0.126,-0.1796,-3.3,-0.0202,0.0,0.0,128.0,697.0
786779.0,2.0,-1.8822,-3.602,0.1158,-0.3608,-5.7,-0.1761,0.0,0.0,128.0,738.0
786820.0,2.0,-2.3669,-8.965,0.09641,-0.5997,-4.9,-0.2146,0.0,0.0,128.0,753.0
786861.0,2.0,3.0342,-18.72,0.06904,-0.7493,-2.458,1.228,0.0,0.0,128.0,731.0
786902.0,2.0,2.5663,-13.254,0.03746,-0.7995,-0.118,0.3111,0.0,0.0,128.0,749.0
786943.0,2.0,2.0218,-13.166,0.00518,-0.7999,0.0,0.704,0.0,0.0,128.0,752.0
786984.0,2.0,1.7411,-8.115,-0.027,-0.7997,0.141,0.2602,0.0,0.0,128.0,773.0
787025.0,2.0,1.4788,-7.312,-0.05846,-0.7423,2.601,0.4805,0.0,0.0,128.0,757.0
787066.0,2.0,1.4788,-1.146,-0.08561,-0.584,5.061,0.13,0.0,0.0,128.0,746.0
787107.0,2.0,1.3085,-2.669,-0.10444,-0.3248,7.521,0.329,0.0,0.0,128.0,732.0
787148.0,2.0,1.4726,2.695,-0.11104,0.0096,7.921,0.1514,0.0,0.0,128.0,738.0
787188.0,2.0,1.6858,4.832,-0.10459,0.3274,7.529,0.055,0.0,0.0,128.0,738.0
787228.0,2.0,2.0325,8.076,-0.08659,0.5796,5.141,-0.0414,0.0,0.0,128.0,746.0
787268.0,2.0,2.3255,7.301,-0.06045,0.7363,2.749,-0.3502,0.0,0.0,128.0,745.0
787309.0,2.0,3.0756,15.904,-0.02925,0.7983,0.409,0.6017,0.0,0.0,128.0,729.0
787349.0,2.0,-2.5663,15.998,0.00214,0.7904,-0.3,0.7917,0.0,0.0,128.0,766.0
787390.0,2.0,-2.0218,11.884,0.03322,0.7413,-1.025,0.4444,0.0,0.0,128.0,760.0
787431.0,2.0,-1.5524,12.634,0.06203,0.6838,-1.382,1.1909,0.0,0.0,128.0,753.0
787472.0,2.0,-1.2747,6.982,0.08783,0.5754,-3.842,0.6355,0.0,0.0,128.0,738.0
787512.0,2.0,-1.2778,1.217,0.10691,0.3726,-6.242,0.3113,0.0,0.0,128.0,758.0
787553.0,2.0,-1.3652,-1.498,0.11629,0.0653,-8.559,0.2019,0.0,0.0,128.0,733.0
787594.0,2.0,-1.3929,-0.836,0.11183,-0.289,-7.831,0.1919,0.0,0.0,128.0,716.0
787634.0,2.0,-1.5631,-3.509,0.0951,-0.5532,-5.442,0.0977,0.0,0.0,128.0,740.0
787674.0,2.0,-1.6966,-3.367,0.06979,-0.7219,-3.056,-0.058,0.0,0.0,128.0,758.0
787715.0,2.0,-2.2074,-8.554,0.03892,-0.7958,-0.605,-0.0403,0.0,0.0,128.0,753.0
787756.0,2.0,-3.0281,-19.483,0.00671,-0.7987,0.36,1.4143,0.0,0.0,128.0,767.0
787797.0,2.0,2.8271,-14.694,-0.0246,-0.7411,1.868,0.4661,0.0,0.0,128.0,757.0
787838.0,5.0,2.3025,-12.197,-0.05355,-0.7149,-0.112,0.1413,0.0,0.0,128.0,716.0
787878.0,5.0,1.988,-8.297,-0.0813,-0.6702,2.288,0.1413,0.0,0.0,128.0,689.0
787918.0,5.0,1.7303,-6.482,-0.10537,-0.5295,4.688,0.1413,0.0,0.0,128.0,674.0
787959.0,5.0,1.6137,-3.604,-0.12236,-0.2926,5.922,0.1413,0.0,0.0,128.0,680.0
787999.0,5.0,1.669,-0.21,-0.12998,-0.1049,3.522,0.1413,0.0,0.0,128.0,665.0
788040.0,5.0,1.8346,3.295,-0.13204,-0.011,1.123,0.1413,0.0,0.0,128.0,674.0
788080.0,6.0,2.0417,4.022,-0.13204,0.0134,1.248,0.1413,0.0,0.0,128.0,709.0
788120.0,6.0,2.5219,10.613,-0.13035,0.073,1.5,0.1413,0.0,0.0,128.0,716.0
788161.0,2.0,2.8962,9.879,-0.12578,0.1745,3.66,-0.368,0.0,0.0,128.0,728.0
788201.0,2.0,-2.5357,17.418,-0.11546,0.3701,6.06,1.0874,0.0,0.0,128.0,758.0
788242.0,2.0,-1.9297,16.632,-0.09608,0.5813,3.96,1.4964,0.0,0.0,128.0,753.0
788283.0,2.0,-1.3453,15.868,-0.06941,0.7346,2.7,1.9148,0.0,0.0,128.0,729.0
788323.0,2.0,-1.0845,7.446,-0.03896,0.798,0.45,0.8303,0.0,0.0,128.0,731.0
788364.0,2.0,-0.8805,4.959,-0.00668,0.7924,-0.918,0.8146,0.0,0.0,128.0,751.0
788404.0,2.0,-0.8882,1.015,0.02321,0.7065,-3.318,0.66,0.0,0.0,128.0,765.0
788445.0,2.0,-0.9833,-1.888,0.0492,0.5894,-2.895,0.5267,0.0,0.0,128.0,738.0
788485.0,2.0,-0.8314,3.072,0.06956,0.4244,-5.295,0.7513,0.0,0.0,128.0,746.0
788525.0,2.0,-0.9342,-1.251,0.08168,0.1752,-6.072,0.6231,0.0,0.0,128.0,746.0
788566.0,2.0,-1.2502,-6.933,0.08453,-0.0266,-4.274,0.6141,0.0,0.0,128.0,739.0
788606.0,2.0,-1.3162,-2.738,0.08044,-0.1885,-4.212,0.298,0.0,0.0,128.0,746.0
788647.0,2.0,-1.5723,-5.412,0.0696,-0.3504,-4.142,0.2179,0.0,0.0,128.0,731.0
788687.0,2.0,-2.2856,-14.989,0.05212,-0.5554,-5.417,0.8836,0.0,0.0,128.0,742.0
788727.0,2.0,-2.9805,-17.223,0.02674,-0.7229,-3.017,0.8949,0.0,0.0,128.0,744.0
788767.0,2.0,2.5648,-18.494,-0.00334,-0.7944,-0.617,1.3123,0.0,0.0,128.0,740.0
788807.0,2.0,2.0663,-13.575,-0.03446,-0.7713,1.574,0.6979,0.0,0.0,128.0,785.0
788848.0,2.0,1.5539,-12.556,-0.06364,-0.6551,4.034,1.0587,0.0,0.0,128.0,745.0
788888.0,2.0,1.2456,-8.834,-0.08573,-0.4445,6.434,0.8451,0.0,0.0,128.0,752.0
788929.0,2.0,0.6949,-13.109,-0.09787,-0.1434,7.094,1.8455,0.0,0.0,128.0,742.0
788969.0,2.0,0.4985,-7.046,-0.0987,0.0933,5.361,1.2161,0.0,0.0,128.0,739.0
789010.0,2.0,0.3804,-3.32,-0.09,0.3577,6.595,0.9928,0.0,0.0,128.0,724.0
789050.0,2.0,0.0322,-7.38,-0.07155,0.5723,4.195,1.3434,0.0,0.0,128.0,730.0
789091.0,2.0,-0.5614,-13.645,-0.04575,0.6927,1.735,2.0232,0.0,0.0,128.0,738.0
789131.0,2.0,-0.7164,-6.581,-0.01781,0.7151,-0.062,1.0072,0.0,0.0,128.0,743.0
789171.0,2.0,-0.9649,-6.353,0.01031,0.7079,-0.818,0.8228,0.0,0.0,128.0,767.0
789212.0,2.0,-1.623,-13.317,0.03799,0.6471,-2.628,1.1908,0.0,0.0,128.0,752.0
789253.0,2.0,-2.3178,-18.089,0.06199,0.5344,-2.869,1.398,0.0,0.0,128.0,780.0
789293.0,2.0,2.8179,-25.581,0.08145,0.4689,-0.469,3.196,0.0,0.0,128.0,780.0
789334.0,5.0,2.0831,-20.251,0.10035,0.4623,-1.009,2.804,0.0,0.0,128.0,687.0
789374.0,5.0,1.4834,-15.857,0.11715,0.3727,-3.409,2.804,0.0,0.0,128.0,652.0
789414.0,5.0,1.063,-11.848,0.12863,0.1919,-4.796,2.804,0.0,0.0,128.0,660.0
789455.0,5.0,0.6995,-9.575,0.13316,0.0493,-2.396,2.804,0.0,0.0,128.0,666.0
789495.0,5.0,0.339,-8.674,0.13384,0.0003,-0.123,2.804,0.0,0.0,128.0,667.0
789535.0,6.0,-0.1841,-11.537,0.1332,-0.0425,-1.5,2.804,0.0,0.0,128.0,697.0
789576.0,6.0,-0.1856,-2.594,0.13039,-0.1025,-1.5,2.804,0.0,0.0,128.0,715.0
789616.0,2.0,-0.3191,-3.172,0.1245,-0.2085,-3.78,1.016,0.0,0.0,128.0,730.0
789657.0,2.0,-0.6535,-7.334,0.1128,-0.4089,-6.18,1.1385,0.0,0.0,128.0,709.0
789697.0,2.0,-0.747,-3.348,0.0915,-0.6366,-4.424,0.7812,0.0,0.0,128.0,707.0
789737.0,2.0,-0.8422,-2.334,0.06371,-0.7646,-2.05,0.6983,0.0,0.0,128.0,722.0
789777.0,2.0,-1.0907,-5.305,0.03266,-0.7974,0.35,0.6617,0.0,0.0,128.0,750.0
789817.0,2.0,-1.172,-3.388,0.00218,-0.7342,2.75,0.4261,0.0,0.0,128.0,745.0
789858.0,2.0,-1.4711,-5.455,-0.02494,-0.5986,4.143,0.375,0.0,0.0,128.0,747.0
789898.0,2.0,-2.1292,-15.448,-0.0453,-0.4321,4.406,0.9422,0.0,0.0,128.0,774.0
789939.0,2.0,-2.9575,-19.767,-0.05959,-0.2643,4.935,1.4782,0.0,0.0,128.0,757.0
789979.0,2.0,2.8118,-13.801,-0.06619,-0.0772,3.615,0.2507,0.0,0.0,128.0,751.0
790020.0,2.0,2.37,-10.364,-0.0663,0.084,3.795,0.0188,0.0,0.0,128.0,738.0
790061.0,2.0,2.0387,-7.695,-0.06053,0.1879,1.335,-0.0609,0.0,0.0,128.0,723.0
790101.0,2.0,1.8346,-5.521,-0.05276,0.1921,-1.065,-0.0505,0.0,0.0,128.0,747.0
790141.0,2.0,1.7365,-3.129,-0.04538,0.1986,1.331,-0.0777,0.0,0.0,128.0,732.0
790182.0,2.0,1.8408,1.397,-0.03578,0.2949,3.497,-0.2376,0.0,0.0,128.0,743.0
790222.0,2.0,2.097,5.283,-0.02093,0.484,5.897,-0.3081,0.0,0.0,128.0,744.0
790263.0,5.0,2.4283,7.863,0.00206,0.6706,3.497,-0.3085,0.0,0.0,128.0,681.0
790303.0,5.0,2.7918,8.026,0.03131,0.7624,1.037,-0.3085,0.0,0.0,128.0,679.0
790343.0,5.0,-2.798,15.363,0.06161,0.7546,-1.363,-0.3085,0.0,0.0,128.0,668.0
790383.0,5.0,-2.1859,15.665,0.08978,0.6509,-3.763,-0.3085,0.0,0.0,128.0,668.0
790424.0,5.0,-1.9098,10.487,0.11194,0.4512,-6.163,-0.3085,0.0,0.0,128.0,676.0
790464.0,5.0,-1.7733,5.108,0.12488,0.2106,-5.024,-0.3085,0.0,0.0,128.0,677.0
790504.0,5.0,-1.7043,2.623,0.13001,0.0563,-2.564,-0.3085,0.0,0.0,128.0,663.0
790544.0,5.0,-1.715,0.41,0.13088,0.0008,-0.289,-0.3085,0.0,0.0,128.0,660.0
790584.0,6.0,-1.9175,-3.922,0.13043,-0.0358,-1.5,-0.3085,0.0,0.0,128.0,715.0
790625.0,2.0,-2.4743,-11.005,0.1275,-0.1271,-3.36,0.0285,0.0,0.0,128.0,746.0
790666.0,2.0,-3.0618,-14.313,0.11899,-0.3165,-5.82,0.2967,0.0,0.0,128.0,723.0
790707.0,2.0,2.7105,-13.792,0.10118,-0.5675,-5.282,0.3002,0.0,0.0,128.0,731.0
790747.0,2.0,2.1752,-13.315,0.07541,-0.7298,-2.889,0.5669,0.0,0.0,128.0,746.0
790787.0,2.0,1.8009,-10.767,0.04507,-0.797,-0.525,0.5225,0.0,0.0,128.0,751.0
790827.0,2.0,1.514,-7.975,0.01365,-0.7961,0.65,0.4816,0.0,0.0,128.0,764.0
790868.0,2.0,1.3407,-4.905,-0.01733,-0.7178,3.11,0.4027,0.0,0.0,128.0,759.0
790909.0,2.0,1.1428,-5.406,-0.04312,-0.5386,5.57,0.6065,0.0,0.0,128.0,743.0
790950.0,2.0,1.2149,0.197,-0.05978,-0.2708,6.374,0.3841,0.0,0.0,128.0,753.0
790990.0,2.0,1.3453,2.982,-0.06622,-0.0651,3.974,0.274,0.0,0.0,128.0,753.0
791030.0,2.0,1.4818,3.739,-0.06574,0.0933,3.931,0.1834,0.0,0.0,128.0,732.0
791071.0,2.0,1.8669,8.146,-0.05824,0.3025,6.301,0.1325,0.0,0.0,128.0,740.0
791111.0,2.0,2.1737,8.613,-0.04129,0.5557,5.413,-0.1499,0.0,0.0,128.0,736.0
791151.0,2.0,2.8854,14.895,-0.0159,0.7233,3.022,0.4515,0.0,0.0,128.0,765.0
791192.0,2.0,-2.597,16.479,0.01504,0.7955,0.562,0.8245,0.0,0.0,128.0,752.0
791232.0,2.0,-1.8423,19.897,0.04642,0.7893,-0.758,2.1628,0.0,0.0,128.0,764.0
791273.0,5.0,-1.4067,15.135,0.07699,0.7183,-2.378,2.5875,0.0,0.0,128.0,694.0
791313.0,5.0,-1.1566,7.341,0.10286,0.574,-4.778,2.5875,0.0,0.0,128.0,675.0
791354.0,5.0,-1.0569,3.606,0.1212,0.337,-6.338,2.5875,0.0,0.0,128.0,666.0
791394.0,5.0,-1.0032,1.599,0.13027,0.1327,-3.938,2.5875,0.0,0.0,128.0,668.0
791434.0,5.0,-0.7854,4.627,0.13313,0.0208,-1.539,2.5875,0.0,0.0,128.0,659.0
791474.0,6.0,-0.7609,1.597,0.13328,-0.0053,-0.775,2.5875,0.0,0.0,128.0,703.0
791515.0,6.0,-0.971,-3.899,0.132,-0.0628,-1.5,2.5875,0.0,0.0,128.0,708.0
791555.0,2.0,-1.0523,-3.009,0.12836,-0.13,-2.4,0.5074,0.0,0.0,128.0,715.0
791595.0,2.0,-1.1321,-1.631,0.12079,-0.2752,-4.8,0.4587,0.0,0.0,128.0,725.0
791635.0,2.0,-1.3821,-5.52,0.10582,-0.4913,-5.118,0.3825,0.0,0.0,128.0,731.0
791676.0,2.0,-1.7196,-6.687,0.08205,-0.6831,-3.743,0.1872,0.0,0.0,128.0,752.0
791717.0,2.0,-2.6584,-19.818,0.0522,-0.7849,-1.283,1.5767,0.0,0.0,128.0,751.0
791758.0,2.0,3.0158,-15.943,0.0201,-0.799,-0.263,0.624,0.0,0.0,128.0,741.0
791798.0,2.0,2.2565,-17.084,-0.01121,-0.7789,1.56,1.2455,0.0,0.0,128.0,768.0
791839.0,2.0,1.7948,-13.048,-0.04095,-0.6848,2.94,0.9058,0.0,0.0,128.0,752.0
791880.0,2.0,1.4619,-8.865,-0.06555,-0.5126,5.4,0.6228,0.0,0.0,128.0,751.0
791921.0,2.0,1.1766,-6.718,-0.08126,-0.2396,7.86,0.6549,0.0,0.0,128.0,745.0
791961.0,2.0,0.9081,-7.277,-0.08483,0.0551,6.482,1.0043,0.0,0.0,128.0,731.0
792002.0,2.0,0.9127,-0.874,-0.07684,0.3513,6.744,0.6209,0.0,0.0,128.0,724.0
792043.0,2.0,0.6335,-5.114,-0.05783,0.5876,4.967,0.9291,0.0,0.0,128.0,717.0
792086.0,3.0,0.5921,-1.898,-0.02948,0.7449,2.507,0.8456,0.0,0.0,128.0,731.0
792126.0,3.0,0.747,3.054,0.00131,0.7989,0.347,0.7926,0.0,0.0,128.0,687.0
792166.0,3.0,0.7179,0.135,0.03293,0.7999,0.0,0.7533,0.0,0.0,128.0,701.0
792206.0,5.0,0.8713,2.593,0.06424,0.772,-1.8,0.7802,0.0,0.0,128.0,689.0
792247.0,5.0,1.2793,8.009,0.09334,0.6466,-4.26,0.7802,0.0,0.0,128.0,680.0
792287.0,5.0,1.6368,8.328,0.11494,0.427,-6.66,0.7802,0.0,0.0,128.0,681.0
792327.0,5.0,2.2212,12.895,0.12694,0.1913,-4.74,0.7802,0.0,0.0,128.0,667.0
792367.0,5.0,2.6461,11.512,0.13148,0.0489,-2.4,0.7802,0.0,0.0,128.0,675.0
792408.0,5.0,-2.7612,18.354,0.13215,0.0003,-0.13,0.7802,0.0,0.0,128.0,682.0
792448.0,6.0,-1.9251,20.963,0.13155,-0.0422,-1.5,0.7802,0.0,0.0,128.0,704.0
792488.0,2.0,-1.537,12.876,0.1287,-0.1094,-2.4,1.1157,0.0,0.0,128.0,747.0
792528.0,2.0,-1.2686,8.02,0.12191,-0.2546,-4.8,0.7862,0.0,0.0,128.0,732.0
792569.0,2.0,-1.2272,2.519,0.10714,-0.4952,-5.94,0.439,0.0,0.0,128.0,718.0
792609.0,2.0,-1.3499,-2.479,0.08363,-0.6875,-3.671,0.2402,0.0,0.0,128.0,751.0
792650.0,2.0,-1.2717,0.895,0.05363,-0.7869,-1.238,0.2995,0.0,0.0,128.0,741.0
792690.0,2.0,-1.356,-1.278,0.02228,-0.7986,0.375,0.244,0.0,0.0,128.0,761.0
792731.0,2.0,-1.5647,-3.607,-0.00904,-0.7426,2.227,0.1977,0.0,0.0,128.0,765.0
792772.0,2.0,-2.1568,-15.081,-0.03683,-0.6375,2.526,0.8778,0.0,0.0,128.0,744.0
792812.0,2.0,-2.5403,-11.521,-0.05989,-0.5285,2.534,-0.044,0.0,0.0,128.0,761.0
792853.0,2.0,-3.0772,-9.561,-0.07984,-0.4761,0.081,-0.4212,0.0,0.0,128.0,761.0
792893.0,2.0,2.551,-14.656,-0.0987,-0.4733,1.041,0.5849,0.0,0.0,128.0,766.0
792934.0,5.0,2.1752,-9.79,-0.11633,-0.3827,3.377,0.0183,0.0,0.0,128.0,654.0
792974.0,5.0,1.9205,-6.686,-0.12821,-0.2019,4.92,0.0183,0.0,0.0,128.0,668.0
793014.0,5.0,1.8853,-2.103,-0.13305,-0.0543,2.52,0.0183,0.0,0.0,128.0,666.0
793054.0,5.0,1.8991,0.529,-0.13387,-0.0007,0.248,0.0183,0.0,0.0,128.0,661.0
793095.0,6.0,2.0555,2.954,-0.13335,0.0396,1.5,0.0183,0.0,0.0,128.0,718.0
793135.0,6.0,2.1522,3.102,-0.13065,0.0996,1.5,0.0183,0.0,0.0,128.0,717.0
793176.0,2.0,2.729,11.094,-0.12503,0.1989,3.6,-0.1291,0.0,0.0,128.0,744.0
793217.0,2.0,-2.9836,13.245,-0.1134,0.3981,6.06,0.1138,0.0,0.0,128.0,752.0
793258.0,2.0,-2.4452,15.318,-0.09255,0.6289,4.532,0.7509,0.0,0.0,128.0,750.0
793299.0,2.0,-1.6168,16.297,-0.06424,0.7631,2.073,1.4283,0.0,0.0,128.0,731.0
793340.0,2.0,-1.4005,10.239,-0.03244,0.7999,0.0,0.8369,0.0,0.0,128.0,736.0
793380.0,2.0,-1.04,9.881,-0.00135,0.7752,-0.334,1.1402,0.0,0.0,128.0,758.0
793421.0,2.0,-0.9587,3.403,0.02914,0.7189,-2.563,0.6567,0.0,0.0,128.0,737.0
793461.0,2.0,-1.1566,-2.217,0.05483,0.5698,-4.237,0.5026,0.0,0.0,128.0,753.0
793501.0,2.0,-1.0646,0.21,0.07436,0.4104,-4.834,0.4374,0.0,0.0,128.0,761.0
793541.0,2.0,-1.0968,0.06,0.08618,0.1679,-7.234,0.4781,0.0,0.0,128.0,770.0
793582.0,2.0,-1.2931,-3.913,0.08779,-0.078,-4.796,0.3836,0.0,0.0,128.0,721.0
793622.0,2.0,-1.557,-5.97,0.0813,-0.2656,-5.481,0.2434,0.0,0.0,128.0,720.0
793662.0,2.0,-2.0586,-11.855,0.06634,-0.5061,-5.907,0.4752,0.0,0.0,128.0,732.0
793702.0,2.0,-2.8072,-19.464,0.04253,-0.6947,-3.549,1.4894,0.0,0.0,128.0,745.0
793743.0,2.0,2.7105,-19.347,0.01234,-0.7885,-1.089,1.456,0.0,0.0,128.0,751.0
793784.0,2.0,2.1276,-16.963,-0.0198,-0.7946,0.771,1.3032,0.0,0.0,128.0,740.0
793824.0,2.0,1.7027,-12.003,-0.04988,-0.7146,3.171,0.7864,0.0,0.0,128.0,763.0
793865.0,2.0,1.3407,-9.705,-0.07545,-0.5329,5.631,0.8673,0.0,0.0,128.0,750.0
793906.0,2.0,1.0523,-6.469,-0.0918,-0.2504,8.091,0.7248,0.0,0.0,128.0,753.0
793947.0,2.0,0.6688,-9.022,-0.09566,0.0502,6.154,1.349,0.0,0.0,128.0,697.0
793987.0,2.0,0.6305,-2.167,-0.08869,0.3253,7.394,0.8335,0.0,0.0,128.0,720.0
794027.0,3.0,0.247,-7.419,-0.07084,0.5736,5.04,1.3175,0.0,0.0,128.0,708.0
794068.0,3.0,-0.0966,-8.673,-0.04425,0.7286,2.58,1.4707,0.0,0.0,128.0,716.0
794108.0,3.0,-0.1457,-2.039,-0.01414,0.7826,0.18,1.0157,0.0,0.0,128.0,710.0
794149.0,3.0,-0.4464,-6.298,0.01699,0.7383,-2.28,1.148,0.0,0.0,128.0,727.0
794189.0,3.0,-0.7455,-7.287,0.04373,0.5979,-4.68,1.0703,0.0,0.0,128.0,708.0
794229.0,2.0,-1.1443,-9.228,0.06334,0.3849,-5.474,0.9512,0.0,0.0,128.0,738.0
794269.0,2.0,-1.3039,-5.983,0.07481,0.2043,-3.931,0.4283,0.0,0.0,128.0,744.0
794309.0,2.0,-1.9865,-13.365,0.07946,0.012,-5.924,0.7951,0.0,0.0,128.0,750.0
794350.0,2.0,-2.9821,-23.097,0.07556,-0.1963,-3.893,2.376,0.0,0.0,128.0,738.0
794391.0,2.0,2.4222,-20.88,0.06518,-0.3042,-1.433,2.0126,0.0,0.0,128.0,746.0
794432.0,2.0,1.8669,-14.839,0.05239,-0.3179,-0.173,1.1469,0.0,0.0,128.0,736.0
794473.0,2.0,1.2517,-14.848,0.03874,-0.3766,-2.633,1.7516,0.0,0.0,128.0,739.0
794513.0,2.0,0.8391,-11.166,0.0213,-0.5286,-4.417,1.4706,0.0,0.0,128.0,727.0
794554.0,2.0,0.5783,-7.335,-0.00293,-0.661,-2.032,1.1921,0.0,0.0,128.0,749.0
794596.0,5.0,-0.0123,-13.292,-0.03146,-0.7185,-1.639,2.1215,0.0,0.0,128.0,780.0
794636.0,5.0,-0.1335,-5.438,-0.06034,-0.7349,0.761,2.1215,0.0,0.0,128.0,667.0
794676.0,5.0,-0.2485,-3.069,-0.08813,-0.6553,3.161,2.1215,0.0,0.0,128.0,683.0
794717.0,5.0,-0.5262,-5.884,-0.11138,-0.474,5.621,2.1215,0.0,0.0,128.0,675.0
794757.0,5.0,-0.767,-6.51,-0.12536,-0.2331,5.261,2.1215,0.0,0.0,128.0,654.0
794797.0,5.0,-0.9357,-3.446,-0.13114,-0.0713,2.921,2.1215,0.0,0.0,128.0,661.0
794837.0,5.0,-1.6981,-16.138,-0.13234,-0.0031,0.582,2.1215,0.0,0.0,128.0,674.0
794877.0,6.0,-2.3424,-16.81,-0.13207,0.0267,1.5,2.1215,0.0,0.0,128.0,717.0
794923.0,2.0,2.7305,-24.617,-0.12945,0.0959,1.92,2.928,0.0,0.0,128.0,744.0
794963.0,2.0,2.097,-18.094,-0.12334,0.2263,4.38,1.6141,0.0,0.0,128.0,743.0
795004.0,2.0,1.6107,-13.091,-0.11006,0.4564,6.421,1.0698,0.0,0.0,128.0,751.0
795044.0,2.0,1.2609,-9.461,-0.08783,0.6643,4.03,0.8944,0.0,0.0,128.0,725.0
795085.0,2.0,0.9925,-6.945,-0.05843,0.7779,1.57,0.861,0.0,0.0,128.0,737.0
795126.0,2.0,0.4479,-12.026,-0.02633,0.7938,-0.792,1.8291,0.0,0.0,128.0,755.0
795167.0,3.0,0.4403,-2.216,0.0045,0.7277,-1.232,0.9344,0.0,0.0,128.0,744.0
795207.0,3.0,0.4341,-0.763,0.03293,0.7276,1.168,0.9109,0.0,0.0,128.0,688.0
795247.0,5.0,0.2746,-3.548,0.06206,0.7346,-0.992,0.9175,0.0,0.0,128.0,668.0
795288.0,5.0,0.4694,3.316,0.08966,0.6458,-3.392,0.9175,0.0,0.0,128.0,675.0
795328.0,5.0,0.7409,5.853,0.11239,0.4551,-5.852,0.9175,0.0,0.0,128.0,683.0
795368.0,5.0,1.0815,8.109,0.12559,0.2154,-5.075,0.9175,0.0,0.0,128.0,653.0
795408.0,5.0,1.5278,11.096,0.1308,0.0616,-2.675,0.9175,0.0,0.0,128.0,655.0
795448.0,5.0,2.1522,14.181,0.13178,0.0015,-0.4,0.9175,0.0,0.0,128.0,674.0
795489.0,6.0,2.8241,16.413,0.13144,-0.034,-1.5,0.9175,0.0,0.0,128.0,711.0
795529.0,2.0,-2.5817,21.378,0.12893,-0.0994,-2.28,2.0365,0.0,0.0,128.0,717.0
795570.0,2.0,-1.7257,24.332,0.1224,-0.2446,-4.74,3.6197,0.0,0.0,128.0,758.0
795610.0,2.0,-1.5064,9.755,0.10916,-0.4309,-4.86,0.7434,0.0,0.0,128.0,752.0
795651.0,2.0,-1.037,10.754,0.08745,-0.6431,-4.33,1.2917,0.0,0.0,128.0,737.0
795692.0,2.0,-1.0232,2.812,0.05869,-0.7695,-1.887,0.5983,0.0,0.0,128.0,738.0
795732.0,2.0,-1.0861,-1.556,0.0276,-0.7974,0.464,0.4514,0.0,0.0,128.0,753.0
795773.0,2.0,-0.9956,1.839,-0.00409,-0.7774,0.265,0.5559,0.0,0.0,128.0,759.0
795814.0,2.0,-1.0048,0.375,-0.03461,-0.7181,2.639,0.5452,0.0,0.0,128.0,747.0
795854.0,2.0,-1.1674,-2.475,-0.06026,-0.5633,5.039,0.4673,0.0,0.0,128.0,765.0
795895.0,2.0,-1.3898,-4.599,-0.07826,-0.3051,7.499,0.3511,0.0,0.0,128.0,738.0
795936.0,2.0,-2.0279,-13.396,-0.08445,-0.0012,6.621,0.6361,0.0,0.0,128.0,760.0
795977.0,2.0,-2.8563,-18.96,-0.07984,0.2229,5.121,1.3248,0.0,0.0,128.0,733.0
796017.0,2.0,3.0081,-14.89,-0.06698,0.4282,4.161,0.4267,0.0,0.0,128.0,737.0
796058.0,2.0,2.485,-13.378,-0.04703,0.5471,1.701,0.3473,0.0,0.0,128.0,758.0
796099.0,2.0,2.2841,-6.963,-0.02423,0.5652,-0.759,-0.3014,0.0,0.0,128.0,765.0
796140.0,2.0,2.0433,-5.28,-0.0027,0.4824,-3.219,-0.2773,0.0,0.0,128.0,758.0
796181.0,2.0,1.9282,-3.545,0.0135,0.2987,-5.679,-0.2476,0.0,0.0,128.0,758.0
796222.0,2.0,1.9742,0.135,0.02104,0.0815,-4.179,-0.3696,0.0,0.0,128.0,765.0
796263.0,2.0,2.1,2.634,0.02164,-0.0382,-1.719,-0.4536,0.0,0.0,128.0,732.0
796303.0,2.0,2.3148,4.811,0.01946,-0.0577,0.681,-0.5253,0.0,0.0,128.0,738.0
796343.0,2.0,2.5326,5.669,0.0183,0.0187,3.081,-0.6342,0.0,0.0,128.0,743.0
796384.0,2.0,3.117,11.709,0.0222,0.1967,5.541,-0.1289,0.0,0.0,128.0,751.0
796424.0,2.0,-2.6246,13.434,0.03379,0.3884,4.098,0.2558,0.0,0.0,128.0,751.0
796465.0,2.0,-1.9834,14.203,0.05205,0.5048,1.638,0.79,0.0,0.0,128.0,731.0
796505.0,2.0,-1.6904,9.269,0.07253,0.5211,-0.762,0.4959,0.0,0.0,128.0,743.0
796545.0,2.0,-1.3085,8.92,0.0918,0.4414,-3.162,0.774,0.0,0.0,128.0,742.0
796585.0,2.0,-1.1842,4.899,0.10616,0.2657,-5.562,0.5437,0.0,0.0,128.0,752.0
796626.0,2.0,-1.4297,-3.146,0.11175,-0.0114,-7.313,0.2348,0.0,0.0,128.0,728.0
796666.0,2.0,-1.3959,-0.476,0.10564,-0.3087,-7.601,0.1554,0.0,0.0,128.0,740.0
796707.0,2.0,-1.5263,-2.291,0.08771,-0.5719,-5.231,0.0965,0.0,0.0,128.0,722.0
796747.0,2.0,-1.7181,-3.282,0.06184,-0.7322,-2.847,-0.0224,0.0,0.0,128.0,746.0
796788.0,2.0,-2.3884,-14.193,0.03071,-0.798,-0.42,0.5978,0.0,0.0,128.0,740.0
796828.0,2.0,-2.9897,-15.373,-0.00056,-0.7801,0.484,0.4988,0.0,0.0,128.0,773.0
796869.0,2.0,2.7121,-13.581,-0.03225,-0.7989,-0.296,0.2643,0.0,0.0,128.0,746.0
796910.0,5.0,2.2933,-9.967,-0.06413,-0.77,1.711,0.2584,0.0,0.0,128.0,705.0
796950.0,5.0,1.8377,-10.672,-0.09255,-0.6523,4.111,0.2584,0.0,0.0,128.0,677.0
796991.0,5.0,1.6736,-6.167,-0.11494,-0.4321,6.571,0.2584,0.0,0.0,128.0,684.0
797031.0,5.0,1.6015,-1.399,-0.12713,-0.1949,4.831,0.2584,0.0,0.0,128.0,674.0
797072.0,5.0,1.6674,0.296,-0.13178,-0.0485,2.371,0.2584,0.0,0.0,128.0,667.0
797112.0,5.0,1.7503,2.36,-0.13249,-0.0002,0.172,0.2584,0.0,0.0,128.0,681.0
797152.0,6.0,2.1307,7.469,-0.13196,0.0402,1.5,0.2584,0.0,0.0,128.0,716.0
797193.0,2.0,2.574,10.64,-0.12911,0.105,2.1,-0.1259,0.0,0.0,128.0,795.0
797234.0,2.0,3.0235,9.783,-0.12255,0.2427,4.56,-0.3788,0.0,0.0,128.0,733.0
797274.0,2.0,-2.3685,20.198,-0.1089,0.47,6.0,1.8433,0.0,0.0,128.0,742.0
797315.0,2.0,-2.0233,11.47,-0.08576,0.6702,3.946,0.4617,0.0,0.0,128.0,750.0
797355.0,2.0,-1.2563,17.32,-0.05704,0.7789,1.546,2.2874,0.0,0.0,128.0,738.0
797396.0,2.0,-1.0385,7.48,-0.02497,0.7957,-0.633,0.8644,0.0,0.0,128.0,753.0
797437.0,2.0,-0.8161,5.963,0.00641,0.7453,-2.32,0.9257,0.0,0.0,128.0,744.0
797477.0,2.0,-0.8851,0.736,0.03338,0.6035,-4.599,0.6862,0.0,0.0,128.0,747.0
797517.0,2.0,-0.8529,0.07,0.05419,0.4558,-3.898,0.618,0.0,0.0,128.0,778.0
797558.0,2.0,-0.6995,3.484,0.06877,0.2444,-6.358,0.8598,0.0,0.0,128.0,733.0
797599.0,2.0,-0.8713,-2.876,0.07324,-0.0219,-5.563,0.7239,0.0,0.0,128.0,724.0
797639.0,2.0,-0.7839,0.434,0.0687,-0.2076,-4.827,0.686,0.0,0.0,128.0,720.0
797679.0,2.0,-0.8989,-1.687,0.05659,-0.4069,-4.075,0.6652,0.0,0.0,128.0,730.0
797719.0,2.0,-0.9557,-1.663,0.03806,-0.5207,-1.675,0.5939,0.0,0.0,128.0,733.0
797760.0,2.0,-1.0385,-2.018,0.01639,-0.5377,0.785,0.5446,0.0,0.0,128.0,737.0
797800.0,2.0,-1.1566,-2.991,-0.00353,-0.4571,3.185,0.4512,0.0,0.0,128.0,751.0
797841.0,2.0,-1.2349,-4.424,-0.01943,-0.3283,3.605,0.39,0.0,0.0,128.0,735.0
797882.0,2.0,-1.9451,-13.108,-0.02936,-0.1618,3.316,0.8294,0.0,0.0,128.0,759.0
797922.0,2.0,-2.5571,-16.418,-0.03293,-0.0146,3.077,0.8437,0.0,0.0,128.0,765.0
797963.0,2.0,2.8716,-19.995,-0.03161,0.0783,2.659,1.5678,0.0,0.0,128.0,735.0
798003.0,2.0,2.4268,-12.266,-0.02603,0.2086,2.659,0.2085,0.0,0.0,128.0,736.0
798043.0,2.0,2.0141,-10.481,-0.01639,0.2658,0.259,0.3125,0.0,0.0,128.0,746.0
798084.0,2.0,1.7963,-6.387,-0.00611,0.2248,-2.201,0.0492,0.0,0.0,128.0,744.0
798124.0,2.0,1.6414,-4.26,0.00082,0.1345,-1.305,0.0712,0.0,0.0,128.0,746.0
798165.0,2.0,1.6122,-1.289,0.00566,0.1081,-0.717,0.0015,0.0,0.0,128.0,755.0
798205.0,2.0,1.7411,2.428,0.00941,0.0897,0.344,-0.1133,0.0,0.0,128.0,739.0
798245.0,2.0,2.0034,5.831,0.01384,0.1527,2.744,-0.1893,0.0,0.0,128.0,738.0
798286.0,2.0,2.3516,7.961,0.02287,0.3168,5.204,-0.2929,0.0,0.0,128.0,729.0
798327.0,5.0,2.89,12.011,0.03968,0.5062,3.464,-0.2893,0.0,0.0,128.0,687.0
798367.0,5.0,-2.8655,14.228,0.06169,0.5956,1.064,-0.2893,0.0,0.0,128.0,689.0
798407.0,5.0,-2.1276,16.984,0.08539,0.589,-1.336,-0.2893,0.0,0.0,128.0,689.0
798448.0,5.0,-1.6306,13.557,0.10695,0.4863,-3.736,-0.2893,0.0,0.0,128.0,688.0
798488.0,5.0,-1.1735,11.426,0.12293,0.2823,-5.819,-0.2893,0.0,0.0,128.0,660.0
798528.0,5.0,-1.2763,0.451,0.1302,0.0987,-3.419,-0.2893,0.0,0.0,128.0,663.0
798568.0,5.0,-1.3606,-2.162,0.13211,0.0102,-1.08,-0.2893,0.0,0.0,128.0,661.0
798608.0,6.0,-1.2533,1.626,0.13204,-0.0153,-1.334,-0.2893,0.0,0.0,128.0,702.0
798648.0,6.0,-1.3637,-1.565,0.13027,-0.0752,-1.5,-0.2893,0.0,0.0,128.0,702.0
798689.0,2.0,-1.5232,-3.833,0.12551,-0.1811,-3.78,0.098,0.0,0.0,128.0,745.0
798729.0,2.0,-2.3025,-15.384,0.11486,-0.3815,-6.18,0.8745,0.0,0.0,128.0,732.0
798770.0,2.0,-2.9222,-16.262,0.09461,-0.6174,-4.679,0.6827,0.0,0.0,128.0,730.0
798810.0,2.0,2.5219,-19.157,0.06739,-0.7557,-2.291,1.5082,0.0,0.0,128.0,748.0
798851.0,2.0,1.9957,-14.252,0.0357,-0.7999,-0.107,0.8793,0.0,0.0,128.0,733.0
798892.0,2.0,1.534,-12.352,0.00353,-0.7939,0.823,1.0332,0.0,0.0,128.0,733.0
798932.0,2.0,1.2241,-8.417,-0.02644,-0.7118,3.223,0.8095,0.0,0.0,128.0,755.0
798973.0,2.0,0.9771,-5.755,-0.05186,-0.528,5.683,0.746,0.0,0.0,128.0,749.0
799014.0,2.0,0.5308,-9.847,-0.06885,-0.3232,3.823,1.5236,0.0,0.0,128.0,751.0
799055.0,3.0,0.4939,-2.167,-0.07856,-0.1451,4.605,0.9116,0.0,0.0,128.0,709.0
799095.0,3.0,0.1779,-6.18,-0.08085,0.0205,3.03,1.2256,0.0,0.0,128.0,700.0
799136.0,3.0,-0.2255,-9.588,-0.07834,0.0925,0.63,1.5557,0.0,0.0,128.0,709.0
799176.0,3.0,-0.2194,-2.035,-0.07478,0.0666,-1.83,1.0022,0.0,0.0,128.0,718.0
799216.0,3.0,-0.3344,-2.741,-0.07414,-0.0558,-4.23,0.9895,0.0,0.0,128.0,717.0
799256.0,5.0,-0.5906,-5.472,-0.08003,-0.2465,-4.11,0.9969,0.0,0.0,128.0,669.0
799296.0,5.0,-0.9265,-8.059,-0.09225,-0.3617,-1.71,0.9969,0.0,0.0,128.0,661.0
799336.0,5.0,-0.9327,-1.564,-0.10721,-0.3809,0.69,0.9969,0.0,0.0,128.0,681.0
799377.0,5.0,-1.149,-3.846,-0.12139,-0.301,3.15,0.9969,0.0,0.0,128.0,680.0
799417.0,5.0,-1.7579,-14.307,-0.13027,-0.1367,3.99,0.9969,0.0,0.0,128.0,696.0
799457.0,5.0,-2.3424,-13.446,-0.13316,-0.0239,1.65,0.9969,0.0,0.0,128.0,674.0
799497.0,6.0,3.1278,-20.02,-0.13342,0.0038,0.658,0.9969,0.0,0.0,128.0,743.0
799538.0,6.0,2.413,-16.899,-0.13226,0.0598,1.5,0.9969,0.0,0.0,128.0,716.0
799578.0,2.0,1.9466,-12.476,-0.12874,0.1245,2.22,0.6467,0.0,0.0,128.0,730.0
799619.0,2.0,1.5677,-9.821,-0.12128,0.2672,4.68,0.6341,0.0,0.0,128.0,718.0
799659.0,2.0,1.3775,-6.004,-0.10654,0.4982,6.0,0.455,0.0,0.0,128.0,730.0
799699.0,2.0,1.0968,-7.189,-0.08295,0.6899,3.635,0.7885,0.0,0.0,128.0,696.0
799740.0,2.0,1.1413,-0.97,-0.0528,0.7872,1.175,0.4451,0.0,0.0,128.0,731.0
799780.0,2.0,1.221,1.55,-0.02153,0.7945,-0.776,0.3633,0.0,0.0,128.0,761.0
799821.0,2.0,1.3806,3.406,0.00923,0.711,-3.236,0.2782,0.0,0.0,128.0,764.0
799862.0,2.0,1.7227,7.41,0.03488,0.5628,-2.815,0.2059,0.0,0.0,128.0,776.0
799903.0,2.0,2.0877,8.258,0.05599,0.499,-0.355,-0.0483,0.0,0.0,128.0,759.0
799944.0,2.0,2.778,15.342,0.07639,0.5178,0.065,0.5679,0.0,0.0,128.0,739.0
799984.0,2.0,-2.9514,14.902,0.09634,0.4879,-1.378,0.4156,0.0,0.0,128.0,758.0
800024.0,2.0,-2.436,12.227,0.11385,0.3884,-2.941,0.1656,0.0,0.0,128.0,769.0
800065.0,2.0,-1.6997,15.399,0.12652,0.2162,-5.401,1.449,0.0,0.0,128.0,736.0
800106.0,2.0,-1.4634,7.723,0.13027,-0.0569,-7.861,0.4968,0.0,0.0,128.0,738.0
800146.0,2.0,-1.4834,1.184,0.12176,-0.3777,-7.117,0.1119,0.0,0.0,128.0,731.0
800186.0,2.0,-1.537,-0.929,0.10208,-0.6134,-4.727,0.0185,0.0,0.0,128.0,741.0
800226.0,2.0,-1.5232,0.063,0.07496,-0.7537,-2.338,0.0619,0.0,0.0,128.0,767.0
800267.0,2.0,-1.6981,-2.945,0.04339,-0.7998,-0.118,-0.0105,0.0,0.0,128.0,753.0
800308.0,2.0,-2.2795,-13.417,0.01114,-0.8,0.0,0.5412,0.0,0.0,128.0,732.0
800348.0,2.0,-2.7627,-13.667,-0.0204,-0.8,0.0,0.2354,0.0,0.0,128.0,752.0
800389.0,5.0,3.0373,-12.022,-0.05265,-0.7928,0.9,0.2111,0.0,0.0,128.0,689.0
800429.0,5.0,2.4252,-15.384,-0.08265,-0.7076,3.3,0.2111,0.0,0.0,128.0,691.0
800470.0,5.0,2.2611,-7.402,-0.1074,-0.5264,5.7,0.2111,0.0,0.0,128.0,674.0
800510.0,5.0,2.0233,-6.339,-0.1233,-0.2744,5.7,0.2111,0.0,0.0,128.0,681.0
800550.0,5.0,2.0325,-1.261,-0.13046,-0.0913,3.301,0.2111,0.0,0.0,128.0,683.0
800590.0,5.0,2.1322,1.829,-0.13215,-0.0079,0.963,0.2111,0.0,0.0,128.0,682.0
800630.0,6.0,2.2933,3.522,-0.13211,0.0182,1.457,0.2111,0.0,0.0,128.0,709.0
800670.0,6.0,2.4804,3.568,-0.13024,0.0782,1.5,0.2111,0.0,0.0,128.0,716.0
800711.0,2.0,2.9744,10.366,-0.12529,0.1865,3.84,-0.3118,0.0,0.0,128.0,735.0
800751.0,2.0,-2.6921,11.607,-0.11438,0.3893,6.24,-0.0874,0.0,0.0,128.0,736.0
800791.0,2.0,-2.1491,13.8,-0.09443,0.6184,4.667,0.623,0.0,0.0,128.0,730.0
800832.0,2.0,-1.4082,18.248,-0.06641,0.7582,2.21,2.2163,0.0,0.0,128.0,722.0
800872.0,2.0,-1.3652,6.932,-0.03548,0.7974,-0.19,0.5053,0.0,0.0,128.0,746.0
800913.0,2.0,-1.1643,5.341,-0.0042,0.738,-2.65,0.5729,0.0,0.0,128.0,754.0
800954.0,2.0,-1.1873,0.581,0.0228,0.5877,-3.619,0.3953,0.0,0.0,128.0,760.0
800995.0,2.0,-1.3422,-3.13,0.04425,0.4807,-2.642,0.273,0.0,0.0,128.0,759.0
801036.0,2.0,-1.379,-1.184,0.06086,0.3218,-4.771,0.2108,0.0,0.0,128.0,754.0
801077.0,2.0,-1.5447,-3.503,0.06998,0.1213,-5.41,0.1131,0.0,0.0,128.0,734.0
801118.0,2.0,-1.7518,-7.594,0.0699,-0.1521,-7.87,0.0436,0.0,0.0,128.0,729.0
801158.0,2.0,-2.8164,-20.635,0.0579,-0.4532,-6.444,1.7739,0.0,0.0,128.0,753.0
801199.0,2.0,2.7243,-19.799,0.03514,-0.6657,-3.984,1.5564,0.0,0.0,128.0,744.0
801240.0,2.0,2.0954,-17.212,0.00574,-0.7774,-1.524,1.4067,0.0,0.0,128.0,703.0
801280.0,2.0,1.58,-14.354,-0.02543,-0.7892,0.876,1.32,0.0,0.0,128.0,750.0
801321.0,2.0,1.1766,-10.579,-0.05587,-0.7016,3.336,1.1071,0.0,0.0,128.0,736.0
801361.0,2.0,0.833,-9.056,-0.08032,-0.5189,5.736,1.1955,0.0,0.0,128.0,736.0
801402.0,2.0,0.1411,-15.862,-0.09705,-0.3214,3.63,2.579,0.0,0.0,128.0,740.0
801443.0,2.0,0.0307,-6.36,-0.10774,-0.2087,3.042,1.2542,0.0,0.0,128.0,736.0
801483.0,2.0,-0.2378,-5.863,-0.11299,-0.0378,5.442,1.1967,0.0,0.0,128.0,750.0
801524.0,2.0,-0.6029,-8.906,-0.10961,0.2147,5.789,1.3207,0.0,0.0,128.0,722.0
801564.0,2.0,-1.0615,-10.51,-0.09638,0.4619,5.691,1.2323,0.0,0.0,128.0,737.0
801604.0,2.0,-1.8193,-16.68,-0.07448,0.6485,4.262,1.5838,0.0,0.0,128.0,735.0
801644.0,2.0,-2.8471,-25.193,-0.04631,0.7701,1.875,3.0616,0.0,0.0,128.0,750.0
801685.0,2.0,2.4743,-24.218,-0.0144,0.8,0.0,2.9496,0.0,0.0,128.0,745.0
801726.0,2.0,1.8945,-16.922,0.01792,0.8,0.0,1.5413,0.0,0.0,128.0,753.0
801767.0,2.0,1.353,-13.908,0.04988,0.7663,-1.98,1.4899,0.0,0.0,128.0,737.0
801807.0,2.0,0.9649,-10.401,0.07796,0.6379,-4.38,1.2755,0.0,0.0,128.0,745.0
801847.0,2.0,0.6458,-8.611,0.09911,0.4135,-6.78,1.2847,0.0,0.0,128.0,764.0
801888.0,2.0,0.2669,-9.002,0.10969,0.0839,-9.24,1.4661,0.0,0.0,128.0,724.0
801930.0,3.0,0.2823,-2.4,0.1056,-0.2836,-7.872,0.9968,0.0,0.0,128.0,750.0
801970.0,3.0,0.6105,5.977,0.08846,-0.5546,-5.412,1.0451,0.0,0.0,128.0,711.0
802010.0,2.0,0.9204,7.384,0.06307,-0.7221,-3.024,0.9453,0.0,0.0,128.0,745.0
802051.0,2.0,1.3438,9.716,0.03214,-0.7958,-0.6,0.8091,0.0,0.0,128.0,724.0
802091.0,2.0,1.8745,12.238,0.00079,-0.7867,1.234,0.6812,0.0,0.0,128.0,743.0
802131.0,2.0,2.4421,13.895,-0.02861,-0.6881,3.634,0.4688,0.0,0.0,128.0,773.0
802171.0,2.0,-2.9544,19.651,-0.05246,-0.5226,3.454,1.4534,0.0,0.0,128.0,771.0
802212.0,2.0,-1.8515,26.069,-0.07144,-0.4326,0.994,4.0468,0.0,0.0,128.0,757.0
802253.0,2.0,-1.1566,18.986,-0.08805,-0.3762,2.494,2.7477,0.0,0.0,128.0,749.0
802293.0,2.0,-0.6995,13.357,-0.10031,-0.2273,4.894,1.9103,0.0,0.0,128.0,748.0
802334.0,2.0,-0.4909,6.784,-0.10489,0.0251,7.354,1.1861,0.0,0.0,128.0,725.0
802375.0,2.0,-0.3053,4.583,-0.09746,0.3514,7.335,1.087,0.0,0.0,128.0,736.0
802415.0,3.0,-0.5139,-3.147,-0.0786,0.5957,4.938,0.9334,0.0,0.0,128.0,708.0
802456.0,0.0,-0.385,0.812,-0.07114,0.0,0.0,0.9604,0.0,0.0,128.0,545.0
802496.0,0.0,-0.1779,4.47,-0.07114,0.0,0.0,0.9604,0.0,0.0,128.0,542.0
802536.0,0.0,-0.0123,4.346,-0.07114,0.0,0.0,0.9604,0.0,0.0,128.0,543.0
802576.0,0.0,0.2286,5.678,-0.07114,0.0,0.0,0.9604,0.0,0.0,128.0,542.0
802616.0,0.0,0.6105,8.563,-0.07114,0.0,0.0,0.9604,0.0,0.0,128.0,536.0
802657.0,0.0,1.0753,10.865,-0.07114,0.0,0.0,0.9604,0.0,0.0,128.0,549.0
802697.0,0.0,1.5708,12.097,-0.07114,0.0,0.0,0.9604,0.0,0.0,128.0,564.0
802737.0,0.0,2.1476,14.442,-0.07114,0.0,0.0,0.9604,0.0,0.0,128.0,556.0
802778.0,0.0,2.7382,14.051,-0.07114,0.0,0.0,0.9604,0.0,0.0,128.0,551.0
802818.0,0.0,-2.8946,15.826,-0.07114,0.0,0.0,0.9604,0.0,0.0,128.0,556.0
802858.0,0.0,-1.7288,25.107,-0.07114,0.0,0.0,0.9604,0.0,0.0,128.0,556.0
802898.0,0.0,-1.4205,11.719,-0.07114,0.0,0.0,0.9604,0.0,0.0,128.0,552.0
802938.0,0.0,-0.9741,9.46,-0.07114,0.0,0.0,0.9604,0.0,0.0,128.0,557.0
802979.0,0.0,-0.6519,8.392,-0.07114,0.0,0.0,0.9604,0.0,0.0,128.0,544.0
803019.0,0.0,-0.609,2.599,-0.07114,0.0,0.0,0.9604,0.0,0.0,128.0,550.0
803059.0,0.0,-0.7931,-4.437,-0.07114,0.0,0.0,0.9604,0.0,0.0,128.0,552.0
803099.0,0.0,-0.5568,3.738,-0.07114,0.0,0.0,0.9604,0.0,0.0,128.0,556.0
803139.0,0.0,-0.589,0.68,-0.07114,0.0,0.0,0.9604,0.0,0.0,128.0,537.0
803179.0,0.0,-0.8728,-5.977,-0.07114,0.0,0.0,0.9604,0.0,0.0,128.0,550.0
803220.0,0.0,-0.9434,-3.247,-0.07114,0.0,0.0,0.9604,0.0,0.0,128.0,550.0
803260.0,0.0,-1.017,-1.785,-0.07114,0.0,0.0,0.9604,0.0,0.0,128.0,550.0
803300.0,0.0,-1.307,-5.78,-0.07114,0.0,0.0,0.9604,0.0,0.0,128.0,550.0
803340.0,0.0,-1.7426,-10.111,-0.07114,0.0,0.0,0.9604,0.0,0.0,128.0,556.0
803381.0,0.0,-2.505,-16.95,-0.07114,0.0,0.0,0.9604,0.0,0.0,128.0,557.0
803421.0,0.0,2.9483,-19.739,-0.07114,0.0,0.0,0.9604,0.0,0.0,128.0,557.0
803461.0,0.0,2.235,-17.011,-0.07114,0.0,0.0,0.9604,0.0,0.0,128.0,556.0
803501.0,0.0,1.7978,-12.241,-0.07114,0.0,0.0,0.9604,0.0,0.0,128.0,550.0
803542.0,0.0,1.4189,-10.143,-0.07114,0.0,0.0,0.9604,0.0,0.0,128.0,544.0
803582.0,0.0,1.198,-6.458,-0.07114,0.0,0.0,0.9604,0.0,0.0,128.0,550.0
803622.0,0.0,1.0477,-3.654,-0.07114,0.0,0.0,0.9604,0.0,0.0,128.0,549.0
803662.0,0.0,0.8268,-5.178,-0.07114,0.0,0.0,0.9604,0.0,0.0,128.0,543.0
803702.0,0.0,1.0262,3.092,-0.07114,0.0,0.0,0.9604,0.0,0.0,128.0,549.0
803743.0,0.0,1.1858,4.05,-0.07114,0.0,0.0,0.9604,0.0,0.0,128.0,549.0
803783.0,0.0,1.5018,6.967,-0.07114,0.0,0.0,0.9604,0.0,0.0,128.0,544.0
803823.0,0.0,1.9297,10.006,-0.07114,0.0,0.0,0.9604,0.0,0.0,128.0,570.0
803863.0,0.0,2.3485,10.189,-0.07114,0.0,0.0,0.9604,0.0,0.0,128.0,551.0
803904.0,0.0,-3.117,18.662,-0.07114,0.0,0.0,0.9604,0.0,0.0,128.0,550.0
803944.0,0.0,-2.729,12.98,-0.07114,0.0,0.0,0.9604,0.0,0.0,128.0,551.0
803984.0,0.0,-1.672,24.491,-0.07114,0.0,0.0,0.9604,0.0,0.0,128.0,570.0
804024.0,0.0,-1.465,8.86,-0.07114,0.0,0.0,0.9604,0.0,0.0,128.0,550.0
804065.0,0.0,-1.0124,10.641,-0.07114,0.0,0.0,0.9604,0.0,0.0,128.0,550.0
804105.0,0.0,-0.9879,2.626,-0.07114,0.0,0.0,0.9604,0.0,0.0,128.0,544.0
804145.0,0.0,-1.0446,-1.227,-0.07114,0.0,0.0,0.9604,0.0,0.0,128.0,549.0
804185.0,0.0,-1.2686,-4.757,-0.07114,0.0,0.0,0.9604,0.0,0.0,128.0,550.0
804225.0,0.0,-1.2303,-0.239,-0.07114,0.0,0.0,0.9604,0.0,0.0,128.0,550.0
804266.0,0.0,-1.4496,-4.763,-0.07114,0.0,0.0,0.9604,0.0,0.0,128.0,557.0
804306.0,0.0,-1.9819,-11.616,-0.07114,0.0,0.0,0.9604,0.0,0.0,128.0,563.0
804346.0,0.0,-2.4268,-13.149,-0.07114,0.0,0.0,0.9604,0.0,0.0,128.0,556.0
804386.0,0.0,3.045,-15.871,-0.07114,0.0,0.0,0.9604,0.0,0.0,128.0,557.0
804427.0,0.0,2.4421,-15.458,-0.07114,0.0,0.0,0.9604,0.0,0.0,128.0,557.0
804467.0,0.0,2.0279,-10.3,-0.07114,0.0,0.0,0.9604,0.0,0.0,128.0,571.0
804507.0,0.0,1.6736,-9.173,-0.07114,0.0,0.0,0.9604,0.0,0.0,128.0,556.0
804548.0,0.0,1.4926,-5.262,-0.07114,0.0,0.0,0.9604,0.0,0.0,128.0,550.0
804588.0,0.0,1.4373,-2.047,-0.07114,0.0,0.0,0.9604,0.0,0.0,128.0,550.0
804628.0,0.0,1.379,-1.448,-0.07114,0.0,0.0,0.9604,0.0,0.0,128.0,549.0
804668.0,0.0,1.5846,3.751,-0.07114,0.0,0.0,0.9604,0.0,0.0,128.0,550.0
804709.0,0.0,1.7978,5.567,-0.07114,0.0,0.0,0.9604,0.0,0.0,128.0,556.0
804749.0,0.0,2.258,9.561,-0.07114,0.0,0.0,0.9604,0.0,0.0,128.0,557.0
804789.0,0.0,2.7719,12.313,-0.07114,0.0,0.0,0.9604,0.0,0.0,128.0,557.0
804829.0,0.0,-2.8962,16.111,-0.07114,0.0,0.0,0.9604,0.0,0.0,128.0,558.0
804869.0,0.0,-2.2212,17.901,-0.07114,0.0,0.0,0.9604,0.0,0.0,128.0,557.0
804909.0,0.0,-1.8316,12.528,-0.07114,0.0,0.0,0.9604,0.0,0.0,128.0,556.0
804949.0,0.0,-1.5033,9.945,-0.07114,0.0,0.0,0.9604,0.0,0.0,128.0,550.0
804990.0,0.0,-1.3484,3.956,-0.07114,0.0,0.0,0.9604,0.0,0.0,128.0,550.0
805030.0,0.0,-1.3269,1.091,-0.07114,0.0,0.0,0.9604,0.0,0.0,128.0,564.0
805070.0,0.0,-1.4082,-1.411,-0.07114,0.0,0.0,0.9604,0.0,0.0,128.0,544.0
805111.0,0.0,-1.488,-2.026,-0.07114,0.0,0.0,0.9604,0.0,0.0,128.0,550.0
805151.0,0.0,-1.8853,-8.662,-0.07114,0.0,0.0,0.9604,0.0,0.0,128.0,556.0
805191.0,0.0,-2.2994,-11.356,-0.07114,0.0,0.0,0.9604,0.0,0.0,128.0,557.0
805231.0,0.0,-2.913,-16.121,-0.07114,0.0,0.0,0.9604,0.0,0.0,128.0,557.0
805272.0,0.0,2.8777,-11.411,-0.07114,0.0,0.0,0.9604,0.0,0.0,128.0,557.0
805312.0,0.0,2.2841,-14.365,-0.07114,0.0,0.0,0.9604,0.0,0.0,128.0,557.0
805352.0,0.0,1.9865,-8.369,-0.07114,0.0,0.0,0.9604,0.0,0.0,128.0,571.0
805392.0,0.0,1.738,-7.321,-0.07114,0.0,0.0,0.9604,0.0,0.0,128.0,557.0
805433.0,0.0,1.6644,-2.765,-0.07114,0.0,0.0,0.9604,0.0,0.0,128.0,557.0
805473.0,0.0,1.6981,0.074,-0.07114,0.0,0.0,0.9604,0.0,0.0,128.0,557.0
805513.0,0.0,1.8653,3.259,-0.07114,0.0,0.0,0.9604,0.0,0.0,128.0,556.0
805554.0,0.0,2.1338,6.101,-0.07114,0.0,0.0,0.9604,0.0,0.0,128.0,557.0
805594.0,0.0,2.324,4.857,-0.07114,0.0,0.0,0.9604,0.0,0.0,128.0,571.0
805634.0,0.0,2.9928,13.556,-0.07114,0.0,0.0,0.9604,0.0,0.0,128.0,551.0
805674.0,0.0,-2.7458,13.161,-0.07114,0.0,0.0,0.9604,0.0,0.0,128.0,556.0
805715.0,0.0,-2.2381,13.576,-0.07114,0.0,0.0,0.9604,0.0,0.0,128.0,557.0
805755.0,0.0,-1.5739,13.559,-0.07114,0.0,0.0,0.9604,0.0,0.0,128.0,557.0
805795.0,0.0,-1.6475,5.336,-0.07114,0.0,0.0,0.9604,0.0,0.0,128.0,557.0
805836.0,0.0,-1.5447,2.914,-0.07114,0.0,0.0,0.9604,0.0,0.0,128.0,557.0
805876.0,0.0,-1.5355,0.769,-0.07114,0.0,0.0,0.9604,0.0,0.0,128.0,556.0
805916.0,0.0,-1.6214,-1.3,-0.07114,0.0,0.0,0.9604,0.0,0.0,128.0,550.0
805956.0,0.0,-1.8546,-6.305,-0.07114,0.0,0.0,0.9604,0.0,0.0,128.0,556.0
805997.0,0.0,-2.439,-12.303,-0.07114,0.0,0.0,0.9604,0.0,0.0,128.0,557.0
806037.0,0.0,-2.9268,-13.44,-0.07114,0.0,0.0,0.9604,0.0,0.0,128.0,557.0
806077.0,0.0,2.8762,-11.717,-0.07114,0.0,0.0,0.9604,0.0,0.0,128.0,551.0
806118.0,0.0,2.4973,-10.523,-0.07114,0.0,0.0,0.9604,0.0,0.0,128.0,551.0
806158.0,0.0,2.0831,-9.12,-0.07114,0.0,0.0,0.9604,0.0,0.0,128.0,558.0
806198.0,0.0,1.9727,-4.435,-0.07114,0.0,0.0,0.9604,0.0,0.0,128.0,556.0
806238.0,0.0,1.8914,-2.586,-0.07114,0.0,0.0,0.9604,0.0,0.0,128.0,563.0
806279.0,0.0,1.9343,0.276,-0.07114,0.0,0.0,0.9604,0.0,0.0,128.0,563.0
806319.0,0.0,2.0954,3.211,-0.07114,0.0,0.0,0.9604,0.0,0.0,128.0,556.0
806359.0,0.0,2.3654,6.009,-0.07114,0.0,0.0,0.9604,0.0,0.0,128.0,551.0
806400.0,0.0,2.617,5.557,-0.07114,0.0,0.0,0.9604,0.0,0.0,128.0,551.0
806440.0,0.0,3.1247,11.652,-0.07114,0.0,0.0,0.9604,0.0,0.0,128.0,551.0
806480.0,0.0,-2.6047,13.409,-0.07114,0.0,0.0,0.9604,0.0,0.0,128.0,556.0
806520.0,0.0,-2.3869,7.045,-0.07114,0.0,0.0,0.9604,0.0,0.0,128.0,557.0
806560.0,0.0,-1.6797,16.82,-0.07114,0.0,0.0,0.9604,0.0,0.0,128.0,556.0
806600.0,0.0,-1.6613,5.122,-0.07114,0.0,0.0,0.9604,0.0,0.0,128.0,557.0
806640.0,0.0,-1.6874,1.685,-0.07114,0.0,0.0,0.9604,0.0,0.0,128.0,556.0
806680.0,0.0,-1.7641,-1.064,-0.07114,0.0,0.0,0.9604,0.0,0.0,128.0,563.0
806721.0,0.0,-1.942,-3.693,-0.07114,0.0,0.0,0.9604,0.0,0.0,128.0,549.0
806761.0,0.0,-2.4083,-9.888,-0.07114,0.0,0.0,0.9604,0.0,0.0,128.0,559.0
806801.0,0.0,-2.8547,-11.428,-0.07114,0.0,0.0,0.9604,0.0,0.0,128.0,565.0
806841.0,0.0,3.0373,-10.494,-0.07114,0.0,0.0,0.9604,0.0,0.0,128.0,556.0
806881.0,0.0,2.5357,-12.069,-0.07114,0.0,0.0,0.9604,0.0,0.0,128.0,551.0
806921.0,0.0,2.3439,-6.872,-0.07114,0.0,0.0,0.9604,0.0,0.0,128.0,557.0
806962.0,0.0,2.097,-7.299,-0.07114,0.0,0.0,0.9604,0.0,0.0,128.0,556.0
807002.0,0.0,2.0601,-1.971,-0.07114,0.0,0.0,0.9604,0.0,0.0,128.0,571.0
807042.0,0.0,2.077,0.017,-0.07114,0.0,0.0,0.9604,0.0,0.0,128.0,556.0
807083.0,0.0,2.1936,2.347,-0.07114,0.0,0.0,0.9604,0.0,0.0,128.0,550.0
807123.0,0.0,2.4283,5.136,-0.07114,0.0,0.0,0.9604,0.0,0.0,128.0,557.0
807163.0,0.0,2.5679,3.921,-0.07114,0.0,0.0,0.9604,0.0,0.0,128.0,557.0
807203.0,0.0,-3.1032,11.581,-0.07114,0.0,0.0,0.9604,0.0,0.0,128.0,557.0
807244.0,0.0,-2.7857,9.132,-0.07114,0.0,0.0,0.9604,0.0,0.0,128.0,556.0
807284.0,0.0,-2.4881,6.53,-0.07114,0.0,0.0,0.9604,0.0,0.0,128.0,557.0
807324.0,0.0,-1.8546,12.534,-0.07114,0.0,0.0,0.9604,0.0,0.0,128.0,564.0
807365.0,0.0,-1.9574,0.704,-0.07114,0.0,0.0,0.9604,0.0,0.0,128.0,563.0
807405.0,0.0,-1.853,1.105,-0.07114,0.0,0.0,0.9604,0.0,0.0,128.0,549.0
807445.0,0.0,-1.9328,-1.362,-0.07114,0.0,0.0,0.9604,0.0,0.0,128.0,555.0
807485.0,0.0,-2.0831,-3.082,-0.07114,0.0,0.0,0.9604,0.0,0.0,128.0,557.0
807526.0,0.0,-2.5541,-9.675,-0.07114,0.0,0.0,0.9604,0.0,0.0,128.0,557.0
807566.0,0.0,-2.9452,-10.435,-0.07114,0.0,0.0,0.9604,0.0,0.0,128.0,557.0
807606.0,0.0,2.9652,-9.843,-0.07114,0.0,0.0,0.9604,0.0,0.0,128.0,557.0
807646.0,0.0,2.5464,-10.343,-0.07114,0.0,0.0,0.9604,0.0,0.0,128.0,562.0
807686.0,0.0,2.3332,-6.741,-0.07114,0.0,0.0,0.9604,0.0,0.0,128.0,557.0
807727.0,0.0,2.1614,-5.745,-0.07114,0.0,0.0,0.9604,0.0,0.0,128.0,556.0
807767.0,0.0,2.189,-0.846,-0.07114,0.0,0.0,0.9604,0.0,0.0,128.0,557.0
807807.0,0.0,2.2289,0.804,-0.07114,0.0,0.0,0.9604,0.0,0.0,128.0,557.0
807847.0,0.0,2.3731,2.975,-0.07114,0.0,0.0,0.9604,0.0,0.0,128.0,556.0
807887.0,0.0,2.6047,5.259,-0.07114,0.0,0.0,0.9604,0.0,0.0,128.0,557.0
807928.0,0.0,2.8348,4.869,-0.07114,0.0,0.0,0.9604,0.0,0.0,128.0,557.0
807968.0,0.0,-2.91,11.969,-0.07114,0.0,0.0,0.9604,0.0,0.0,128.0,557.0
808008.0,0.0,-2.5372,9.26,-0.07114,0.0,0.0,0.9604,0.0,0.0,128.0,556.0
808049.0,0.0,-2.5433,1.995,-0.07114,0.0,0.0,0.9604,0.0,0.0,128.0,556.0
808089.0,0.0,-1.8454,13.727,-0.07114,0.0,0.0,0.9604,0.0,0.0,128.0,570.0
808129.0,0.0,-2.0739,-2.158,-0.07114,0.0,0.0,0.9604,0.0,0.0,128.0,557.0
808170.0,0.0,-2.0341,-1.045,-0.07114,0.0,0.0,0.9604,0.0,0.0,128.0,551.0
808210.0,0.0,-2.1967,-3.376,-0.07114,0.0,0.0,0.9604,0.0,0.0,128.0,557.0
808250.0,0.0,-2.4789,-6.196,-0.07114,0.0,0.0,0.9604,0.0,0.0,128.0,557.0
808290.0,0.0,-2.8394,-8.669,-0.07114,0.0,0.0,0.9604,0.0,0.0,128.0,550.0
808330.0,0.0,-3.1339,-6.95,-0.07114,0.0,0.0,0.9604,0.0,0.0,128.0,556.0
808370.0,0.0,2.8103,-8.541,-0.07114,0.0,0.0,0.9604,0.0,0.0,128.0,557.0
808411.0,0.0,2.597,-6.553,-0.07114,0.0,0.0,0.9604,0.0,0.0,128.0,549.0
808451.0,0.0,2.3976,-5.076,-0.07114,0.0,0.0,0.9604,0.0,0.0,128.0,557.0
808491.0,0.0,2.2611,-3.563,-0.07114,0.0,0.0,0.9604,0.0,0.0,128.0,558.0
808531.0,0.0,2.3071,0.775,-0.07114,0.0,0.0,0.9604,0.0,0.0,128.0,557.0
808571.0,0.0,2.413,2.381,-0.07114,0.0,0.0,0.9604,0.0,0.0,128.0,557.0
808612.0,0.0,2.6016,4.207,-0.07114,0.0,0.0,0.9604,0.0,0.0,128.0,551.0
808652.0,0.0,2.7765,4.785,-0.07114,0.0,0.0,0.9604,0.0,0.0,128.0,551.0
808692.0,0.0,3.1293,8.0,-0.07114,0.0,0.0,0.9604,0.0,0.0,128.0,557.0
808732.0,0.0,-2.7872,9.02,-0.07114,0.0,0.0,0.9604,0.0,0.0,128.0,557.0
808772.0,0.0,-2.6737,3.962,-0.07114,0.0,0.0,0.9604,0.0,0.0,128.0,556.0
808812.0,0.0,-2.1246,11.331,-0.07114,0.0,0.0,0.9604,0.0,0.0,128.0,557.0
808853.0,0.0,-2.1108,3.4,-0.07114,0.0,0.0,0.9604,0.0,0.0,128.0,556.0
808893.0,0.0,-2.1997,-1.516,-0.07114,0.0,0.0,0.9604,0.0,0.0,128.0,558.0
808933.0,0.0,-2.3132,-2.469,-0.07114,0.0,0.0,0.9604,0.0,0.0,128.0,557.0
808973.0,0.0,-2.5311,-4.672,-0.07114,0.0,0.0,0.9604,0.0,0.0,128.0,551.0
809013.0,0.0,-2.8179,-6.736,-0.07114,0.0,0.0,0.9604,0.0,0.0,128.0,557.0
809054.0,0.0,-3.025,-5.006,-0.07114,0.0,0.0,0.9604,0.0,0.0,128.0,551.0
809094.0,0.0,2.8747,-8.508,-0.07114,0.0,0.0,0.9604,0.0,0.0,128.0,557.0
809134.0,0.0,2.5756,-7.998,-0.07114,0.0,0.0,0.9604,0.0,0.0,128.0,557.0
809174.0,0.0,2.4237,-4.521,-0.07114,0.0,0.0,0.9604,0.0,0.0,128.0,571.0
809214.0,0.0,2.3347,-3.133,-0.07114,0.0,0.0,0.9604,0.0,0.0,128.0,557.0
809255.0,0.0,2.3991,0.306,-0.07114,0.0,0.0,0.9604,0.0,0.0,128.0,557.0
809295.0,0.0,2.4958,1.893,-0.07114,0.0,0.0,0.9604,0.0,0.0,128.0,557.0
809335.0,0.0,2.6477,3.394,-0.07114,0.0,0.0,0.9604,0.0,0.0,128.0,571.0
809375.0,0.0,2.752,2.865,-0.07114,0.0,0.0,0.9604,0.0,0.0,128.0,557.0
809415.0,0.0,-3.1385,8.026,-0.07114,0.0,0.0,0.9604,0.0,0.0,128.0,563.0
809456.0,0.0,-2.9038,6.351,-0.07114,0.0,0.0,0.9604,0.0,0.0,128.0,556.0
809496.0,0.0,-2.6707,5.898,-0.07114,0.0,0.0,0.9604,0.0,0.0,128.0,556.0
809536.0,0.0,-2.2258,10.191,-0.07114,0.0,0.0,0.9604,0.0,0.0,128.0,571.0
809576.0,0.0,-2.0678,7.478,-0.07114,0.0,0.0,0.9604,0.0,0.0,128.0,557.0
809617.0,0.0,-2.3224,-3.492,-0.07114,0.0,0.0,0.9604,0.0,0.0,128.0,557.0
809657.0,0.0,-2.4344,-2.383,-0.07114,0.0,0.0,0.9604,0.0,0.0,128.0,557.0
809697.0,0.0,-2.6078,-3.78,-0.07114,0.0,0.0,0.9604,0.0,0.0,128.0,557.0
809738.0,0.0,-2.8578,-5.868,-0.07114,0.0,0.0,0.9604,0.0,0.0,128.0,556.0
809778.0,0.0,-3.025,-4.246,-0.07114,0.0,0.0,0.9604,0.0,0.0,128.0,557.0
809818.0,0.0,2.8885,-7.92,-0.07114,0.0,0.0,0.9604,0.0,0.0,128.0,557.0
809858.0,0.0,2.6277,-7.406,-0.07114,0.0,0.0,0.9604,0.0,0.0,128.0,558.0
809898.0,0.0,2.574,-2.409,-0.07114,0.0,0.0,0.9604,0.0,0.0,128.0,564.0
809939.0,0.0,2.3945,-3.86,-0.07114,0.0,0.0,0.9604,0.0,0.0,128.0,558.0
809979.0,0.0,2.4804,0.593,-0.07114,0.0,0.0,0.9604,0.0,0.0,128.0,564.0
810019.0,0.0,2.594,2.359,-0.07114,0.0,0.0,0.9604,0.0,0.0,128.0,550.0
810059.0,0.0,2.7397,3.376,-0.07114,0.0,0.0,0.9604,0.0,0.0,128.0,556.0
810099.0,0.0,2.8195,2.365,-0.07114,0.0,0.0,0.9604,0.0,0.0,128.0,556.0
810139.0,0.0,-3.1247,6.959,-0.07114,0.0,0.0,0.9604,0.0,0.0,128.0,563.0
810180.0,0.0,-2.8762,6.273,-0.07114,0.0,0.0,0.9604,0.0,0.0,128.0,556.0
810220.0,0.0,-2.7612,3.675,-0.07114,0.0,0.0,0.9604,0.0,0.0,128.0,557.0
810260.0,0.0,-2.281,10.838,-0.07114,0.0,0.0,0.9604,0.0,0.0,128.0,570.0
810301.0,0.0,-2.3455,2.193,-0.07114,0.0,0.0,0.9604,0.0,0.0,128.0,558.0
810341.0,0.0,-2.4774,-1.854,-0.07114,0.0,0.0,0.9604,0.0,0.0,128.0,550.0
810381.0,0.0,-2.5679,-2.031,-0.07114,0.0,0.0,0.9604,0.0,0.0,128.0,556.0
810421.0,0.0,-2.6983,-2.961,-0.07114,0.0,0.0,0.9604,0.0,0.0,128.0,556.0
810462.0,0.0,-2.8916,-4.572,-0.07114,0.0,0.0,0.9604,0.0,0.0,128.0,556.0
810502.0,0.0,-3.0986,-4.822,-0.07114,0.0,0.0,0.9604,0.0,0.0,128.0,557.0
810542.0,0.0,2.9268,-6.11,-0.07114,0.0,0.0,0.9604,0.0,0.0,128.0,557.0
810582.0,0.0,2.7259,-5.376,-0.07114,0.0,0.0,0.9604,0.0,0.0,128.0,549.0
810622.0,0.0,2.5955,-3.913,-0.07114,0.0,0.0,0.9604,0.0,0.0,128.0,557.0
810663.0,0.0,2.528,-2.431,-0.07114,0.0,0.0,0.9604,0.0,0.0,128.0,552.0
810703.0,0.0,2.5663,-0.019,-0.07114,0.0,0.0,0.9604,0.0,0.0,128.0,557.0
810743.0,0.0,2.709,2.881,-0.07114,0.0,0.0,0.9604,0.0,0.0,128.0,557.0
810783.0,0.0,2.8547,3.549,-0.07114,0.0,0.0,0.9604,0.0,0.0,128.0,551.0
810823.0,0.0,2.9268,2.274,-0.07114,0.0,0.0,0.9604,0.0,0.0,128.0,557.0
810864.0,0.0,-3.1217,4.819,-0.07114,0.0,0.0,0.9604,0.0,0.0,128.0,557.0
810904.0,0.0,-2.8348,6.639,-0.07114,0.0,0.0,0.9604,0.0,0.0,128.0,557.0
810944.0,0.0,-2.7151,4.163,-0.07114,0.0,0.0,0.9604,0.0,0.0,128.0,564.0
810985.0,0.0,-2.3071,9.115,-0.07114,0.0,0.0,0.9604,0.0,0.0,128.0,558.0
811025.0,0.0,-2.4789,-0.74,-0.07114,0.0,0.0,0.9604,0.0,0.0,128.0,550.0
811065.0,0.0,-2.6185,-2.69,-0.07114,0.0,0.0,0.9604,0.0,0.0,128.0,550.0
811106.0,0.0,-2.709,-2.806,-0.07114,0.0,0.0,0.9604,0.0,0.0,128.0,550.0
811146.0,0.0,-2.8379,-3.077,-0.07114,0.0,0.0,0.9604,0.0,0.0,128.0,557.0
811186.0,0.0,-2.9637,-2.885,-0.07114,0.0,0.0,0.9604,0.0,0.0,128.0,556.0
811226.0,0.0,3.0772,-5.715,-0.07114,0.0,0.0,0.9604,0.0,0.0,128.0,557.0
811267.0,0.0,2.8655,-5.424,-0.07114,0.0,0.0,0.9604,0.0,0.0,128.0,557.0
811307.0,0.0,2.7581,-2.969,-0.07114,0.0,0.0,0.9604,0.0,0.0,128.0,552.0
811347.0,0.0,2.6737,-2.204,-0.07114,0.0,0.0,0.9604,0.0,0.0,128.0,551.0
811387.0,0.0,2.6093,-1.505,-0.07114,0.0,0.0,0.9604,0.0,0.0,128.0,558.0
811428.0,0.0,2.6983,1.719,-0.07114,0.0,0.0,0.9604,0.0,0.0,128.0,564.0
811468.0,0.0,2.8394,3.206,-0.07114,0.0,0.0,0.9604,0.0,0.0,128.0,557.0
811508.0,0.0,2.979,3.44,-0.07114,0.0,0.0,0.9604,0.0,0.0,128.0,549.0
811549.0,0.0,2.9775,0.637,-0.07114,0.0,0.0,0.9604,0.0,0.0,128.0,551.0
811589.0,0.0,-2.9989,5.968,-0.07114,0.0,0.0,0.9604,0.0,0.0,128.0,551.0
811629.0,0.0,-2.7412,6.569,-0.07114,0.0,0.0,0.9604,0.0,0.0,128.0,556.0
811669.0,0.0,-2.7918,0.259,-0.07114,0.0,0.0,0.9604,0.0,0.0,128.0,556.0
811709.0,0.0,-2.5019,5.598,-0.07114,0.0,0.0,0.9604,0.0,0.0,128.0,557.0
811749.0,2.0,-2.5587,0.264,-0.07095,0.0244,1.68,-0.7974,0.0,0.0,128.0,736.0
811789.0,2.0,-2.4666,-0.044,-0.06806,0.1408,4.08,-0.7751,0.0,0.0,128.0,776.0
811830.0,2.0,-2.4927,-1.064,-0.05948,0.2906,3.42,-0.7952,0.0,0.0,128.0,729.0
811870.0,2.0,-2.4774,0.751,-0.04605,0.3807,1.74,-0.8035,0.0,0.0,128.0,739.0
811911.0,2.0,-2.686,-3.306,-0.02876,0.4809,1.92,-0.8076,0.0,0.0,128.0,758.0
811952.0,2.0,-2.9468,-4.625,-0.00851,0.508,-0.54,-0.8327,0.0,0.0,128.0,752.0
811992.0,2.0,-2.91,-1.021,0.01046,0.4372,-2.94,-0.9785,0.0,0.0,128.0,761.0
812033.0,2.0,2.9928,-6.637,0.02569,0.3089,-3.96,-0.7191,0.0,0.0,128.0,753.0
812074.0,2.0,2.7382,-6.303,0.03431,0.0949,-6.42,-0.6882,0.0,0.0,128.0,771.0
812115.0,5.0,2.5326,-5.685,0.03255,-0.2086,-8.04,-0.7395,0.0,0.0,128.0,680.0
812155.0,5.0,2.2473,-5.992,0.01823,-0.4891,-5.64,-0.7395,0.0,0.0,128.0,690.0
812195.0,5.0,2.0954,-3.809,-0.00472,-0.6655,-3.24,-0.7395,0.0,0.0,128.0,664.0
812236.0,5.0,1.9758,-3.263,-0.03285,-0.7459,-0.84,-0.7395,0.0,0.0,128.0,682.0
812276.0,5.0,2.0187,-0.024,-0.06304,-0.7286,1.62,-0.7395,0.0,0.0,128.0,677.0
812316.0,5.0,2.143,2.603,-0.08992,-0.6146,4.02,-0.7395,0.0,0.0,128.0,674.0
812356.0,5.0,2.3899,5.505,-0.11044,-0.4046,6.42,-0.7395,0.0,0.0,128.0,681.0
812397.0,5.0,2.821,9.881,-0.12169,-0.1757,4.578,-0.7395,0.0,0.0,128.0,675.0
812437.0,5.0,-2.9176,13.172,-0.12578,-0.0396,2.18,-0.7395,0.0,0.0,128.0,667.0
812485.0,2.0,-2.5004,9.058,-0.1263,0.0041,0.694,-0.2617,0.0,0.0,128.0,900.0
812525.0,2.0,-1.9037,10.773,-0.12488,0.0842,3.154,0.4665,0.0,0.0,128.0,721.0
812566.0,2.0,-1.3729,12.047,-0.11828,0.2652,5.614,1.088,0.0,0.0,128.0,736.0
812606.0,2.0,-1.3054,3.74,-0.10309,0.5176,5.816,0.3877,0.0,0.0,128.0,726.0
812646.0,2.0,-1.2456,1.772,-0.07886,0.701,3.416,0.3532,0.0,0.0,128.0,737.0
812686.0,2.0,-1.2993,-0.524,-0.04924,0.7891,1.136,0.2848,0.0,0.0,128.0,747.0
812727.0,2.0,-1.4834,-3.33,-0.01702,0.7999,0.0,0.1873,0.0,0.0,128.0,714.0
812767.0,2.0,-1.761,-6.982,0.01421,0.772,-1.8,0.0748,0.0,0.0,128.0,766.0
812808.0,2.0,-2.3991,-13.605,0.04328,0.6466,-4.26,0.4761,0.0,0.0,128.0,766.0
812849.0,2.0,-3.0802,-16.997,0.06525,0.4212,-6.619,0.8259,0.0,0.0,128.0,756.0
812890.0,2.0,2.4436,-17.845,0.07669,0.1468,-5.719,1.2674,0.0,0.0,128.0,746.0
812931.0,2.0,1.8914,-14.094,0.07811,-0.0835,-6.019,0.9541,0.0,0.0,128.0,724.0
812971.0,2.0,1.4174,-12.474,0.0705,-0.3113,-6.344,1.1708,0.0,0.0,128.0,724.0
813012.0,2.0,1.0784,-9.024,0.05355,-0.5197,-3.884,1.0091,0.0,0.0,128.0,697.0
813052.0,2.0,0.882,-5.889,0.03071,-0.6259,-1.484,0.8807,0.0,0.0,128.0,738.0
813093.0,2.0,0.3958,-11.042,0.00488,-0.6444,-0.464,1.6747,0.0,0.0,128.0,708.0
813133.0,3.0,0.4955,-1.389,-0.02134,-0.687,-0.464,0.8919,0.0,0.0,128.0,702.0
813174.0,3.0,0.6121,2.521,-0.04882,-0.6544,1.996,0.8586,0.0,0.0,128.0,688.0
813214.0,3.0,0.5553,-0.387,-0.07249,-0.5254,4.396,0.8507,0.0,0.0,128.0,732.0
813254.0,3.0,0.6872,2.554,-0.08933,-0.3078,6.539,0.8142,0.0,0.0,128.0,731.0
813295.0,2.0,0.9127,5.297,-0.09596,-0.0108,6.719,0.7843,0.0,0.0,128.0,734.0
813336.0,2.0,0.991,2.351,-0.09169,0.213,4.259,0.5901,0.0,0.0,128.0,738.0
813376.0,2.0,1.3484,7.347,-0.08063,0.3422,2.556,0.5688,0.0,0.0,128.0,733.0
813417.0,2.0,1.7503,9.401,-0.06461,0.4714,4.28,0.3817,0.0,0.0,128.0,732.0
813457.0,2.0,2.1154,9.513,-0.04234,0.6619,4.07,0.0466,0.0,0.0,128.0,744.0
813498.0,2.0,2.7474,14.271,-0.01301,0.7775,1.623,0.3456,0.0,0.0,128.0,742.0
813539.0,2.0,-2.6001,21.158,0.01901,0.7956,-0.685,1.9711,0.0,0.0,128.0,773.0
813580.0,2.0,-1.9896,17.213,0.04991,0.7158,-3.145,1.5644,0.0,0.0,128.0,761.0
813621.0,2.0,-1.2533,18.241,0.0756,0.5445,-4.165,2.4229,0.0,0.0,128.0,751.0
813662.0,2.0,-1.017,9.244,0.09461,0.3864,-4.705,1.0823,0.0,0.0,128.0,745.0
813703.0,2.0,-1.0278,1.708,0.10575,0.1419,-7.165,0.5734,0.0,0.0,128.0,732.0
813744.0,2.0,-1.063,-1.04,0.10545,-0.1549,-6.265,0.4502,0.0,0.0,128.0,736.0
813784.0,2.0,-0.8161,4.663,0.09405,-0.4342,-6.505,0.8332,0.0,0.0,128.0,732.0
813824.0,2.0,-0.8023,1.33,0.07256,-0.6501,-4.24,0.7234,0.0,0.0,128.0,744.0
813865.0,2.0,-1.0385,-4.866,0.04358,-0.7724,-1.781,0.6493,0.0,0.0,128.0,729.0
813905.0,2.0,-0.9618,0.41,0.01241,-0.7962,0.019,0.5572,0.0,0.0,128.0,767.0
813946.0,2.0,-1.0554,-1.608,-0.01935,-0.762,2.018,0.5046,0.0,0.0,128.0,742.0
813987.0,2.0,-1.2257,-4.556,-0.04781,-0.6276,4.478,0.4158,0.0,0.0,128.0,746.0
814028.0,2.0,-1.9328,-14.776,-0.06885,-0.4015,5.978,1.0587,0.0,0.0,128.0,752.0
814068.0,2.0,-2.482,-13.594,-0.07965,-0.1426,5.78,0.4069,0.0,0.0,128.0,753.0
814109.0,2.0,3.0741,-18.854,-0.08141,0.0507,4.64,1.2495,0.0,0.0,128.0,717.0
814149.0,2.0,2.5955,-14.307,-0.07582,0.2259,3.32,0.4423,0.0,0.0,128.0,745.0
814190.0,2.0,2.3102,-8.787,-0.06473,0.3104,0.86,-0.1484,0.0,0.0,128.0,741.0
814230.0,2.0,2.0571,-6.265,-0.05246,0.2956,-1.54,-0.2071,0.0,0.0,128.0,757.0
814270.0,2.0,1.9113,-4.152,-0.04264,0.1848,-3.94,-0.2122,0.0,0.0,128.0,757.0
814310.0,2.0,1.9466,-0.212,-0.03851,0.0302,-2.86,-0.3557,0.0,0.0,128.0,780.0
814351.0,2.0,2.0341,1.722,-0.03892,-0.0353,-0.4,-0.42,0.0,0.0,128.0,738.0
814391.0,2.0,2.2381,4.366,-0.04001,-0.0021,2.0,-0.4908,0.0,0.0,128.0,751.0
814432.0,2.0,2.5418,7.064,-0.0378,0.1315,4.46,-0.5148,0.0,0.0,128.0,737.0
814472.0,2.0,2.9744,10.241,-0.02861,0.3591,6.86,-0.316,0.0,0.0,128.0,742.0
814513.0,5.0,-2.6523,13.939,-0.00915,0.5937,4.52,-0.2645,0.0,0.0,128.0,673.0
814553.0,5.0,-2.0862,13.201,0.0171,0.7253,2.12,-0.2645,0.0,0.0,128.0,689.0
814594.0,5.0,-1.5278,10.942,0.04676,0.7609,-0.28,-0.2645,0.0,0.0,128.0,674.0
814634.0,5.0,-1.1628,8.917,0.07605,0.7005,-2.68,-0.2645,0.0,0.0,128.0,689.0
814674.0,5.0,-1.037,4.436,0.10151,0.539,-5.14,-0.2645,0.0,0.0,128.0,687.0
814714.0,5.0,-1.2072,-2.97,0.11824,0.2955,-5.951,-0.2645,0.0,0.0,128.0,656.0
814755.0,5.0,-1.0278,2.737,0.12596,0.1067,-3.551,-0.2645,0.0,0.0,128.0,666.0
814795.0,5.0,-1.0492,0.471,0.12806,0.0116,-1.152,-0.2645,0.0,0.0,128.0,654.0
814835.0,2.0,-1.1904,-2.773,0.1281,-0.0143,-1.291,0.4274,0.0,0.0,128.0,723.0
814875.0,2.0,-1.4159,-5.103,0.12593,-0.1151,-3.691,0.3265,0.0,0.0,128.0,743.0
814916.0,2.0,-1.6506,-4.125,0.11764,-0.3181,-6.151,0.0381,0.0,0.0,128.0,738.0
814956.0,2.0,-2.6707,-21.078,0.10024,-0.566,-5.295,1.913,0.0,0.0,128.0,747.0
814997.0,2.0,2.8133,-19.956,0.07384,-0.7315,-2.835,1.5657,0.0,0.0,128.0,759.0
815038.0,2.0,2.1598,-17.329,0.04271,-0.796,-0.375,1.3799,0.0,0.0,128.0,750.0
815078.0,2.0,1.6429,-13.719,0.01136,-0.7868,1.216,1.1329,0.0,0.0,128.0,772.0
815119.0,2.0,1.2579,-10.316,-0.01976,-0.755,1.405,1.013,0.0,0.0,128.0,760.0
815159.0,2.0,0.9771,-7.592,-0.04781,-0.6496,3.805,0.9454,0.0,0.0,128.0,751.0
815200.0,2.0,0.3344,-14.308,-0.07043,-0.4672,3.864,2.2282,0.0,0.0,128.0,743.0
815241.0,2.0,0.2209,-5.863,-0.08681,-0.3479,3.084,1.2041,0.0,0.0,128.0,753.0
815282.0,3.0,0.1104,-2.827,-0.09791,-0.2029,2.784,1.0444,0.0,0.0,128.0,723.0
815322.0,3.0,-0.3252,-9.011,-0.1044,-0.1407,0.384,1.4608,0.0,0.0,128.0,716.0
815364.0,2.0,-0.7854,-11.022,-0.11063,-0.1785,-1.896,1.4481,0.0,0.0,128.0,765.0
815405.0,2.0,-0.8897,-4.123,-0.11869,-0.2045,0.564,0.7165,0.0,0.0,128.0,732.0
815445.0,2.0,-1.0124,-2.972,-0.1257,-0.1328,2.964,0.583,0.0,0.0,128.0,752.0
815486.0,2.0,-1.8224,-16.839,-0.12803,0.0404,5.424,1.5507,0.0,0.0,128.0,724.0
815526.0,2.0,-2.4651,-17.084,-0.12169,0.3063,7.696,1.0812,0.0,0.0,128.0,747.0
815567.0,2.0,2.9667,-20.202,-0.10384,0.5703,5.25,1.6084,0.0,0.0,128.0,731.0
815608.0,2.0,2.3991,-15.934,-0.07725,0.7341,2.796,0.92,0.0,0.0,128.0,744.0
815649.0,2.0,1.9942,-10.297,-0.04605,0.7971,0.336,0.2713,0.0,0.0,128.0,723.0
815689.0,2.0,1.761,-7.078,-0.01504,0.7614,-2.064,0.1507,0.0,0.0,128.0,749.0
815729.0,2.0,1.6644,-3.492,0.01268,0.6311,-4.049,0.012,0.0,0.0,128.0,768.0
815770.0,2.0,1.6352,-1.086,0.03491,0.4674,-4.165,-0.04,0.0,0.0,128.0,771.0
815811.0,2.0,1.7472,1.954,0.05055,0.3136,-2.777,-0.1346,0.0,0.0,128.0,749.0
815851.0,2.0,1.988,5.193,0.06139,0.2518,-0.377,-0.2237,0.0,0.0,128.0,742.0
815892.0,2.0,2.2626,6.97,0.07192,0.288,2.083,-0.3571,0.0,0.0,128.0,732.0
815932.0,5.0,2.798,11.387,0.08528,0.3901,1.843,-0.4582,0.0,0.0,128.0,697.0
815973.0,5.0,-2.8793,13.293,0.10185,0.414,-0.617,-0.4582,0.0,0.0,128.0,682.0
816014.0,5.0,-2.436,10.983,0.11708,0.3402,-3.017,-0.4582,0.0,0.0,128.0,696.0
816054.0,5.0,-1.7671,14.854,0.12773,0.1692,-4.503,-0.4582,0.0,0.0,128.0,675.0
816094.0,5.0,-1.6736,4.223,0.13159,0.0383,-2.103,-0.4582,0.0,0.0,128.0,674.0
816135.0,6.0,-1.5585,2.322,0.13207,-0.0005,-0.268,-0.4582,0.0,0.0,128.0,723.0
816175.0,6.0,-1.5861,0.107,0.13125,-0.05,-1.5,-0.4582,0.0,0.0,128.0,696.0
816215.0,2.0,-1.6245,-0.874,0.12806,-0.1226,-2.7,-0.0534,0.0,0.0,128.0,744.0
816256.0,2.0,-2.0417,-7.752,0.1203,-0.285,-5.16,-0.036,0.0,0.0,128.0,753.0
816296.0,2.0,-2.5387,-12.482,0.10459,-0.5249,-5.745,0.2028,0.0,0.0,128.0,762.0
816337.0,2.0,3.091,-16.36,0.0795,-0.709,-3.303,0.6985,0.0,0.0,128.0,727.0
816377.0,2.0,2.4743,-15.003,0.04969,-0.7921,-0.908,0.6646,0.0,0.0,128.0,743.0
816418.0,2.0,2.0433,-11.11,0.01744,-0.8,0.0,0.3679,0.0,0.0,128.0,738.0
816458.0,2.0,1.6245,-9.982,-0.01402,-0.7991,0.3,0.5927,0.0,0.0,128.0,762.0
816499.0,2.0,1.4281,-5.928,-0.0453,-0.7351,2.76,0.3728,0.0,0.0,128.0,745.0
816540.0,2.0,1.2594,-3.996,-0.07204,-0.5703,5.22,0.3804,0.0,0.0,128.0,756.0
816581.0,2.0,1.1904,-2.318,-0.09023,-0.3046,7.68,0.4389,0.0,0.0,128.0,736.0
816622.0,2.0,1.307,2.009,-0.09615,0.0099,6.667,0.2873,0.0,0.0,128.0,729.0
816662.0,2.0,1.4143,2.481,-0.09127,0.2305,4.455,0.2149,0.0,0.0,128.0,745.0
816703.0,2.0,1.7365,6.642,-0.07841,0.429,5.957,0.1264,0.0,0.0,128.0,733.0
816743.0,2.0,2.0095,7.365,-0.05711,0.6455,4.303,-0.118,0.0,0.0,128.0,735.0
816783.0,2.0,2.6415,13.982,-0.02903,0.7687,1.919,0.3642,0.0,0.0,128.0,738.0
816824.0,2.0,-3.0756,13.85,0.00285,0.8,0.0,0.2133,0.0,0.0,128.0,730.0
816864.0,2.0,-2.5617,12.452,0.03409,0.775,-0.709,0.173,0.0,0.0,128.0,773.0
816904.0,2.0,-1.7196,17.104,0.06405,0.7325,-2.149,1.7858,0.0,0.0,128.0,768.0
816945.0,2.0,-1.2962,11.387,0.09113,0.5927,-4.609,1.1229,0.0,0.0,128.0,740.0
816986.0,2.0,-1.1106,6.315,0.1107,0.3521,-7.069,0.7177,0.0,0.0,128.0,764.0
817027.0,2.0,-1.3315,-2.321,0.11857,0.0172,-8.329,0.3173,0.0,0.0,128.0,745.0
817067.0,2.0,-1.175,1.886,0.1134,-0.285,-7.851,0.3846,0.0,0.0,128.0,738.0
817108.0,2.0,-1.2103,0.112,0.09626,-0.5559,-5.413,0.3734,0.0,0.0,128.0,756.0
817148.0,2.0,-1.376,-3.328,0.07088,-0.7232,-3.013,0.2743,0.0,0.0,128.0,755.0
817189.0,2.0,-1.5355,-3.684,0.03998,-0.7951,-0.553,0.1367,0.0,0.0,128.0,746.0
817229.0,2.0,-1.9696,-7.003,0.00855,-0.7999,0.0,0.0058,0.0,0.0,128.0,737.0
817269.0,2.0,-2.8363,-20.309,-0.02295,-0.7945,0.78,1.6688,0.0,0.0,128.0,759.0
817309.0,2.0,2.9284,-16.107,-0.05302,-0.7238,2.46,0.6724,0.0,0.0,128.0,759.0
817350.0,5.0,2.4498,-12.929,-0.08078,-0.6558,1.831,-0.3041,0.0,0.0,128.0,695.0
817390.0,5.0,2.1445,-9.122,-0.10466,-0.5333,4.231,-0.3041,0.0,0.0,128.0,688.0
817430.0,5.0,1.8868,-6.639,-0.12184,-0.3161,6.151,-0.3041,0.0,0.0,128.0,661.0
817470.0,5.0,1.8484,-2.927,-0.13024,-0.1192,3.751,-0.3041,0.0,0.0,128.0,653.0
817510.0,5.0,1.8362,-0.141,-0.13268,-0.0172,1.412,-0.3041,0.0,0.0,128.0,667.0
817550.0,6.0,1.985,2.763,-0.13279,0.0079,0.953,-0.3041,0.0,0.0,128.0,710.0
817591.0,6.0,2.1614,3.636,-0.13133,0.0672,1.5,-0.3041,0.0,0.0,128.0,715.0
817631.0,2.0,2.6722,10.898,-0.12743,0.1437,2.88,-0.1418,0.0,0.0,128.0,735.0
817671.0,2.0,3.068,11.128,-0.11895,0.3081,5.28,-0.2171,0.0,0.0,128.0,743.0
817711.0,2.0,-2.6814,11.353,-0.10226,0.5476,5.503,-0.0724,0.0,0.0,128.0,743.0
817752.0,2.0,-1.58,23.199,-0.0765,0.7218,3.05,3.4051,0.0,0.0,128.0,718.0
817792.0,2.0,-1.1766,13.894,-0.04639,0.7949,0.77,1.5632,0.0,0.0,128.0,730.0
817833.0,2.0,-0.9986,7.914,-0.01421,0.7889,-0.909,0.9417,0.0,0.0,128.0,744.0
817873.0,2.0,-0.9281,3.447,0.0156,0.7062,-3.236,0.6918,0.0,0.0,128.0,747.0
817914.0,2.0,-1.1045,-3.116,0.04095,0.5432,-3.493,0.525,0.0,0.0,128.0,751.0
817954.0,2.0,-0.9971,1.008,0.06019,0.4274,-3.498,0.5328,0.0,0.0,128.0,765.0
817994.0,2.0,-1.037,-0.056,0.07373,0.2383,-5.898,0.5344,0.0,0.0,128.0,774.0
818035.0,2.0,-1.218,-3.838,0.07916,0.0433,-3.558,0.4303,0.0,0.0,128.0,743.0
818076.0,2.0,-1.2671,-1.636,0.07834,-0.0931,-3.583,0.3257,0.0,0.0,128.0,729.0
818116.0,2.0,-1.3898,-2.882,0.07249,-0.2005,-2.637,0.2171,0.0,0.0,128.0,734.0
818157.0,2.0,-1.9482,-10.208,0.06195,-0.3413,-4.58,0.3667,0.0,0.0,128.0,715.0
818197.0,2.0,-2.7658,-18.561,0.04493,-0.5152,-3.292,1.2343,0.0,0.0,128.0,733.0
818238.0,2.0,2.8103,-16.874,0.02205,-0.6129,-1.846,0.8568,0.0,0.0,128.0,739.0
818279.0,2.0,2.1997,-14.716,-0.00349,-0.6373,0.374,0.8302,0.0,0.0,128.0,760.0
818320.0,2.0,1.649,-13.146,-0.02869,-0.5993,2.078,1.0579,0.0,0.0,128.0,739.0
818361.0,2.0,1.2732,-9.854,-0.05051,-0.4624,4.538,0.9238,0.0,0.0,128.0,757.0
818402.0,2.0,1.0385,-6.482,-0.06484,-0.2247,6.998,0.7853,0.0,0.0,128.0,735.0
818443.0,2.0,0.4878,-12.364,-0.0687,0.026,4.923,1.8781,0.0,0.0,128.0,721.0
818484.0,3.0,0.497,-2.711,-0.06397,0.215,4.564,0.9255,0.0,0.0,128.0,731.0
818524.0,3.0,0.2393,-5.483,-0.05265,0.3484,2.164,1.1615,0.0,0.0,128.0,708.0
818564.0,3.0,-0.2577,-11.932,-0.03788,0.3858,-0.236,1.8668,0.0,0.0,128.0,724.0
818604.0,3.0,-0.2899,-3.225,-0.02348,0.3271,-2.636,1.024,0.0,0.0,128.0,730.0
818645.0,3.0,-0.3912,-2.052,-0.01301,0.1674,-5.096,0.9511,0.0,0.0,128.0,714.0
818685.0,3.0,-0.6903,-6.251,-0.01095,-0.0856,-7.496,1.018,0.0,0.0,128.0,690.0
818726.0,5.0,-0.8989,-5.809,-0.02014,-0.3603,-5.516,1.0454,0.0,0.0,128.0,682.0
818766.0,5.0,-0.9327,-1.396,-0.03795,-0.5317,-3.116,1.0454,0.0,0.0,128.0,675.0
818806.0,5.0,-1.1259,-4.075,-0.06068,-0.6071,-0.716,1.0454,0.0,0.0,128.0,683.0
818847.0,5.0,-1.4419,-5.493,-0.08456,-0.5866,1.684,1.0454,0.0,0.0,128.0,673.0
818887.0,5.0,-2.0908,-17.17,-0.10627,-0.4659,4.144,1.0454,0.0,0.0,128.0,688.0
818927.0,5.0,-2.7658,-17.235,-0.12086,-0.2556,5.536,1.0454,0.0,0.0,128.0,666.0
818968.0,5.0,2.8455,-17.75,-0.12739,-0.0803,3.076,1.0454,0.0,0.0,128.0,675.0
819008.0,5.0,2.4866,-10.692,-0.12881,-0.0051,0.736,1.0454,0.0,0.0,128.0,668.0
819048.0,2.0,2.0064,-11.353,-0.12863,0.0248,1.705,0.4272,0.0,0.0,128.0,731.0
819089.0,2.0,1.8807,-5.161,-0.126,0.1042,1.829,-0.1172,0.0,0.0,128.0,743.0
819130.0,2.0,1.7794,-3.17,-0.1197,0.2281,4.22,-0.1047,0.0,0.0,128.0,739.0
819171.0,2.0,1.7886,-0.243,-0.10643,0.4525,6.44,-0.1989,0.0,0.0,128.0,749.0
819212.0,2.0,1.9666,3.362,-0.0837,0.6656,4.012,-0.3008,0.0,0.0,128.0,751.0
819253.0,2.0,2.166,5.32,-0.05426,0.7787,1.6,-0.4151,0.0,0.0,128.0,751.0
819294.0,2.0,2.6584,10.421,-0.0222,0.7999,0.0,-0.1802,0.0,0.0,128.0,729.0
819335.0,2.0,3.0143,9.717,0.01013,0.7999,0.0,-0.4027,0.0,0.0,128.0,744.0
819378.0,5.0,-2.64,11.964,0.04324,0.7996,-0.18,-0.0463,0.0,0.0,128.0,789.0
819418.0,5.0,-2.1997,9.503,0.07463,0.7405,-2.64,-0.0463,0.0,0.0,128.0,681.0
819458.0,5.0,-1.7702,8.297,0.10118,0.5857,-5.04,-0.0463,0.0,0.0,128.0,663.0
819499.0,5.0,-1.7135,1.731,0.12019,0.334,-6.3,-0.0463,0.0,0.0,128.0,673.0
819539.0,5.0,-1.7656,-1.429,0.12915,0.1309,-3.961,-0.0463,0.0,0.0,128.0,666.0
819580.0,5.0,-1.7395,0.02,0.13193,0.0201,-1.501,-0.0463,0.0,0.0,128.0,674.0
819620.0,6.0,-1.7948,-3.075,0.13207,-0.0064,-0.856,-0.0463,0.0,0.0,128.0,720.0
819661.0,6.0,-2.6384,-15.107,0.13072,-0.0647,-1.5,-0.0463,0.0,0.0,128.0,710.0
819701.0,2.0,3.1217,-15.53,0.12679,-0.1526,-3.3,0.5254,0.0,0.0,128.0,731.0
819741.0,2.0,2.6507,-13.55,0.11764,-0.3338,-5.7,0.3083,0.0,0.0,128.0,739.0
819782.0,2.0,2.166,-11.422,0.09926,-0.5794,-5.145,0.2841,0.0,0.0,128.0,732.0
819822.0,2.0,1.7886,-9.338,0.07313,-0.7362,-2.754,0.3443,0.0,0.0,128.0,738.0
819863.0,2.0,1.5355,-7.003,0.04185,-0.7982,-0.355,0.3873,0.0,0.0,128.0,739.0
819903.0,2.0,1.3744,-4.426,0.01084,-0.7632,2.045,0.3437,0.0,0.0,128.0,750.0
819944.0,2.0,1.2456,-3.716,-0.01755,-0.6277,4.505,0.399,0.0,0.0,128.0,727.0
819984.0,2.0,1.3453,0.606,-0.03833,-0.4162,4.89,0.2563,0.0,0.0,128.0,752.0
820025.0,2.0,1.5432,4.15,-0.05183,-0.264,3.27,0.1405,0.0,0.0,128.0,734.0
820066.0,2.0,1.8653,6.98,-0.05921,-0.0783,5.73,0.0286,0.0,0.0,128.0,737.0
820106.0,2.0,2.2918,9.763,-0.05726,0.2001,8.13,-0.05,0.0,0.0,128.0,742.0
820147.0,2.0,2.8287,11.788,-0.04305,0.4962,6.036,-0.0445,0.0,0.0,128.0,743.0
820188.0,2.0,-2.6016,19.082,-0.01886,0.6922,3.58,1.4637,0.0,0.0,128.0,747.0
820229.0,2.0,-1.9804,15.396,0.01121,0.7873,1.12,1.1732,0.0,0.0,128.0,731.0
820270.0,5.0,-1.2057,17.502,0.04343,0.7997,-0.12,2.5008,0.0,0.0,128.0,794.0
820310.0,5.0,-0.8713,9.36,0.07421,0.7457,-2.52,2.5008,0.0,0.0,128.0,690.0
820351.0,5.0,-0.5906,7.512,0.10163,0.5908,-4.98,2.5008,0.0,0.0,128.0,655.0
820391.0,5.0,-0.408,5.207,0.12049,0.3467,-6.42,2.5008,0.0,0.0,128.0,646.0
820431.0,5.0,-0.2485,5.481,0.1299,0.1388,-4.08,2.5008,0.0,0.0,128.0,659.0
820472.0,5.0,0.3482,13.248,0.13286,0.0248,-1.68,2.5008,0.0,0.0,128.0,654.0
820512.0,6.0,0.8237,12.159,0.13313,-0.0047,-0.736,2.5008,0.0,0.0,128.0,717.0
820552.0,6.0,1.3223,12.262,0.13193,-0.0602,-1.5,2.5008,0.0,0.0,128.0,715.0
820592.0,2.0,1.8822,13.424,0.1284,-0.1274,-2.4,0.8488,0.0,0.0,128.0,743.0
820633.0,2.0,2.5832,16.14,0.12068,-0.2775,-4.86,0.8016,0.0,0.0,128.0,731.0
820673.0,2.0,-2.7305,21.303,0.10541,-0.5117,-5.82,1.9273,0.0,0.0,128.0,735.0
820714.0,2.0,-1.9221,23.804,0.08074,-0.7014,-3.435,3.2883,0.0,0.0,128.0,729.0
820754.0,2.0,-1.5355,12.687,0.05115,-0.7899,-1.042,1.172,0.0,0.0,128.0,726.0
820795.0,2.0,-1.152,9.212,0.01894,-0.7999,0.0,0.9646,0.0,0.0,128.0,717.0
820835.0,2.0,-1.04,3.982,-0.01253,-0.7999,0.0,0.6194,0.0,0.0,128.0,728.0
820875.0,2.0,-1.0324,0.854,-0.04365,-0.7644,2.037,0.5463,0.0,0.0,128.0,755.0
820915.0,2.0,-1.2134,-3.877,-0.07163,-0.6337,4.437,0.4599,0.0,0.0,128.0,758.0
820956.0,2.0,-1.221,-1.247,-0.09296,-0.4001,6.897,0.3283,0.0,0.0,128.0,743.0
820996.0,2.0,-1.3085,-0.444,-0.10301,-0.0916,8.584,0.3218,0.0,0.0,128.0,745.0
821037.0,2.0,-1.8454,-12.467,-0.09953,0.271,7.964,0.6751,0.0,0.0,128.0,744.0
821078.0,2.0,-2.413,-13.737,-0.08291,0.5458,5.504,0.493,0.0,0.0,128.0,730.0
821119.0,2.0,-3.0588,-15.805,-0.05708,0.7206,3.071,0.5791,0.0,0.0,128.0,771.0
821160.0,2.0,2.6446,-14.556,-0.02625,0.7949,0.611,0.4788,0.0,0.0,128.0,744.0
821200.0,2.0,2.393,-7.723,0.00484,0.7701,-1.789,-0.3675,0.0,0.0,128.0,754.0
821241.0,2.0,2.1338,-6.393,0.03379,0.6451,-4.249,-0.2266,0.0,0.0,128.0,779.0
821282.0,2.0,1.9436,-4.649,0.05573,0.4192,-6.709,-0.2112,0.0,0.0,128.0,752.0
821323.0,2.0,1.7702,-4.188,0.06656,0.0925,-9.169,-0.0808,0.0,0.0,128.0,745.0
821363.0,2.0,1.8147,-0.061,0.06311,-0.2681,-7.984,-0.215,0.0,0.0,128.0,743.0
821404.0,2.0,1.9742,3.219,0.04661,-0.5438,-5.524,-0.319,0.0,0.0,128.0,732.0
821445.0,2.0,2.1921,4.962,0.02093,-0.7186,-3.064,-0.4239,0.0,0.0,128.0,743.0
821485.0,2.0,2.3915,4.469,-0.00911,-0.7919,-0.664,-0.5788,0.0,0.0,128.0,751.0
821526.0,2.0,2.8762,10.737,-0.04088,-0.7675,1.796,-0.2416,0.0,0.0,128.0,751.0
821567.0,2.0,-2.844,12.64,-0.06971,-0.6422,4.256,0.0364,0.0,0.0,128.0,765.0
821608.0,2.0,-2.235,15.721,-0.09154,-0.416,6.716,0.9495,0.0,0.0,128.0,745.0
821649.0,2.0,-1.6322,15.382,-0.10264,-0.1331,6.316,1.4877,0.0,0.0,128.0,741.0
821689.0,2.0,-1.2671,11.056,-0.10253,0.1612,8.332,1.108,0.0,0.0,128.0,723.0
821730.0,2.0,-1.175,4.059,-0.08989,0.4574,6.027,0.5092,0.0,0.0,128.0,716.0
821771.0,2.0,-1.0983,2.127,-0.06731,0.6528,3.567,0.4956,0.0,0.0,128.0,722.0
821811.0,2.0,-1.1551,-0.579,-0.03949,0.755,2.247,0.422,0.0,0.0,128.0,730.0
821852.0,2.0,-1.2901,-2.845,-0.00784,0.7997,0.027,0.339,0.0,0.0,128.0,718.0
821892.0,2.0,-1.4726,-3.646,0.02363,0.7983,-0.421,0.2107,0.0,0.0,128.0,753.0
821933.0,2.0,-1.8592,-5.675,0.05479,0.7294,-2.881,-0.0056,0.0,0.0,128.0,752.0
821973.0,2.0,-2.7274,-19.914,0.08078,0.572,-4.044,1.5799,0.0,0.0,128.0,774.0
822014.0,2.0,2.8655,-17.977,0.10031,0.3758,-5.96,1.0865,0.0,0.0,128.0,765.0
822055.0,2.0,2.1829,-16.7,0.11059,0.1235,-6.713,1.218,0.0,0.0,128.0,744.0
822096.0,2.0,1.6429,-13.986,0.10961,-0.185,-7.48,1.1818,0.0,0.0,128.0,754.0
822137.0,2.0,1.2287,-10.921,0.09608,-0.4822,-6.175,1.1245,0.0,0.0,128.0,724.0
822178.0,2.0,0.9235,-7.953,0.0723,-0.684,-3.727,1.0205,0.0,0.0,128.0,731.0
822218.0,2.0,0.6995,-5.785,0.04301,-0.7842,-1.337,0.9677,0.0,0.0,128.0,737.0
822259.0,2.0,0.3206,-8.679,0.01084,-0.8,0.0,1.4431,0.0,0.0,128.0,729.0
822299.0,2.0,0.4725,1.545,-0.02036,-0.7707,1.845,0.9084,0.0,0.0,128.0,733.0
822340.0,2.0,0.5614,1.943,-0.04931,-0.6435,4.232,0.864,0.0,0.0,128.0,758.0
822380.0,3.0,0.3467,-4.424,-0.07088,-0.4365,5.218,1.0642,0.0,0.0,128.0,737.0
822421.0,3.0,0.4587,1.076,-0.08483,-0.2465,5.278,0.904,0.0,0.0,128.0,693.0
822461.0,3.0,0.4571,-0.161,-0.08989,0.0138,7.678,0.8975,0.0,0.0,128.0,701.0
822502.0,3.0,0.5108,1.019,-0.08269,0.347,7.372,0.8789,0.0,0.0,128.0,704.0
822542.0,3.0,0.5952,1.534,-0.06397,0.5929,4.985,0.8429,0.0,0.0,128.0,697.0
822583.0,3.0,0.7118,2.88,-0.0366,0.7459,2.541,0.8076,0.0,0.0,128.0,711.0
822623.0,2.0,0.9879,5.236,-0.00589,0.7983,0.141,0.7504,0.0,0.0,128.0,743.0
822663.0,2.0,1.3008,7.297,0.02501,0.7548,-2.259,0.6112,0.0,0.0,128.0,765.0
822704.0,2.0,1.6552,9.158,0.05299,0.6174,-3.489,0.4074,0.0,0.0,128.0,736.0
822744.0,2.0,2.1537,11.289,0.07526,0.5268,-1.261,0.284,0.0,0.0,128.0,746.0
822785.0,2.0,2.7581,13.248,0.09488,0.4377,-2.031,0.1952,0.0,0.0,128.0,754.0
822825.0,2.0,-3.002,13.515,0.11055,0.3508,-2.703,0.1623,0.0,0.0,128.0,766.0
822866.0,2.0,-2.1706,17.1,0.12188,0.1884,-5.163,1.3002,0.0,0.0,128.0,746.0
822907.0,2.0,-1.6582,12.755,0.12465,-0.075,-7.623,0.9121,0.0,0.0,128.0,745.0
822947.0,2.0,-1.534,4.314,0.11588,-0.3746,-7.143,0.2238,0.0,0.0,128.0,719.0
822988.0,2.0,-1.5601,-0.364,0.09574,-0.6161,-4.694,0.0265,0.0,0.0,128.0,718.0
823028.0,2.0,-1.5969,-0.899,0.06851,-0.7549,-2.302,-0.0436,0.0,0.0,128.0,746.0
823068.0,2.0,-1.5401,1.341,0.03765,-0.7998,-0.075,0.0776,0.0,0.0,128.0,747.0
823109.0,2.0,-1.9098,-5.923,0.0054,-0.7999,0.0,-0.0407,0.0,0.0,128.0,737.0
823149.0,2.0,-2.4743,-13.311,-0.02614,-0.8,0.0,0.311,0.0,0.0,128.0,750.0
823190.0,5.0,-3.117,-14.633,-0.0582,-0.7848,1.32,0.2228,0.0,0.0,128.0,667.0
823230.0,5.0,2.8149,-10.709,-0.08756,-0.6828,3.72,0.2228,0.0,0.0,128.0,682.0
823270.0,5.0,2.5265,-6.0,-0.11104,-0.4848,6.12,0.2228,0.0,0.0,128.0,690.0
823311.0,5.0,2.2826,-5.0,-0.12548,-0.2309,5.22,0.2228,0.0,0.0,128.0,672.0
823351.0,5.0,2.2243,-2.229,-0.13117,-0.0699,2.881,0.2228,0.0,0.0,128.0,663.0
823391.0,5.0,2.2887,0.829,-0.13234,-0.0029,0.544,0.2228,0.0,0.0,128.0,672.0
823432.0,6.0,2.4605,3.557,-0.13207,0.0302,1.5,0.2228,0.0,0.0,128.0,725.0
823476.0,2.0,2.6523,4.495,-0.12937,0.0984,1.98,-0.7386,0.0,0.0,128.0,870.0
823516.0,2.0,-3.0925,11.342,-0.12338,0.2268,4.38,-0.1853,0.0,0.0,128.0,730.0
823556.0,2.0,-2.7336,9.327,-0.11044,0.4505,6.42,-0.3473,0.0,0.0,128.0,747.0
823596.0,2.0,-2.2642,10.145,-0.08843,0.6602,4.096,0.0701,0.0,0.0,128.0,717.0
823637.0,2.0,-1.5478,18.51,-0.05917,0.7766,1.638,2.2575,0.0,0.0,128.0,744.0
823677.0,2.0,-1.4266,7.813,-0.02798,0.7974,-0.518,0.5282,0.0,0.0,128.0,747.0
823717.0,2.0,-1.3177,4.115,0.0024,0.7275,-2.918,0.3674,0.0,0.0,128.0,751.0
823758.0,2.0,-1.3929,-0.47,0.02884,0.5772,-3.193,0.1932,0.0,0.0,128.0,753.0
823799.0,2.0,-1.5723,-3.684,0.04988,0.4562,-3.767,0.0926,0.0,0.0,128.0,746.0
823839.0,2.0,-1.695,-3.164,0.06431,0.2564,-6.167,-0.0603,0.0,0.0,128.0,755.0
823880.0,2.0,-1.9451,-4.627,0.06904,-0.0481,-8.627,-0.175,0.0,0.0,128.0,738.0
823920.0,2.0,-2.8118,-18.263,0.06064,-0.3769,-7.123,1.1813,0.0,0.0,128.0,742.0
823961.0,2.0,2.7136,-17.964,0.04035,-0.6173,-4.663,1.1242,0.0,0.0,128.0,742.0
824001.0,2.0,2.0923,-16.912,0.01316,-0.7546,-2.263,1.3157,0.0,0.0,128.0,751.0
824041.0,2.0,1.5892,-13.901,-0.0177,-0.7959,0.137,1.216,0.0,0.0,128.0,773.0
824082.0,2.0,1.2057,-10.318,-0.04901,-0.7386,2.597,1.0533,0.0,0.0,128.0,760.0
824122.0,2.0,0.925,-7.765,-0.07549,-0.5855,4.997,1.0049,0.0,0.0,128.0,753.0
824163.0,2.0,0.2178,-15.477,-0.09469,-0.3621,4.697,2.4851,0.0,0.0,128.0,746.0
824203.0,2.0,0.1703,-4.911,-0.10594,-0.2108,3.977,1.1478,0.0,0.0,128.0,744.0
824243.0,3.0,-0.115,-5.95,-0.11119,-0.0659,2.537,1.2171,0.0,0.0,128.0,723.0
824284.0,3.0,-0.4663,-8.324,-0.1125,-0.0135,0.077,1.3312,0.0,0.0,128.0,709.0
824324.0,2.0,-0.8529,-9.402,-0.11359,-0.0584,-1.843,1.2168,0.0,0.0,128.0,753.0
824365.0,2.0,-1.2655,-9.485,-0.11678,-0.0823,0.617,0.9085,0.0,0.0,128.0,744.0
824405.0,2.0,-1.9727,-16.492,-0.11891,-0.0085,3.017,1.3474,0.0,0.0,128.0,750.0
824446.0,2.0,-3.0097,-24.397,-0.11618,0.1669,5.477,2.7697,0.0,0.0,128.0,729.0
824486.0,2.0,2.597,-19.817,-0.10485,0.4282,6.677,1.68,0.0,0.0,128.0,744.0
824527.0,2.0,2.077,-14.214,-0.08291,0.6506,4.234,0.8389,0.0,0.0,128.0,751.0
824568.0,2.0,1.7825,-8.477,-0.05396,0.7725,1.774,0.2668,0.0,0.0,128.0,708.0
824608.0,2.0,1.534,-6.647,-0.0228,0.7999,0.0,0.3305,0.0,0.0,128.0,738.0
824649.0,2.0,1.465,-2.938,0.00945,0.8,0.027,0.185,0.0,0.0,128.0,712.0
824689.0,2.0,1.4665,-0.544,0.04039,0.7518,-2.373,0.1309,0.0,0.0,128.0,758.0
824729.0,2.0,1.6352,3.578,0.06758,0.6077,-4.773,0.0347,0.0,0.0,128.0,765.0
824769.0,2.0,1.8392,4.165,0.08828,0.4565,-2.613,-0.1385,0.0,0.0,128.0,764.0
824810.0,2.0,2.3224,10.676,0.10523,0.3945,-1.353,0.0442,0.0,0.0,128.0,758.0
824851.0,5.0,2.778,11.192,0.11989,0.323,-2.576,-0.0684,0.0,0.0,128.0,660.0
824891.0,5.0,-2.9391,14.707,0.13001,0.1719,-4.496,-0.0684,0.0,0.0,128.0,675.0
824932.0,5.0,-2.4099,14.594,0.13395,0.0396,-2.097,-0.0684,0.0,0.0,128.0,672.0
824973.0,6.0,-2.1445,9.147,0.13448,-0.0005,-0.248,-0.0684,0.0,0.0,128.0,708.0
825013.0,6.0,-1.7687,9.358,0.13365,-0.0496,-1.5,-0.0684,0.0,0.0,128.0,705.0
825054.0,6.0,-1.7564,2.63,0.13046,-0.1111,-1.5,-0.0684,0.0,0.0,128.0,696.0
825094.0,2.0,-1.7963,-0.207,0.12446,-0.211,-3.66,-0.1975,0.0,0.0,128.0,728.0
825135.0,2.0,-1.9251,-2.816,0.11235,-0.4127,-6.12,-0.3055,0.0,0.0,128.0,745.0
825175.0,2.0,-2.3838,-8.722,0.09158,-0.6353,-4.446,-0.2083,0.0,0.0,128.0,732.0
825216.0,2.0,-2.8946,-13.297,0.06307,-0.766,-1.988,0.1426,0.0,0.0,128.0,737.0
825257.0,2.0,2.8072,-12.491,0.0312,-0.7999,0.0,0.0449,0.0,0.0,128.0,743.0
825298.0,2.0,2.3869,-9.139,-0.00109,-0.7999,0.0,-0.2111,0.0,0.0,128.0,743.0
825338.0,2.0,2.0816,-8.322,-0.03263,-0.7999,0.0,0.0106,0.0,0.0,128.0,748.0
825379.0,5.0,1.8899,-4.94,-0.06458,-0.7702,1.86,-0.19,0.0,0.0,128.0,675.0
825419.0,5.0,1.7763,-3.408,-0.09296,-0.6466,4.26,-0.19,0.0,0.0,128.0,688.0
825459.0,5.0,1.8362,0.249,-0.1146,-0.427,6.66,-0.19,0.0,0.0,128.0,675.0
825500.0,5.0,2.0126,3.656,-0.12679,-0.1866,4.68,-0.19,0.0,0.0,128.0,661.0
825540.0,5.0,2.1967,5.292,-0.13117,-0.0466,2.341,-0.19,0.0,0.0,128.0,659.0
825580.0,5.0,2.6937,10.353,-0.13181,-0.0002,0.136,-0.19,0.0,0.0,128.0,679.0
825621.0,6.0,-3.0097,13.945,-0.13117,0.0437,1.5,-0.19,0.0,0.0,128.0,701.0
825661.0,2.0,-2.4728,13.819,-0.12821,0.1163,2.7,0.4469,0.0,0.0,128.0,742.0
825702.0,2.0,-1.8837,13.702,-0.12068,0.2787,5.16,0.7903,0.0,0.0,128.0,736.0
825743.0,2.0,-1.5892,7.715,-0.10508,0.5113,5.885,0.3616,0.0,0.0,128.0,732.0
825784.0,2.0,-1.2395,8.412,-0.08036,0.701,3.427,0.7706,0.0,0.0,128.0,733.0
825824.0,2.0,-1.0753,4.877,-0.05078,0.7897,1.048,0.6657,0.0,0.0,128.0,739.0
825864.0,2.0,-1.1996,-1.659,-0.0195,0.7995,0.208,0.4007,0.0,0.0,128.0,742.0
825905.0,2.0,-1.4097,-4.368,0.01271,0.7999,0.0,0.3012,0.0,0.0,128.0,738.0
825945.0,2.0,-1.5999,-4.807,0.04384,0.7682,-1.92,0.1058,0.0,0.0,128.0,744.0
825985.0,2.0,-2.0141,-7.742,0.07196,0.6422,-4.32,0.1041,0.0,0.0,128.0,756.0
826026.0,2.0,-2.6124,-15.704,0.09375,0.4135,-6.78,0.7597,0.0,0.0,128.0,778.0
826067.0,2.0,2.887,-18.172,0.1053,0.1603,-6.12,1.1159,0.0,0.0,128.0,740.0
826108.0,2.0,2.235,-17.531,0.10654,-0.1032,-5.802,1.3789,0.0,0.0,128.0,743.0
826148.0,2.0,1.6368,-14.884,0.09832,-0.3281,-5.802,1.3423,0.0,0.0,128.0,745.0
826189.0,2.0,1.2026,-11.635,0.08018,-0.5748,-5.198,1.2409,0.0,0.0,128.0,720.0
826230.0,2.0,0.8744,-8.712,0.05347,-0.7366,-2.755,1.1343,0.0,0.0,128.0,732.0
826270.0,2.0,0.655,-5.703,0.02299,-0.7975,-0.355,0.9914,0.0,0.0,128.0,724.0
826311.0,2.0,0.1381,-11.196,-0.0093,-0.7999,0.0,1.789,0.0,0.0,128.0,701.0
826351.0,2.0,0.2976,0.828,-0.04061,-0.772,1.8,0.9656,0.0,0.0,128.0,765.0
826392.0,3.0,0.2117,-0.997,-0.06971,-0.6559,2.82,0.984,0.0,0.0,128.0,730.0
826433.0,5.0,-0.1718,-6.989,-0.0945,-0.5736,2.4,1.0156,0.0,0.0,128.0,667.0
826473.0,5.0,-0.2286,-4.537,-0.11468,-0.4284,4.8,1.0156,0.0,0.0,128.0,672.0
826513.0,5.0,-0.2991,-1.929,-0.12739,-0.2086,4.996,1.0156,0.0,0.0,128.0,669.0
826554.0,5.0,-0.5077,-4.776,-0.13241,-0.0579,2.596,1.0156,0.0,0.0,128.0,647.0
826594.0,5.0,-0.7716,-6.165,-0.13331,-0.0008,0.264,1.0156,0.0,0.0,128.0,673.0
826634.0,6.0,-0.9833,-5.839,-0.13283,0.0379,1.5,1.0156,0.0,0.0,128.0,701.0
826675.0,6.0,-1.7012,-15.421,-0.13009,0.0994,1.5,1.0156,0.0,0.0,128.0,711.0
826715.0,2.0,-2.4375,-16.925,-0.12443,0.2086,3.9,1.1157,0.0,0.0,128.0,738.0
826755.0,2.0,3.0388,-21.621,-0.11261,0.4138,6.3,1.9682,0.0,0.0,128.0,742.0
826796.0,2.0,2.3424,-16.628,-0.09116,0.6409,4.368,1.0726,0.0,0.0,128.0,730.0
826836.0,2.0,1.9712,-11.376,-0.06319,0.7664,1.968,0.4763,0.0,0.0,128.0,732.0
826876.0,2.0,1.6628,-8.122,-0.0321,0.7959,-0.432,0.3475,0.0,0.0,128.0,762.0
826917.0,2.0,1.4772,-4.999,-0.00011,0.7991,0.206,0.2539,0.0,0.0,128.0,737.0
826957.0,2.0,1.4327,-2.051,0.03131,0.7877,-1.183,0.1687,0.0,0.0,128.0,771.0
826997.0,2.0,1.4726,0.126,0.06079,0.6912,-3.583,0.112,0.0,0.0,128.0,781.0
827038.0,2.0,1.7334,4.783,0.08512,0.5008,-4.707,-0.0026,0.0,0.0,128.0,753.0
827079.0,2.0,2.0509,7.366,0.10223,0.3594,-2.247,-0.0716,0.0,0.0,128.0,753.0
827119.0,2.0,2.485,10.623,0.11516,0.301,-1.164,-0.0817,0.0,0.0,128.0,765.0
827160.0,5.0,2.8057,9.598,0.126,0.2369,-2.592,-0.1006,0.0,0.0,128.0,676.0
827200.0,5.0,-2.844,11.707,0.13286,0.0924,-3.322,-0.1006,0.0,0.0,128.0,669.0
827240.0,5.0,-2.1936,12.271,0.13459,0.0083,-0.985,-0.1006,0.0,0.0,128.0,676.0
827281.0,6.0,-2.0233,7.272,0.13451,-0.02,-1.5,-0.1006,0.0,0.0,128.0,702.0
827321.0,6.0,-1.7656,6.981,0.1326,-0.08,-1.5,-0.1006,0.0,0.0,128.0,724.0
827361.0,2.0,-1.6874,3.254,0.12829,-0.1463,-2.34,-0.0172,0.0,0.0,128.0,736.0
827401.0,2.0,-1.7825,-1.611,0.12008,-0.2891,-4.74,-0.1753,0.0,0.0,128.0,742.0
827442.0,2.0,-1.962,-4.18,0.10399,-0.5248,-5.745,-0.2763,0.0,0.0,128.0,722.0
827483.0,2.0,-2.3746,-11.96,0.07886,-0.709,-3.297,0.1039,0.0,0.0,128.0,763.0
827523.0,2.0,-3.1063,-15.299,0.04909,-0.7916,-0.897,0.4835,0.0,0.0,128.0,715.0
827563.0,2.0,2.6768,-13.198,0.01766,-0.7999,0.0,0.2057,0.0,0.0,128.0,740.0
827603.0,2.0,2.3654,-8.324,-0.01384,-0.7999,0.0,-0.2981,0.0,0.0,128.0,746.0
827644.0,5.0,2.008,-9.842,-0.04616,-0.7983,0.42,0.3569,0.0,0.0,128.0,701.0
827685.0,5.0,1.853,-4.933,-0.07669,-0.7323,2.82,0.3569,0.0,0.0,128.0,681.0
827725.0,5.0,1.7994,-1.877,-0.10335,-0.565,5.28,0.3569,0.0,0.0,128.0,670.0
827765.0,5.0,1.8653,0.843,-0.12101,-0.3155,6.12,0.3569,0.0,0.0,128.0,673.0
827805.0,5.0,2.0494,3.868,-0.12937,-0.1193,3.781,0.3569,0.0,0.0,128.0,680.0
827846.0,5.0,2.2764,3.984,-0.13185,-0.0159,1.383,0.3569,0.0,0.0,128.0,687.0
827886.0,6.0,2.8655,12.732,-0.13193,0.0093,1.036,0.3569,0.0,0.0,128.0,718.0
827926.0,6.0,-3.0603,10.743,-0.13046,0.0677,1.5,0.3569,0.0,0.0,128.0,717.0
827966.0,2.0,-2.571,9.094,-0.12626,0.1634,3.54,-0.3209,0.0,0.0,128.0,749.0
828007.0,2.0,-1.6997,19.522,-0.11625,0.3419,3.96,2.3526,0.0,0.0,128.0,730.0
828047.0,2.0,-1.488,7.696,-0.09934,0.5382,5.52,0.4285,0.0,0.0,128.0,730.0
828088.0,2.0,-1.129,8.856,-0.07388,0.7137,3.214,0.9249,0.0,0.0,128.0,734.0
828128.0,2.0,-1.1321,1.783,-0.04391,0.7933,0.82,0.4567,0.0,0.0,128.0,746.0
828169.0,2.0,-1.2471,-1.879,-0.01178,0.8,0.0,0.3592,0.0,0.0,128.0,740.0
828209.0,2.0,-1.4696,-5.077,0.01969,0.7999,-0.092,0.2684,0.0,0.0,128.0,752.0
828249.0,2.0,-1.5831,-3.312,0.05044,0.747,-2.492,0.0477,0.0,0.0,128.0,752.0
828289.0,2.0,-1.6874,-6.231,0.07729,0.5981,-4.892,-0.0118,0.0,0.0,128.0,753.0
828329.0,2.0,-2.6078,-16.797,0.09653,0.3619,-6.527,0.8843,0.0,0.0,128.0,757.0
828369.0,2.0,2.7872,-19.078,0.10537,0.0764,-7.331,1.353,0.0,0.0,128.0,749.0
828409.0,2.0,2.1445,-18.004,0.10301,-0.197,-6.101,1.5295,0.0,0.0,128.0,745.0
828450.0,2.0,1.58,-15.004,0.09082,-0.4018,-4.637,1.4516,0.0,0.0,128.0,732.0
828491.0,2.0,1.1321,-11.57,0.07039,-0.6175,-4.679,1.3014,0.0,0.0,128.0,730.0
828531.0,2.0,0.8023,-8.863,0.04309,-0.7556,-2.283,1.2085,0.0,0.0,128.0,739.0
828572.0,2.0,0.4541,-8.124,0.0114,-0.7998,-0.11,1.2988,0.0,0.0,128.0,718.0
828612.0,2.0,0.0077,-10.812,-0.0201,-0.7999,0.0,1.7368,0.0,0.0,128.0,754.0
828652.0,2.0,0.0568,-1.478,-0.05115,-0.7642,2.04,1.0125,0.0,0.0,128.0,753.0
828693.0,5.0,-0.0337,-2.071,-0.0807,-0.6922,2.46,1.0171,0.0,0.0,128.0,632.0
828733.0,5.0,-0.3344,-5.879,-0.10556,-0.5446,4.86,1.0171,0.0,0.0,128.0,675.0
828773.0,5.0,-0.7823,-9.903,-0.1227,-0.3076,6.06,1.0171,0.0,0.0,128.0,661.0
828814.0,5.0,-0.7961,-2.212,-0.1308,-0.1144,3.66,1.0171,0.0,0.0,128.0,666.0
828854.0,5.0,-1.1904,-7.349,-0.13313,-0.0141,1.262,1.0171,0.0,0.0,128.0,667.0
828894.0,6.0,-1.9451,-15.01,-0.13316,0.0113,1.149,1.0171,0.0,0.0,128.0,697.0
828934.0,6.0,-2.9621,-23.492,-0.13159,0.0705,1.5,1.0171,0.0,0.0,128.0,716.0
828975.0,2.0,2.4114,-22.564,-0.12743,0.1472,2.82,2.4825,0.0,0.0,128.0,736.0
829015.0,2.0,1.9083,-15.226,-0.11884,0.3092,5.22,1.1673,0.0,0.0,128.0,754.0
829056.0,2.0,1.4588,-11.856,-0.1017,0.5529,5.445,1.026,0.0,0.0,128.0,716.0
829097.0,2.0,1.1474,-8.572,-0.07568,0.7247,2.997,0.9016,0.0,0.0,128.0,715.0
829137.0,2.0,0.8161,-7.543,-0.04541,0.7957,0.717,1.0161,0.0,0.0,128.0,739.0
829177.0,2.0,0.4172,-9.632,-0.01414,0.7751,-1.683,1.5207,0.0,0.0,128.0,752.0
829217.0,3.0,0.5522,0.523,0.01504,0.7138,-0.502,0.8531,0.0,0.0,128.0,744.0
829258.0,5.0,0.5277,-0.23,0.04339,0.735,0.578,0.8562,0.0,0.0,128.0,667.0
829298.0,5.0,0.3605,-3.686,0.07294,0.7071,-1.882,0.8562,0.0,0.0,128.0,681.0
829338.0,5.0,0.6703,5.354,0.09874,0.5826,-4.282,0.8562,0.0,0.0,128.0,667.0
829379.0,5.0,0.9771,7.352,0.1182,0.3558,-6.502,0.8562,0.0,0.0,128.0,682.0
829419.0,5.0,1.379,9.43,0.12788,0.1446,-4.163,0.8562,0.0,0.0,128.0,667.0
829460.0,5.0,1.919,12.765,0.13099,0.0272,-1.763,0.8562,0.0,0.0,128.0,669.0
829500.0,6.0,2.482,13.784,0.13125,-0.0047,-0.752,0.8562,0.0,0.0,128.0,710.0
829540.0,6.0,-2.9437,18.481,0.13009,-0.0604,-1.5,0.8562,0.0,0.0,128.0,688.0
829580.0,2.0,-2.0064,22.336,0.126,-0.1672,-3.84,2.7009,0.0,0.0,128.0,738.0
829620.0,2.0,-1.6122,13.484,0.11584,-0.37,-6.24,1.1965,0.0,0.0,128.0,755.0
829661.0,2.0,-1.1735,11.535,0.09593,-0.6107,-4.756,1.3233,0.0,0.0,128.0,738.0
829701.0,2.0,-0.9725,6.532,0.06885,-0.7523,-2.371,0.842,0.0,0.0,128.0,731.0
829741.0,2.0,-1.0876,-0.055,0.03806,-0.7995,-0.091,0.485,0.0,0.0,128.0,758.0
829781.0,2.0,-1.1505,-1.354,0.00709,-0.7591,2.179,0.3938,0.0,0.0,128.0,766.0
829822.0,2.0,-1.0554,1.645,-0.02201,-0.7018,0.538,0.513,0.0,0.0,128.0,755.0
829862.0,2.0,-1.1582,-1.468,-0.04856,-0.6311,2.938,0.4086,0.0,0.0,128.0,754.0
829903.0,2.0,-1.4496,-5.405,-0.07099,-0.459,5.398,0.3473,0.0,0.0,128.0,764.0
829943.0,2.0,-1.9083,-12.155,-0.08456,-0.2268,5.398,0.5098,0.0,0.0,128.0,759.0
829984.0,2.0,-2.7489,-17.299,-0.09,-0.0436,4.675,0.9872,0.0,0.0,128.0,752.0
830025.0,2.0,2.9391,-15.873,-0.08741,0.1834,5.215,0.6192,0.0,0.0,128.0,740.0
830065.0,2.0,2.5955,-10.287,-0.07684,0.3428,2.815,-0.1522,0.0,0.0,128.0,752.0
830106.0,2.0,2.2335,-7.901,-0.06143,0.4065,0.355,-0.2134,0.0,0.0,128.0,745.0
830146.0,2.0,2.1,-4.652,-0.04579,0.3715,-2.045,-0.3477,0.0,0.0,128.0,765.0
830186.0,2.0,2.0555,-2.081,-0.03334,0.2405,-4.445,-0.4105,0.0,0.0,128.0,773.0
830227.0,2.0,2.0709,-0.028,-0.02711,0.069,-3.497,-0.4488,0.0,0.0,128.0,778.0
830268.0,2.0,2.1905,2.576,-0.02648,-0.0227,-1.037,-0.5345,0.0,0.0,128.0,743.0
830308.0,2.0,2.3869,4.408,-0.02753,-0.015,1.363,-0.6032,0.0,0.0,128.0,747.0
830349.0,2.0,2.6216,5.129,-0.0264,0.0925,3.823,-0.6854,0.0,0.0,128.0,744.0
830390.0,2.0,-3.0634,12.607,-0.01894,0.3009,6.283,0.0061,0.0,0.0,128.0,731.0
830431.0,5.0,-2.4728,15.082,-0.00176,0.5429,4.783,-0.0004,0.0,0.0,128.0,680.0
830471.0,5.0,-1.9328,16.528,0.02269,0.685,2.383,-0.0004,0.0,0.0,128.0,675.0
830511.0,5.0,-1.4803,11.667,0.05093,0.7311,-0.017,-0.0004,0.0,0.0,128.0,668.0
830551.0,5.0,-1.198,8.594,0.07909,0.6812,-2.417,-0.0004,0.0,0.0,128.0,680.0
830592.0,5.0,-1.1167,3.213,0.10395,0.5304,-4.877,-0.0004,0.0,0.0,128.0,680.0
830632.0,5.0,-1.353,-4.196,0.12053,0.2943,-5.939,-0.0004,0.0,0.0,128.0,668.0
830673.0,5.0,-1.2916,0.466,0.12821,0.1059,-3.539,-0.0004,0.0,0.0,128.0,653.0
830713.0,5.0,-1.3606,-1.094,0.13031,0.0125,-1.201,-0.0004,0.0,0.0,128.0,660.0
830753.0,6.0,-1.3913,-2.78,0.13027,-0.0141,-1.28,-0.0004,0.0,0.0,128.0,701.0
830793.0,2.0,-2.2657,-15.413,0.1284,-0.0965,-3.12,0.9057,0.0,0.0,128.0,738.0
830834.0,2.0,-2.8701,-14.83,0.12135,-0.2761,-5.58,0.4299,0.0,0.0,128.0,733.0
830874.0,2.0,2.6722,-18.915,0.10571,-0.5257,-5.7,1.4003,0.0,0.0,128.0,758.0
830915.0,2.0,2.0617,-15.175,0.08059,-0.7094,-3.289,1.0031,0.0,0.0,128.0,742.0
830956.0,2.0,1.5447,-13.146,0.05003,-0.793,-0.91,1.1441,0.0,0.0,128.0,726.0
830996.0,2.0,1.1735,-9.985,0.01849,-0.8,0.0,1.0422,0.0,0.0,128.0,746.0
831036.0,2.0,0.9112,-7.394,-0.01249,-0.7559,2.269,0.9813,0.0,0.0,128.0,747.0
831077.0,2.0,0.3237,-13.768,-0.04106,-0.6685,1.082,2.1519,0.0,0.0,128.0,751.0
831118.0,3.0,0.3574,-1.825,-0.06754,-0.6445,1.022,0.9579,0.0,0.0,128.0,730.0
831159.0,5.0,0.2056,-2.823,-0.09233,-0.579,2.042,1.0006,0.0,0.0,128.0,667.0
831199.0,5.0,0.0215,-3.867,-0.11299,-0.4482,4.442,1.0006,0.0,0.0,128.0,667.0
831240.0,5.0,-0.4679,-9.806,-0.1269,-0.2271,5.216,1.0006,0.0,0.0,128.0,670.0
831280.0,5.0,-0.4755,-1.934,-0.13245,-0.0677,2.816,1.0006,0.0,0.0,128.0,641.0
831320.0,5.0,-0.6427,-3.911,-0.13358,-0.0025,0.538,1.0006,0.0,0.0,128.0,654.0
831360.0,6.0,-1.1858,-11.346,-0.13331,0.0301,1.5,1.0006,0.0,0.0,128.0,697.0
831401.0,6.0,-1.7656,-12.343,-0.13088,0.0916,1.5,1.0006,0.0,0.0,128.0,702.0
831441.0,2.0,-2.7228,-21.132,-0.12585,0.1814,3.36,1.9326,0.0,0.0,128.0,738.0
831482.0,2.0,2.6998,-21.774,-0.11516,0.3708,5.82,2.1076,0.0,0.0,128.0,732.0
831523.0,2.0,2.1476,-14.89,-0.09536,0.6075,4.806,0.8581,0.0,0.0,128.0,744.0
831564.0,2.0,1.8147,-9.831,-0.06765,0.753,2.352,0.4101,0.0,0.0,128.0,746.0
831605.0,2.0,1.5171,-7.479,-0.03615,0.7997,0.132,0.4348,0.0,0.0,128.0,708.0
831645.0,2.0,1.3883,-4.291,-0.00465,0.7999,0.0,0.3286,0.0,0.0,128.0,721.0
831685.0,2.0,1.2625,-3.452,0.02685,0.7999,0.0,0.3804,0.0,0.0,128.0,746.0
831725.0,2.0,1.3929,1.497,0.05783,0.7565,-2.255,0.2369,0.0,0.0,128.0,767.0
831765.0,2.0,1.6137,5.18,0.08528,0.6171,-4.655,0.1348,0.0,0.0,128.0,780.0
831806.0,2.0,1.9067,6.617,0.10609,0.4147,-4.161,-0.0103,0.0,0.0,128.0,753.0
831846.0,2.0,2.3669,10.669,0.11978,0.2903,-2.16,-0.0054,0.0,0.0,128.0,766.0
831887.0,5.0,2.8363,11.611,0.12968,0.1809,-3.81,-0.0725,0.0,0.0,128.0,691.0
831927.0,5.0,-2.8425,13.369,0.13391,0.0452,-2.311,-0.0725,0.0,0.0,128.0,659.0
831967.0,5.0,-2.3715,12.312,0.13455,0.0001,-0.112,-0.0725,0.0,0.0,128.0,674.0
832008.0,6.0,-1.6904,16.977,0.13391,-0.0432,-1.5,-0.0725,0.0,0.0,128.0,695.0
832048.0,6.0,-1.6935,3.623,0.13106,-0.1032,-1.5,-0.0725,0.0,0.0,128.0,710.0
832088.0,2.0,-1.6383,1.867,0.12559,-0.1911,-3.3,-0.0211,0.0,0.0,128.0,743.0
832129.0,2.0,-1.7288,-1.542,0.1146,-0.3781,-5.76,-0.1323,0.0,0.0,128.0,740.0
832169.0,2.0,-1.8638,-3.255,0.09514,-0.6081,-4.798,-0.2275,0.0,0.0,128.0,752.0
832210.0,2.0,-2.1813,-5.775,0.06743,-0.7534,-2.359,-0.2899,0.0,0.0,128.0,723.0
832250.0,2.0,-2.571,-9.536,0.0366,-0.7997,-0.079,-0.293,0.0,0.0,128.0,717.0
832290.0,2.0,2.8578,-17.642,0.0051,-0.7997,0.12,0.9858,0.0,0.0,128.0,754.0
832331.0,2.0,2.4758,-14.117,-0.02666,-0.7729,0.9,0.5393,0.0,0.0,128.0,757.0
832372.0,5.0,2.2013,-8.378,-0.05764,-0.7625,0.84,-0.4328,0.0,0.0,128.0,669.0
832412.0,5.0,1.9988,-5.397,-0.08647,-0.6797,3.24,-0.4328,0.0,0.0,128.0,676.0
832452.0,5.0,1.9374,-2.094,-0.11018,-0.5009,5.64,-0.4328,0.0,0.0,128.0,681.0
832493.0,5.0,1.9804,0.707,-0.12514,-0.2539,5.513,-0.4328,0.0,0.0,128.0,666.0
832533.0,5.0,2.1276,3.088,-0.13162,-0.0796,3.053,-0.4328,0.0,0.0,128.0,661.0
832573.0,5.0,2.3593,4.512,-0.13301,-0.005,0.715,-0.4328,0.0,0.0,128.0,672.0
832613.0,6.0,2.8532,10.86,-0.13283,0.0238,1.5,-0.4328,0.0,0.0,128.0,689.0
832653.0,6.0,-2.8701,13.333,-0.13076,0.0838,1.5,-0.4328,0.0,0.0,128.0,710.0
832693.0,2.0,-2.3777,14.228,-0.126,0.1755,3.42,0.5824,0.0,0.0,128.0,729.0
832734.0,2.0,-1.7932,14.724,-0.1155,0.3673,5.88,1.1042,0.0,0.0,128.0,732.0
832775.0,2.0,-1.6398,5.667,-0.09608,0.5974,4.927,0.2199,0.0,0.0,128.0,726.0
832815.0,2.0,-1.3821,4.659,-0.06938,0.7455,2.532,0.3651,0.0,0.0,128.0,709.0
832856.0,2.0,-1.1965,4.066,-0.03791,0.7976,0.072,0.4929,0.0,0.0,128.0,732.0
832896.0,2.0,-1.2778,-0.941,-0.00705,0.7676,-0.408,0.3054,0.0,0.0,128.0,743.0
832937.0,2.0,-1.4665,-3.821,0.02411,0.7766,-0.367,0.2089,0.0,0.0,128.0,757.0
832977.0,2.0,-1.6291,-4.7,0.05374,0.7127,-2.767,0.0569,0.0,0.0,128.0,765.0
833018.0,2.0,-1.8776,-6.155,0.07958,0.5476,-5.227,-0.1014,0.0,0.0,128.0,744.0
833059.0,2.0,-2.9606,-20.805,0.09686,0.2926,-6.127,1.7481,0.0,0.0,128.0,765.0
833100.0,2.0,2.6553,-17.995,0.10399,0.0443,-7.002,1.1775,0.0,0.0,128.0,761.0
833141.0,2.0,2.0417,-15.973,0.10016,-0.2292,-5.857,1.2118,0.0,0.0,128.0,748.0
833181.0,2.0,1.4926,-13.882,0.08629,-0.4838,-6.097,1.3154,0.0,0.0,128.0,749.0
833221.0,2.0,1.1213,-10.39,0.06319,-0.6809,-3.778,1.1467,0.0,0.0,128.0,740.0
833262.0,2.0,0.8468,-7.445,0.03334,-0.7844,-1.324,1.0387,0.0,0.0,128.0,727.0
833303.0,2.0,0.3221,-11.638,0.00116,-0.8,0.0,1.7914,0.0,0.0,128.0,736.0
833343.0,2.0,0.3037,-3.918,-0.03038,-0.7967,0.6,1.077,0.0,0.0,128.0,752.0
833384.0,3.0,0.2562,-0.867,-0.06139,-0.7216,2.58,0.9721,0.0,0.0,128.0,715.0
833425.0,5.0,0.1227,-2.969,-0.08891,-0.6371,2.76,0.991,0.0,0.0,128.0,707.0
833465.0,5.0,-0.2194,-7.479,-0.1113,-0.4775,5.16,0.991,0.0,0.0,128.0,680.0
833506.0,5.0,-0.1565,-0.226,-0.12566,-0.2426,5.39,0.991,0.0,0.0,128.0,673.0
833546.0,5.0,-0.359,-3.639,-0.13178,-0.0733,2.93,0.991,0.0,0.0,128.0,653.0
833586.0,5.0,-0.6366,-6.398,-0.13305,-0.0036,0.651,0.991,0.0,0.0,128.0,666.0
833626.0,6.0,-0.9112,-6.85,-0.13279,0.0267,1.5,0.991,0.0,0.0,128.0,708.0
833667.0,6.0,-1.4557,-12.224,-0.1305,0.0882,1.5,0.991,0.0,0.0,128.0,714.0
833707.0,2.0,-2.0739,-15.016,-0.12548,0.186,3.6,0.9398,0.0,0.0,128.0,723.0
833748.0,2.0,-3.137,-23.609,-0.11441,0.3852,6.06,2.5235,0.0,0.0,128.0,730.0
833788.0,2.0,2.5909,-16.669,-0.09461,0.6158,4.699,0.968,0.0,0.0,128.0,747.0
833828.0,2.0,2.0295,-13.316,-0.06746,0.7548,2.307,0.7212,0.0,0.0,128.0,733.0
833868.0,2.0,1.7303,-8.914,-0.03656,0.7979,-0.093,0.3639,0.0,0.0,128.0,769.0
833909.0,2.0,1.5064,-6.489,-0.00499,0.7728,0.087,0.3592,0.0,0.0,128.0,730.0
833949.0,2.0,1.4603,-2.27,0.02576,0.7894,-0.396,0.1674,0.0,0.0,128.0,739.0
833989.0,2.0,1.4496,0.469,0.05584,0.7243,-2.796,0.0939,0.0,0.0,128.0,749.0
834029.0,2.0,1.6552,3.667,0.0816,0.5633,-5.196,0.0241,0.0,0.0,128.0,763.0
834070.0,2.0,1.8638,4.444,0.10058,0.3882,-3.077,-0.151,0.0,0.0,128.0,759.0
834111.0,2.0,2.3562,10.722,0.11441,0.3042,-1.914,0.0186,0.0,0.0,128.0,751.0
834151.0,2.0,2.7949,11.66,0.12499,0.2246,-2.267,-0.0972,0.0,0.0,128.0,771.0
834192.0,5.0,-3.0588,11.392,0.13219,0.116,-3.731,-0.3938,0.0,0.0,128.0,701.0
834232.0,5.0,-2.2611,18.026,0.13455,0.016,-1.331,-0.3938,0.0,0.0,128.0,689.0
834272.0,6.0,-2.1737,6.241,0.13459,-0.0103,-1.1,-0.3938,0.0,0.0,128.0,732.0
834313.0,6.0,-1.7763,8.391,0.13301,-0.0707,-1.5,-0.3938,0.0,0.0,128.0,710.0
834354.0,2.0,-1.5156,6.711,0.12896,-0.1349,-2.04,0.3171,0.0,0.0,128.0,832.0
834394.0,2.0,-1.7319,-1.996,0.12146,-0.2657,-4.44,-0.1223,0.0,0.0,128.0,734.0
834435.0,2.0,-1.9267,-4.28,0.10654,-0.4951,-5.94,-0.229,0.0,0.0,128.0,739.0
834475.0,2.0,-2.2718,-6.935,0.08306,-0.6879,-3.664,-0.2517,0.0,0.0,128.0,733.0
834515.0,2.0,-2.7336,-12.295,0.05381,-0.7853,-1.264,0.0155,0.0,0.0,128.0,744.0
834556.0,2.0,2.7995,-17.182,0.02167,-0.7999,0.0,0.9015,0.0,0.0,128.0,730.0
834596.0,2.0,2.4083,-14.045,-0.00964,-0.7948,-0.686,0.5573,0.0,0.0,128.0,745.0
834640.0,5.0,2.0847,-9.249,-0.04414,-0.7994,0.24,0.0477,0.0,0.0,128.0,696.0
834680.0,5.0,1.9205,-5.146,-0.075,-0.7406,2.64,0.0477,0.0,0.0,128.0,688.0
834721.0,5.0,1.8346,-2.425,-0.10219,-0.5807,5.1,0.0477,0.0,0.0,128.0,700.0
834761.0,5.0,1.8807,0.239,-0.12056,-0.3341,6.3,0.0477,0.0,0.0,128.0,680.0
834802.0,5.0,2.0571,3.395,-0.12964,-0.127,3.901,0.0477,0.0,0.0,128.0,668.0
834842.0,5.0,2.2273,3.293,-0.1323,-0.0202,1.501,0.0477,0.0,0.0,128.0,668.0
834882.0,6.0,2.8057,12.335,-0.13245,0.0064,0.857,0.0477,0.0,0.0,128.0,716.0
834923.0,6.0,-2.9391,13.782,-0.1311,0.0647,1.5,0.0477,0.0,0.0,128.0,724.0
834963.0,2.0,-2.5418,12.323,-0.12728,0.1442,3.0,0.1835,0.0,0.0,128.0,745.0
835003.0,2.0,-1.6797,17.433,-0.11869,0.3133,5.28,1.6327,0.0,0.0,128.0,740.0
835044.0,2.0,-1.6137,7.958,-0.10211,0.5258,5.735,0.3555,0.0,0.0,128.0,727.0
835085.0,2.0,-1.2502,8.632,-0.07691,0.7093,3.275,0.7767,0.0,0.0,128.0,744.0
835125.0,2.0,-1.1305,4.313,-0.04706,0.7921,0.902,0.5808,0.0,0.0,128.0,737.0
835166.0,2.0,-1.2441,-1.554,-0.01496,0.7989,0.347,0.3502,0.0,0.0,128.0,727.0
835206.0,2.0,-1.4266,-4.159,0.0165,0.7999,0.0,0.2628,0.0,0.0,128.0,733.0
835246.0,2.0,-1.5907,-4.44,0.04748,0.7594,-2.177,0.0797,0.0,0.0,128.0,754.0
835286.0,2.0,-1.9451,-10.218,0.07508,0.6231,-4.577,0.2449,0.0,0.0,128.0,762.0
835326.0,2.0,-2.7504,-17.12,0.09548,0.3908,-6.977,0.9915,0.0,0.0,128.0,758.0
835367.0,2.0,2.8026,-18.332,0.1062,0.1436,-5.957,1.1761,0.0,0.0,128.0,764.0
835408.0,2.0,2.1292,-17.162,0.10725,-0.1062,-6.309,1.3436,0.0,0.0,128.0,745.0
835448.0,2.0,1.603,-14.71,0.09829,-0.3661,-6.549,1.3514,0.0,0.0,128.0,741.0
835489.0,2.0,1.1812,-11.267,0.07845,-0.6083,-4.792,1.207,0.0,0.0,128.0,736.0
835530.0,2.0,0.8866,-8.141,0.0507,-0.7536,-2.349,1.072,0.0,0.0,128.0,745.0
835570.0,2.0,0.5921,-6.974,0.01984,-0.7993,-0.207,1.1062,0.0,0.0,128.0,737.0
835611.0,2.0,0.1887,-9.392,-0.01253,-0.7999,0.0,1.5498,0.0,0.0,128.0,724.0
835651.0,2.0,0.3175,0.68,-0.04361,-0.7621,2.1,0.9549,0.0,0.0,128.0,739.0
835691.0,3.0,0.2485,-0.924,-0.07147,-0.6364,3.224,0.9747,0.0,0.0,128.0,724.0
835732.0,5.0,-0.0859,-7.429,-0.09476,-0.5512,1.904,1.1214,0.0,0.0,128.0,673.0
835772.0,5.0,-0.1212,-3.133,-0.11483,-0.4215,4.364,1.1214,0.0,0.0,128.0,653.0
835812.0,5.0,-0.27,-3.365,-0.12758,-0.2112,5.029,1.1214,0.0,0.0,128.0,653.0
835852.0,5.0,-0.4633,-4.666,-0.13268,-0.0592,2.629,1.1214,0.0,0.0,128.0,660.0
835893.0,5.0,-0.5906,-3.864,-0.13358,-0.0012,0.358,1.1214,0.0,0.0,128.0,664.0
835933.0,6.0,-0.8038,-4.66,-0.1332,0.036,1.5,1.1214,0.0,0.0,128.0,709.0
835973.0,6.0,-0.9081,-3.334,-0.13061,0.096,1.5,1.1214,0.0,0.0,128.0,695.0
836013.0,2.0,-1.2241,-6.478,-0.12533,0.1917,3.54,0.5921,0.0,0.0,128.0,758.0
836054.0,2.0,-1.896,-13.487,-0.11408,0.3885,6.0,0.7624,0.0,0.0,128.0,757.0
836095.0,2.0,-2.9775,-23.371,-0.09364,0.6207,4.637,2.4554,0.0,0.0,128.0,726.0
836135.0,2.0,2.7274,-15.589,-0.0663,0.757,2.237,0.6432,0.0,0.0,128.0,746.0
836176.0,2.0,2.1062,-14.527,-0.03469,0.7998,0.017,0.8755,0.0,0.0,128.0,732.0
836216.0,2.0,1.7625,-9.973,-0.00383,0.7513,-2.383,0.469,0.0,0.0,128.0,754.0
836257.0,2.0,1.514,-6.592,0.02423,0.644,-1.723,0.3554,0.0,0.0,128.0,725.0
836297.0,2.0,1.3913,-3.84,0.04868,0.5971,-1.51,0.2844,0.0,0.0,128.0,761.0
836337.0,2.0,1.3698,-1.677,0.07039,0.4888,-3.878,0.2474,0.0,0.0,128.0,756.0
836378.0,2.0,1.5048,2.337,0.08633,0.2781,-6.338,0.1275,0.0,0.0,128.0,745.0
836419.0,2.0,1.7733,6.081,0.09214,0.0098,-5.638,0.0275,0.0,0.0,128.0,737.0
836460.0,2.0,2.189,9.843,0.08873,-0.1697,-3.178,0.0588,0.0,0.0,128.0,737.0
836501.0,2.0,2.6829,11.952,0.07999,-0.2484,-0.718,0.0068,0.0,0.0,128.0,731.0
836541.0,2.0,-3.117,12.138,0.07028,-0.2279,1.682,-0.0688,0.0,0.0,128.0,744.0
836582.0,2.0,-2.4989,14.87,0.06244,-0.1712,0.456,0.5876,0.0,0.0,128.0,751.0
836623.0,2.0,-1.9574,14.367,0.0552,-0.2042,-2.004,1.0498,0.0,0.0,128.0,739.0
836664.0,2.0,-1.4972,11.988,0.04568,-0.2675,-1.944,1.0401,0.0,0.0,128.0,736.0
836704.0,2.0,-1.1321,11.092,0.03304,-0.3879,-3.144,1.2195,0.0,0.0,128.0,717.0
836744.0,2.0,-1.2072,1.989,0.01545,-0.516,-3.254,0.3888,0.0,0.0,128.0,745.0
836785.0,2.0,-1.4711,-4.107,-0.00735,-0.5978,-0.794,0.2236,0.0,0.0,128.0,736.0
836826.0,2.0,-1.58,-3.231,-0.03139,-0.5787,1.666,0.028,0.0,0.0,128.0,754.0
836866.0,2.0,-1.6552,-5.061,-0.05228,-0.4672,3.106,-0.008,0.0,0.0,128.0,766.0
836907.0,2.0,-2.0371,-6.613,-0.06881,-0.3621,1.486,-0.0885,0.0,0.0,128.0,756.0
836948.0,2.0,-2.8363,-16.466,-0.08235,-0.2971,2.626,0.7671,0.0,0.0,128.0,752.0
836989.0,2.0,2.9544,-13.652,-0.09176,-0.1681,2.446,0.2056,0.0,0.0,128.0,757.0
837029.0,2.0,2.4651,-12.437,-0.09713,-0.1188,0.406,0.173,0.0,0.0,128.0,754.0
837070.0,2.0,2.2902,-6.631,-0.10121,-0.0865,-0.014,-0.3606,0.0,0.0,128.0,723.0
837111.0,2.0,2.1092,-4.742,-0.10537,-0.1358,-1.898,-0.3497,0.0,0.0,128.0,724.0
837151.0,2.0,1.9712,-3.798,-0.11171,-0.1709,0.275,-0.2665,0.0,0.0,128.0,745.0
837191.0,2.0,2.0586,0.908,-0.1176,-0.1107,2.675,-0.4504,0.0,0.0,128.0,759.0
837232.0,2.0,2.2273,3.456,-0.11925,0.0506,5.135,-0.5214,0.0,0.0,128.0,738.0
837272.0,2.0,2.5341,6.798,-0.11273,0.3052,7.535,-0.5211,0.0,0.0,128.0,747.0
837313.0,2.0,2.9192,10.011,-0.09491,0.5692,5.263,-0.3555,0.0,0.0,128.0,744.0
837354.0,2.0,-2.8471,11.228,-0.0684,0.7335,2.811,-0.1567,0.0,0.0,128.0,725.0
837395.0,2.0,-1.9972,20.653,-0.03724,0.7971,0.351,2.3712,0.0,0.0,128.0,738.0
837435.0,2.0,-1.6015,10.855,-0.00611,0.7822,-0.1,0.7168,0.0,0.0,128.0,763.0
837476.0,2.0,-1.1904,10.187,0.02501,0.7623,-0.796,1.0807,0.0,0.0,128.0,745.0
837516.0,2.0,-1.0907,3.9,0.05381,0.6813,-3.196,0.5789,0.0,0.0,128.0,758.0
837557.0,2.0,-1.287,-2.795,0.07804,0.509,-4.134,0.367,0.0,0.0,128.0,755.0
837598.0,2.0,-1.3192,-1.685,0.09536,0.3326,-5.353,0.2266,0.0,0.0,128.0,751.0
837639.0,2.0,-1.3944,-1.292,0.1038,0.0644,-7.032,0.208,0.0,0.0,128.0,730.0
837679.0,2.0,-1.6122,-4.707,0.1014,-0.2015,-7.402,0.1092,0.0,0.0,128.0,746.0
837720.0,2.0,-1.9374,-5.532,0.08726,-0.4942,-6.053,-0.1421,0.0,0.0,128.0,739.0
837760.0,2.0,-2.9284,-20.901,0.06383,-0.6875,-3.665,1.7803,0.0,0.0,128.0,746.0
837801.0,2.0,2.6676,-18.635,0.03383,-0.7861,-1.205,1.3274,0.0,0.0,128.0,734.0
837841.0,2.0,2.0954,-15.232,0.00262,-0.7851,1.195,1.0027,0.0,0.0,128.0,744.0
837881.0,2.0,1.6766,-11.618,-0.02756,-0.7411,1.939,0.7907,0.0,0.0,128.0,775.0
837922.0,2.0,1.3146,-9.021,-0.0552,-0.6099,4.399,0.7894,0.0,0.0,128.0,751.0
837963.0,2.0,1.0937,-5.742,-0.0756,-0.3779,6.859,0.6633,0.0,0.0,128.0,724.0
838003.0,2.0,0.6565,-9.401,-0.08516,-0.1102,5.659,1.3752,0.0,0.0,128.0,745.0
838044.0,2.0,0.7102,-0.983,-0.08494,0.1457,7.399,0.7693,0.0,0.0,128.0,724.0
838084.0,3.0,0.4909,-4.234,-0.07365,0.4248,5.935,0.9952,0.0,0.0,128.0,711.0
838125.0,3.0,0.066,-9.549,-0.05295,0.613,3.535,1.5742,0.0,0.0,128.0,694.0
838165.0,3.0,0.0828,-1.59,-0.0267,0.7052,1.135,1.0125,0.0,0.0,128.0,672.0
838205.0,3.0,-0.1779,-5.107,0.00206,0.7001,-1.325,1.149,0.0,0.0,128.0,696.0
838245.0,3.0,-0.4495,-6.575,0.02813,0.5979,-3.725,1.1739,0.0,0.0,128.0,725.0
838285.0,3.0,-0.4357,-1.143,0.04826,0.3997,-6.125,0.9149,0.0,0.0,128.0,715.0
838325.0,3.0,-0.6381,-4.115,0.05869,0.1055,-8.525,0.9102,0.0,0.0,128.0,702.0
838365.0,3.0,-0.6504,-1.187,0.05599,-0.2503,-8.122,0.8047,0.0,0.0,128.0,710.0
838406.0,3.0,-0.5998,0.803,0.03998,-0.5318,-5.672,0.8295,0.0,0.0,128.0,715.0
838446.0,3.0,-0.5691,0.916,0.0153,-0.7098,-3.287,0.8477,0.0,0.0,128.0,689.0
838486.0,3.0,-0.5354,1.033,-0.0147,-0.7925,-0.931,0.8668,0.0,0.0,128.0,710.0
838527.0,5.0,-0.5706,-0.314,-0.0462,-0.7983,0.42,0.8428,0.0,0.0,128.0,687.0
838567.0,5.0,-0.6136,-0.902,-0.07748,-0.7294,2.88,0.8428,0.0,0.0,128.0,673.0
838607.0,5.0,-0.7087,-2.159,-0.10343,-0.565,5.28,0.8428,0.0,0.0,128.0,668.0
838648.0,5.0,-0.8099,-2.562,-0.12139,-0.3094,6.06,0.8428,0.0,0.0,128.0,654.0
838688.0,5.0,-0.9388,-3.138,-0.12956,-0.1156,3.721,0.8428,0.0,0.0,128.0,668.0
838728.0,5.0,-1.488,-12.292,-0.13189,-0.0159,1.383,0.8428,0.0,0.0,128.0,674.0
838768.0,6.0,-1.8945,-12.863,-0.132,0.0093,1.036,0.8428,0.0,0.0,128.0,721.0
838808.0,6.0,-3.0802,-22.864,-0.13054,0.0677,1.5,0.8428,0.0,0.0,128.0,717.0
838849.0,2.0,2.5035,-19.381,-0.12623,0.1649,3.54,1.6121,0.0,0.0,128.0,722.0
838889.0,2.0,2.0141,-13.238,-0.1164,0.3557,5.94,0.7339,0.0,0.0,128.0,759.0
838930.0,2.0,1.5401,-11.034,-0.09731,0.5926,4.988,0.8228,0.0,0.0,128.0,739.0
838970.0,2.0,1.3085,-6.974,-0.07076,0.743,2.589,0.5912,0.0,0.0,128.0,731.0
839011.0,2.0,0.9787,-7.472,-0.03937,0.7992,0.3,0.8662,0.0,0.0,128.0,747.0
839051.0,2.0,0.9158,-3.857,-0.00788,0.7999,0.0,0.7424,0.0,0.0,128.0,748.0
839091.0,2.0,1.0446,1.704,0.02325,0.7683,-1.92,0.4915,0.0,0.0,128.0,761.0
839132.0,2.0,1.1996,3.223,0.05198,0.6379,-4.38,0.4252,0.0,0.0,128.0,736.0
839172.0,2.0,1.5217,6.767,0.07309,0.4135,-6.78,0.3567,0.0,0.0,128.0,751.0
839213.0,2.0,1.8991,8.287,0.0846,0.1638,-4.92,0.1286,0.0,0.0,128.0,749.0
839254.0,2.0,2.439,13.39,0.08794,0.0137,-2.46,0.3411,0.0,0.0,128.0,744.0
839294.0,2.0,2.9176,12.013,0.08723,-0.0355,-0.06,-0.0639,0.0,0.0,128.0,751.0
839335.0,2.0,-2.5571,20.166,0.08576,-0.0497,-1.44,1.8118,0.0,0.0,128.0,729.0
839375.0,2.0,-1.7549,18.777,0.08209,-0.1565,-3.84,1.9968,0.0,0.0,128.0,743.0
839416.0,2.0,-1.5647,6.813,0.07268,-0.317,-4.5,0.2948,0.0,0.0,128.0,723.0
839456.0,2.0,-1.3254,6.001,0.05618,-0.5384,-5.603,0.5244,0.0,0.0,128.0,730.0
839497.0,2.0,-1.4113,-0.368,0.03064,-0.7166,-3.148,0.1828,0.0,0.0,128.0,718.0
839537.0,2.0,-1.4358,-0.809,0.00064,-0.7934,-0.748,0.1192,0.0,0.0,128.0,730.0
839577.0,2.0,-1.4266,0.15,-0.03049,-0.7741,1.652,0.1486,0.0,0.0,128.0,771.0
839618.0,2.0,-1.379,-1.87,-0.0597,-0.6547,4.112,0.0609,0.0,0.0,128.0,744.0
839658.0,2.0,-2.2319,-13.008,-0.08228,-0.4965,3.152,0.5048,0.0,0.0,128.0,761.0
839698.0,2.0,-2.7351,-10.958,-0.09885,-0.3429,3.331,-0.1165,0.0,0.0,128.0,754.0
839738.0,2.0,-3.0634,-9.424,-0.11044,-0.2588,0.931,-0.4287,0.0,0.0,128.0,762.0
839778.0,2.0,2.5663,-14.649,-0.11978,-0.1994,2.611,0.5339,0.0,0.0,128.0,779.0
839819.0,2.0,2.2841,-8.357,-0.12555,-0.0929,1.591,-0.2466,0.0,0.0,128.0,757.0
839860.0,2.0,2.12,-5.114,-0.12799,-0.031,0.691,-0.3511,0.0,0.0,128.0,745.0
839900.0,2.0,2.0939,-1.832,-0.12904,-0.0191,1.063,-0.4674,0.0,0.0,128.0,743.0
839941.0,2.0,2.1552,0.815,-0.12829,0.0762,3.523,-0.5408,0.0,0.0,128.0,729.0
839981.0,2.0,2.3255,3.495,-0.12199,0.2663,5.923,-0.5982,0.0,0.0,128.0,722.0
840021.0,2.0,2.6461,7.012,-0.10654,0.5228,5.764,-0.5599,0.0,0.0,128.0,757.0
840062.0,2.0,2.9406,7.604,-0.08149,0.7079,3.318,-0.6271,0.0,0.0,128.0,731.0
840102.0,2.0,-2.7443,11.923,-0.05168,0.792,0.958,-0.0077,0.0,0.0,128.0,746.0
840142.0,2.0,-1.9543,20.034,-0.02029,0.7978,-0.48,2.1722,0.0,0.0,128.0,753.0
840183.0,2.0,-1.7856,8.269,0.01118,0.7686,0.18,0.2354,0.0,0.0,128.0,743.0
840224.0,2.0,-1.4542,8.055,0.04241,0.7693,-1.041,0.5515,0.0,0.0,128.0,744.0
840264.0,2.0,-1.4297,1.977,0.07125,0.6785,-3.441,0.2088,0.0,0.0,128.0,750.0
840305.0,2.0,-1.5463,-2.155,0.0951,0.4857,-5.901,0.0657,0.0,0.0,128.0,746.0
840345.0,2.0,-1.7319,-4.245,0.10909,0.2005,-8.301,-0.0639,0.0,0.0,128.0,738.0
840386.0,2.0,-1.9712,-5.312,0.10991,-0.1723,-8.679,-0.1791,0.0,0.0,128.0,725.0
840426.0,2.0,-2.4743,-10.371,0.09713,-0.4704,-6.285,-0.0647,0.0,0.0,128.0,747.0
840467.0,2.0,2.9207,-19.478,0.0738,-0.6767,-3.833,1.4353,0.0,0.0,128.0,739.0
840507.0,2.0,2.3991,-13.331,0.04485,-0.7815,-1.457,0.3911,0.0,0.0,128.0,749.0
840548.0,2.0,1.873,-12.609,0.01283,-0.7999,0.0,0.7643,0.0,0.0,128.0,720.0
840589.0,2.0,1.3852,-11.253,-0.0192,-0.7773,1.62,0.9941,0.0,0.0,128.0,752.0
840630.0,2.0,1.1965,-6.678,-0.0486,-0.6592,4.08,0.6825,0.0,0.0,128.0,745.0
840671.0,2.0,0.7363,-11.706,-0.07129,-0.4446,5.58,1.5928,0.0,0.0,128.0,740.0
840711.0,2.0,0.7118,-3.589,-0.08494,-0.2402,5.82,0.8611,0.0,0.0,128.0,742.0
840752.0,2.0,0.6688,-1.164,-0.08933,0.0501,8.274,0.79,0.0,0.0,128.0,724.0
840793.0,3.0,0.2347,-8.49,-0.08093,0.3618,6.587,1.4349,0.0,0.0,128.0,708.0
840833.0,3.0,0.1703,-4.255,-0.06229,0.576,4.187,1.1,0.0,0.0,128.0,701.0
840874.0,3.0,0.0706,-2.16,-0.03634,0.696,1.727,1.0272,0.0,0.0,128.0,722.0
840914.0,3.0,-0.2684,-7.037,-0.00818,0.7159,-0.673,1.2772,0.0,0.0,128.0,716.0
840954.0,3.0,-0.6289,-8.375,0.01898,0.6397,-3.073,1.252,0.0,0.0,128.0,721.0
840994.0,3.0,-0.7118,-3.412,0.04121,0.4676,-5.473,0.8308,0.0,0.0,128.0,730.0
841035.0,2.0,-0.9925,-5.944,0.05524,0.2219,-5.293,0.7854,0.0,0.0,128.0,744.0
841075.0,2.0,-1.152,-4.775,0.06056,0.0594,-2.893,0.5287,0.0,0.0,128.0,744.0
841115.0,2.0,-1.198,-2.34,0.06131,-0.0127,-1.508,0.3644,0.0,0.0,128.0,730.0
841156.0,2.0,-1.6751,-8.841,0.05936,-0.0837,-1.964,0.443,0.0,0.0,128.0,741.0
841197.0,2.0,-2.4912,-19.387,0.05404,-0.1769,-1.424,1.5016,0.0,0.0,128.0,751.0
841237.0,2.0,2.9452,-17.938,0.04579,-0.2458,-2.264,1.0493,0.0,0.0,128.0,752.0
841278.0,2.0,2.2642,-16.524,0.03465,-0.293,-0.38,1.1373,0.0,0.0,128.0,730.0
841318.0,2.0,1.7089,-13.708,0.02265,-0.3104,-0.429,1.0872,0.0,0.0,128.0,734.0
841359.0,2.0,1.2885,-10.739,0.00915,-0.3681,-1.313,1.0472,0.0,0.0,128.0,729.0
841399.0,2.0,1.0216,-7.445,-0.0057,-0.3714,1.087,0.8961,0.0,0.0,128.0,750.0
841440.0,2.0,0.5722,-9.488,-0.0192,-0.2853,2.048,1.3608,0.0,0.0,128.0,740.0
841480.0,2.0,0.428,-6.275,-0.02951,-0.2502,0.356,1.194,0.0,0.0,128.0,746.0
841521.0,3.0,0.4433,-0.187,-0.03863,-0.1839,2.816,0.9036,0.0,0.0,128.0,729.0
841562.0,3.0,0.3482,-1.945,-0.04316,-0.0218,4.242,0.9665,0.0,0.0,128.0,710.0
841602.0,3.0,0.0077,-7.851,-0.0414,0.0987,1.842,1.3895,0.0,0.0,128.0,688.0
841642.0,3.0,0.0061,-1.662,-0.03675,0.1231,-0.558,1.0174,0.0,0.0,128.0,732.0
841683.0,3.0,-0.1074,-2.97,-0.03221,0.0944,-1.484,1.05,0.0,0.0,128.0,731.0
841723.0,3.0,-0.0522,0.159,-0.03023,-0.0074,-2.676,0.9988,0.0,0.0,128.0,693.0
841764.0,3.0,0.0138,1.653,-0.03199,-0.0655,-0.216,1.0172,0.0,0.0,128.0,689.0
841804.0,3.0,0.1089,2.159,-0.03413,-0.0249,2.184,1.0235,0.0,0.0,128.0,716.0
841844.0,3.0,0.1963,2.288,-0.03281,0.1117,4.584,1.0139,0.0,0.0,128.0,695.0
841885.0,3.0,0.3099,2.326,-0.02396,0.3512,6.924,0.9889,0.0,0.0,128.0,807.0
841925.0,5.0,0.382,2.031,-0.00544,0.579,4.524,0.9889,0.0,0.0,128.0,668.0
841966.0,5.0,0.5031,2.54,0.02021,0.7107,2.124,0.9889,0.0,0.0,128.0,662.0
842006.0,5.0,0.6842,4.13,0.04927,0.7465,-0.276,0.9889,0.0,0.0,128.0,650.0
842046.0,5.0,1.0769,8.671,0.07856,0.6835,-2.736,0.9889,0.0,0.0,128.0,677.0
842086.0,5.0,1.4665,9.776,0.10283,0.5249,-5.136,0.9889,0.0,0.0,128.0,676.0
842127.0,5.0,1.9313,11.08,0.11899,0.2833,-5.827,0.9889,0.0,0.0,128.0,653.0
842167.0,5.0,2.4636,12.95,0.12641,0.0961,-3.367,0.9889,0.0,0.0,128.0,677.0
842207.0,5.0,-3.1094,17.0,0.12825,0.0094,-1.029,0.9889,0.0,0.0,128.0,672.0
842247.0,2.0,-2.4774,19.066,0.12821,-0.0169,-1.406,1.5927,0.0,0.0,128.0,723.0
842288.0,2.0,-1.8883,14.789,0.12574,-0.1262,-3.866,1.0556,0.0,0.0,128.0,728.0
842328.0,2.0,-1.4849,10.501,0.11756,-0.289,-3.986,0.9046,0.0,0.0,128.0,726.0
842369.0,2.0,-1.2594,5.809,0.102,-0.5029,-5.966,0.5804,0.0,0.0,128.0,732.0
842410.0,2.0,-1.3698,-1.305,0.07759,-0.6963,-3.525,0.2292,0.0,0.0,128.0,742.0
842451.0,2.0,-1.2594,1.632,0.04733,-0.7894,-1.075,0.3109,0.0,0.0,128.0,723.0
842491.0,2.0,-1.3023,-0.129,0.0159,-0.7996,0.18,0.2844,0.0,0.0,128.0,768.0
842532.0,2.0,-1.514,-4.798,-0.01553,-0.7406,2.64,0.2352,0.0,0.0,128.0,740.0
842573.0,2.0,-1.8193,-8.038,-0.04271,-0.6012,2.942,0.2145,0.0,0.0,128.0,770.0
842613.0,2.0,-2.37,-11.522,-0.06435,-0.4941,2.368,0.1038,0.0,0.0,128.0,767.0
842654.0,2.0,3.0603,-18.62,-0.08265,-0.4033,3.148,1.1972,0.0,0.0,128.0,754.0
842694.0,2.0,2.6645,-13.183,-0.09589,-0.2708,2.723,0.2382,0.0,0.0,128.0,760.0
842735.0,2.0,2.3593,-8.953,-0.1053,-0.2109,0.263,-0.1891,0.0,0.0,128.0,750.0
842775.0,2.0,2.1368,-5.766,-0.11336,-0.1902,0.581,-0.2806,0.0,0.0,128.0,762.0
842816.0,2.0,2.0003,-3.273,-0.12109,-0.1901,0.647,-0.3438,0.0,0.0,128.0,753.0
842856.0,2.0,1.9773,-1.228,-0.12743,-0.115,3.047,-0.369,0.0,0.0,128.0,761.0
842897.0,2.0,2.1062,2.295,-0.12896,0.0616,5.507,-0.4644,0.0,0.0,128.0,736.0
842938.0,2.0,2.3869,5.937,-0.12139,0.3373,7.367,-0.4987,0.0,0.0,128.0,736.0
842978.0,2.0,2.8103,9.799,-0.10305,0.5841,5.089,-0.332,0.0,0.0,128.0,737.0
843018.0,2.0,-2.9851,12.892,-0.07684,0.7387,2.697,0.0574,0.0,0.0,128.0,754.0
843059.0,2.0,-2.189,19.029,-0.04549,0.7987,0.293,1.7263,0.0,0.0,128.0,757.0
843100.0,2.0,-1.873,10.3,-0.01358,0.7735,-0.568,0.4537,0.0,0.0,128.0,748.0
843141.0,2.0,-1.5094,8.279,0.01763,0.7715,-0.748,0.5338,0.0,0.0,128.0,757.0
843181.0,2.0,-1.1137,10.016,0.0468,0.6924,-3.148,1.0943,0.0,0.0,128.0,757.0
843222.0,2.0,-1.1459,1.971,0.07159,0.5116,-5.608,0.4821,0.0,0.0,128.0,747.0
843263.0,0.0,-1.4818,-6.357,0.08149,0.0,0.0,0.3632,0.0,0.0,128.0,551.0
843303.0,0.0,-1.3698,0.496,0.08149,0.0,0.0,0.3632,0.0,0.0,128.0,543.0
843343.0,0.0,-1.5708,-1.601,0.08149,0.0,0.0,0.3632,0.0,0.0,128.0,549.0
843383.0,0.0,-2.0448,-11.474,0.08149,0.0,0.0,0.3632,0.0,0.0,128.0,555.0
843424.0,0.0,-2.6292,-12.696,0.08149,0.0,0.0,0.3632,0.0,0.0,128.0,551.0
843464.0,0.0,2.9345,-14.985,0.08149,0.0,0.0,0.3632,0.0,0.0,128.0,556.0
843504.0,0.0,2.3777,-13.543,0.08149,0.0,0.0,0.3632,0.0,0.0,128.0,551.0
843544.0,0.0,2.0494,-10.069,0.08149,0.0,0.0,0.3632,0.0,0.0,128.0,557.0
843584.0,0.0,1.7994,-6.943,0.08149,0.0,0.0,0.3632,0.0,0.0,128.0,564.0
843625.0,0.0,1.672,-4.026,0.08149,0.0,0.0,0.3632,0.0,0.0,128.0,557.0
843665.0,0.0,1.6582,-1.011,0.08149,0.0,0.0,0.3632,0.0,0.0,128.0,558.0
843705.0,0.0,1.7702,2.087,0.08149,0.0,0.0,0.3632,0.0,0.0,128.0,556.0
843745.0,0.0,2.0218,5.446,0.08149,0.0,0.0,0.3632,0.0,0.0,128.0,556.0
843786.0,0.0,2.2764,6.797,0.08149,0.0,0.0,0.3632,0.0,0.0,128.0,556.0
843826.0,0.0,2.7581,11.21,0.08149,0.0,0.0,0.3632,0.0,0.0,128.0,571.0
843866.0,0.0,-3.0726,12.157,0.08149,0.0,0.0,0.3632,0.0,0.0,128.0,550.0
843907.0,0.0,-2.5817,10.499,0.08149,0.0,0.0,0.3632,0.0,0.0,128.0,556.0
843947.0,0.0,-2.1062,12.008,0.08149,0.0,0.0,0.3632,0.0,0.0,128.0,556.0
843987.0,0.0,-1.715,9.073,0.08149,0.0,0.0,0.3632,0.0,0.0,128.0,556.0
844027.0,0.0,-1.5616,3.626,0.08149,0.0,0.0,0.3632,0.0,0.0,128.0,549.0
844067.0,0.0,-1.5355,1.278,0.08149,0.0,0.0,0.3632,0.0,0.0,128.0,543.0
844107.0,0.0,-1.5278,0.264,0.08149,0.0,0.0,0.3632,0.0,0.0,128.0,550.0
844148.0,0.0,-1.7656,-4.376,0.08149,0.0,0.0,0.3632,0.0,0.0,128.0,555.0
844188.0,0.0,-1.9788,-3.633,0.08149,0.0,0.0,0.3632,0.0,0.0,128.0,555.0
844228.0,0.0,-2.7796,-16.785,0.08149,0.0,0.0,0.3632,0.0,0.0,128.0,556.0
844268.0,0.0,3.0373,-12.007,0.08149,0.0,0.0,0.3632,0.0,0.0,128.0,557.0
844308.0,0.0,2.5863,-11.829,0.08149,0.0,0.0,0.3632,0.0,0.0,128.0,556.0
844349.0,0.0,2.1982,-10.212,0.08149,0.0,0.0,0.3632,0.0,0.0,128.0,556.0
844389.0,0.0,1.9865,-6.807,0.08149,0.0,0.0,0.3632,0.0,0.0,128.0,557.0
844429.0,0.0,1.8899,-3.2,0.08149,0.0,0.0,0.3632,0.0,0.0,128.0,555.0
844470.0,0.0,1.8853,-0.739,0.08149,0.0,0.0,0.3632,0.0,0.0,128.0,556.0
844510.0,0.0,1.9865,1.934,0.08149,0.0,0.0,0.3632,0.0,0.0,128.0,557.0
844550.0,0.0,2.2028,4.607,0.08149,0.0,0.0,0.3632,0.0,0.0,128.0,550.0
844591.0,0.0,2.459,6.538,0.08149,0.0,0.0,0.3632,0.0,0.0,128.0,556.0
844631.0,0.0,2.8302,8.695,0.08149,0.0,0.0,0.3632,0.0,0.0,128.0,557.0
844671.0,0.0,-2.8409,13.769,0.08149,0.0,0.0,0.3632,0.0,0.0,128.0,556.0
844711.0,0.0,-2.4789,11.094,0.08149,0.0,0.0,0.3632,0.0,0.0,128.0,550.0
844752.0,0.0,-1.9021,13.563,0.08149,0.0,0.0,0.3632,0.0,0.0,128.0,556.0
844792.0,0.0,-1.85,4.192,0.08149,0.0,0.0,0.3632,0.0,0.0,128.0,556.0
844832.0,0.0,-1.7058,2.259,0.08149,0.0,0.0,0.3632,0.0,0.0,128.0,563.0
844873.0,0.0,-1.6644,0.988,0.08149,0.0,0.0,0.3632,0.0,0.0,128.0,550.0
844913.0,0.0,-1.9021,-4.143,0.08149,0.0,0.0,0.3632,0.0,0.0,128.0,555.0
844953.0,0.0,-2.0341,-3.513,0.08149,0.0,0.0,0.3632,0.0,0.0,128.0,551.0
844994.0,0.0,-2.6262,-12.263,0.08149,0.0,0.0,0.3632,0.0,0.0,128.0,556.0
845034.0,0.0,-3.0127,-9.93,0.08149,0.0,0.0,0.3632,0.0,0.0,128.0,558.0
845074.0,0.0,2.7857,-11.349,0.08149,0.0,0.0,0.3632,0.0,0.0,128.0,557.0
845114.0,0.0,2.482,-7.338,0.08149,0.0,0.0,0.3632,0.0,0.0,128.0,552.0
845155.0,0.0,2.1414,-7.749,0.08149,0.0,0.0,0.3632,0.0,0.0,128.0,550.0
845195.0,0.0,2.0801,-3.11,0.08149,0.0,0.0,0.3632,0.0,0.0,128.0,557.0
845235.0,0.0,2.0371,-1.362,0.08149,0.0,0.0,0.3632,0.0,0.0,128.0,564.0
845276.0,0.0,2.1092,1.136,0.08149,0.0,0.0,0.3632,0.0,0.0,128.0,557.0
845316.0,0.0,2.2872,3.741,0.08149,0.0,0.0,0.3632,0.0,0.0,128.0,570.0
845356.0,0.0,2.5648,6.317,0.08149,0.0,0.0,0.3632,0.0,0.0,128.0,558.0
845396.0,0.0,2.8885,8.101,0.08149,0.0,0.0,0.3632,0.0,0.0,128.0,550.0
845436.0,0.0,-2.8394,12.971,0.08149,0.0,0.0,0.3632,0.0,0.0,128.0,557.0
845477.0,0.0,-2.413,12.615,0.08149,0.0,0.0,0.3632,0.0,0.0,128.0,556.0
845517.0,0.0,-2.2795,5.079,0.08149,0.0,0.0,0.3632,0.0,0.0,128.0,556.0
845557.0,0.0,-1.8761,9.366,0.08149,0.0,0.0,0.3632,0.0,0.0,128.0,556.0
845597.0,0.0,-1.8408,2.339,0.08149,0.0,0.0,0.3632,0.0,0.0,128.0,549.0
845638.0,0.0,-1.8377,0.743,0.08149,0.0,0.0,0.3632,0.0,0.0,128.0,550.0
845678.0,0.0,-2.0663,-4.631,0.08149,0.0,0.0,0.3632,0.0,0.0,128.0,557.0
845718.0,0.0,-2.2795,-5.308,0.08149,0.0,0.0,0.3632,0.0,0.0,128.0,557.0
845758.0,0.0,-2.778,-11.065,0.08149,0.0,0.0,0.3632,0.0,0.0,128.0,550.0
845799.0,0.0,-3.0756,-7.612,0.08149,0.0,0.0,0.3632,0.0,0.0,128.0,551.0
845839.0,0.0,2.8026,-9.364,0.08149,0.0,0.0,0.3632,0.0,0.0,128.0,556.0
845879.0,0.0,2.5111,-8.335,0.08149,0.0,0.0,0.3632,0.0,0.0,128.0,557.0
845919.0,0.0,2.2887,-5.545,0.08149,0.0,0.0,0.3632,0.0,0.0,128.0,558.0
845959.0,0.0,2.1322,-3.747,0.08149,0.0,0.0,0.3632,0.0,0.0,128.0,557.0
845999.0,0.0,2.1767,0.083,0.08149,0.0,0.0,0.3632,0.0,0.0,128.0,550.0
846040.0,0.0,2.2703,1.96,0.08149,0.0,0.0,0.3632,0.0,0.0,128.0,556.0
846080.0,0.0,2.4636,4.218,0.08149,0.0,0.0,0.3632,0.0,0.0,128.0,557.0
846120.0,0.0,2.7259,6.198,0.08149,0.0,0.0,0.3632,0.0,0.0,128.0,557.0
846160.0,0.0,3.1048,8.903,0.08149,0.0,0.0,0.3632,0.0,0.0,128.0,556.0
846200.0,0.0,-2.7811,10.855,0.08149,0.0,0.0,0.3632,0.0,0.0,128.0,563.0
846241.0,0.0,-2.4037,10.402,0.08149,0.0,0.0,0.3632,0.0,0.0,128.0,550.0
846281.0,0.0,-2.2151,6.301,0.08149,0.0,0.0,0.3632,0.0,0.0,128.0,557.0
846321.0,0.0,-1.8761,8.265,0.08149,0.0,0.0,0.3632,0.0,0.0,128.0,550.0
846362.0,0.0,-2.0371,-1.045,0.08149,0.0,0.0,0.3632,0.0,0.0,128.0,555.0
846402.0,0.0,-2.1016,-2.765,0.08149,0.0,0.0,0.3632,0.0,0.0,128.0,557.0
846442.0,0.0,-2.2887,-4.265,0.08149,0.0,0.0,0.3632,0.0,0.0,128.0,556.0
846483.0,0.0,-2.6016,-7.028,0.08149,0.0,0.0,0.3632,0.0,0.0,128.0,557.0
846523.0,0.0,-2.9038,-7.624,0.08149,0.0,0.0,0.3632,0.0,0.0,128.0,556.0
846563.0,0.0,2.9621,-9.513,0.08149,0.0,0.0,0.3632,0.0,0.0,128.0,556.0
846604.0,0.0,2.6154,-9.523,0.08149,0.0,0.0,0.3632,0.0,0.0,128.0,556.0
846644.0,0.0,2.3746,-7.361,0.08149,0.0,0.0,0.3632,0.0,0.0,128.0,557.0
846684.0,0.0,2.3301,-3.299,0.08149,0.0,0.0,0.3632,0.0,0.0,128.0,556.0
846725.0,0.0,2.2918,-1.15,0.08149,0.0,0.0,0.3632,0.0,0.0,128.0,556.0
846765.0,0.0,2.3363,0.648,0.08149,0.0,0.0,0.3632,0.0,0.0,128.0,552.0
846805.0,0.0,2.4728,2.805,0.08149,0.0,0.0,0.3632,0.0,0.0,128.0,557.0
846845.0,0.0,2.6323,4.067,0.08149,0.0,0.0,0.3632,0.0,0.0,128.0,564.0
846886.0,0.0,2.9422,6.984,0.08149,0.0,0.0,0.3632,0.0,0.0,128.0,557.0
846926.0,0.0,-3.0388,7.311,0.08149,0.0,0.0,0.3632,0.0,0.0,128.0,550.0
846966.0,0.0,-2.755,6.919,0.08149,0.0,0.0,0.3632,0.0,0.0,128.0,550.0
847006.0,0.0,-2.2381,11.746,0.08149,0.0,0.0,0.3632,0.0,0.0,128.0,557.0
847047.0,0.0,-2.1123,6.94,0.08149,0.0,0.0,0.3632,0.0,0.0,128.0,556.0
847087.0,0.0,-2.12,0.859,0.08149,0.0,0.0,0.3632,0.0,0.0,128.0,557.0
847127.0,0.0,-2.2289,-0.801,0.08149,0.0,0.0,0.3632,0.0,0.0,128.0,571.0
847167.0,0.0,-2.304,-1.783,0.08149,0.0,0.0,0.3632,0.0,0.0,128.0,556.0
847208.0,0.0,-2.6384,-6.819,0.08149,0.0,0.0,0.3632,0.0,0.0,128.0,556.0
847248.0,0.0,-2.9606,-7.958,0.08149,0.0,0.0,0.3632,0.0,0.0,128.0,571.0
847288.0,0.0,3.0572,-6.783,0.08149,0.0,0.0,0.3632,0.0,0.0,128.0,556.0
847329.0,0.0,2.7504,-8.032,0.08149,0.0,0.0,0.3632,0.0,0.0,128.0,556.0
847369.0,0.0,2.6062,-4.79,0.08149,0.0,0.0,0.3632,0.0,0.0,128.0,556.0
847409.0,0.0,2.4268,-4.252,0.08149,0.0,0.0,0.3632,0.0,0.0,128.0,557.0
847449.0,0.0,2.3455,-2.234,0.08149,0.0,0.0,0.3632,0.0,0.0,128.0,557.0
847489.0,0.0,2.4237,1.479,0.08149,0.0,0.0,0.3632,0.0,0.0,128.0,556.0
847529.0,0.0,2.551,2.873,0.08149,0.0,0.0,0.3632,0.0,0.0,128.0,562.0
847570.0,0.0,2.7489,4.538,0.08149,0.0,0.0,0.3632,0.0,0.0,128.0,556.0
847610.0,0.0,2.821,2.157,0.08149,0.0,0.0,0.3632,0.0,0.0,128.0,556.0
847650.0,0.0,-3.0572,8.013,0.08149,0.0,0.0,0.3632,0.0,0.0,128.0,557.0
847690.0,0.0,-2.6983,9.278,0.08149,0.0,0.0,0.3632,0.0,0.0,128.0,556.0
847731.0,0.0,-2.3178,8.78,0.08149,0.0,0.0,0.3632,0.0,0.0,128.0,550.0
847771.0,0.0,-2.4222,0.544,0.08149,0.0,0.0,0.3632,0.0,0.0,128.0,558.0
847811.0,0.0,-2.3178,1.442,0.08149,0.0,0.0,0.3632,0.0,0.0,128.0,552.0
847851.0,0.0,-2.3884,-1.019,0.08149,0.0,0.0,0.3632,0.0,0.0,128.0,558.0
847891.0,0.0,-2.5142,-3.147,0.08149,0.0,0.0,0.3632,0.0,0.0,128.0,564.0
847932.0,0.0,-2.6937,-4.209,0.08149,0.0,0.0,0.3632,0.0,0.0,128.0,564.0
847972.0,0.0,-2.8609,-4.022,0.08149,0.0,0.0,0.3632,0.0,0.0,128.0,550.0
848012.0,0.0,3.048,-7.81,0.08149,0.0,0.0,0.3632,0.0,0.0,128.0,549.0
848052.0,0.0,2.7673,-7.663,0.08149,0.0,0.0,0.3632,0.0,0.0,128.0,556.0
848093.0,0.0,2.6507,-3.911,0.08149,0.0,0.0,0.3632,0.0,0.0,128.0,556.0
848133.0,0.0,2.4344,-5.23,0.08149,0.0,0.0,0.3632,0.0,0.0,128.0,557.0
848173.0,0.0,2.4943,-0.249,0.08149,0.0,0.0,0.3632,0.0,0.0,128.0,556.0
848213.0,0.0,2.5418,0.981,0.08149,0.0,0.0,0.3632,0.0,0.0,128.0,550.0
848254.0,0.0,2.64,2.088,0.08149,0.0,0.0,0.3632,0.0,0.0,128.0,556.0
848294.0,0.0,2.7412,2.531,0.08149,0.0,0.0,0.3632,0.0,0.0,128.0,557.0
848334.0,0.0,3.0204,5.861,0.08149,0.0,0.0,0.3632,0.0,0.0,128.0,551.0
848374.0,0.0,-3.0143,6.629,0.08149,0.0,0.0,0.3632,0.0,0.0,128.0,571.0
848414.0,0.0,-2.7105,7.829,0.08149,0.0,0.0,0.3632,0.0,0.0,128.0,556.0
848455.0,0.0,-2.5986,3.1,0.08149,0.0,0.0,0.3632,0.0,0.0,128.0,556.0
848495.0,0.0,-2.3961,3.911,0.08149,0.0,0.0,0.3632,0.0,0.0,128.0,552.0
848535.0,0.0,-2.4222,-0.575,0.08149,0.0,0.0,0.3632,0.0,0.0,128.0,564.0
848576.0,0.0,-2.5219,-2.266,0.08149,0.0,0.0,0.3632,0.0,0.0,128.0,564.0
848616.0,0.0,-2.597,-2.136,0.08149,0.0,0.0,0.3632,0.0,0.0,128.0,556.0
848656.0,0.0,-2.7796,-3.922,0.08149,0.0,0.0,0.3632,0.0,0.0,128.0,556.0
848697.0,0.0,-2.9821,-4.876,0.08149,0.0,0.0,0.3632,0.0,0.0,128.0,557.0
848737.0,0.0,3.0588,-6.06,0.08149,0.0,0.0,0.3632,0.0,0.0,128.0,557.0
848777.0,0.0,2.7903,-6.609,0.08149,0.0,0.0,0.3632,0.0,0.0,128.0,576.0
848817.0,0.0,2.6645,-3.851,0.08149,0.0,0.0,0.3632,0.0,0.0,128.0,544.0
848857.0,0.0,2.5418,-3.061,0.08149,0.0,0.0,0.3632,0.0,0.0,128.0,551.0
848898.0,0.0,2.4943,-1.742,0.08149,0.0,0.0,0.3632,0.0,0.0,128.0,543.0
848938.0,0.0,2.6216,2.212,0.08149,0.0,0.0,0.3632,0.0,0.0,128.0,556.0
848978.0,0.0,2.7673,3.247,0.08149,0.0,0.0,0.3632,0.0,0.0,128.0,551.0
849018.0,0.0,2.91,3.586,0.08149,0.0,0.0,0.3632,0.0,0.0,128.0,551.0
849059.0,0.0,2.9713,1.83,0.08149,0.0,0.0,0.3632,0.0,0.0,128.0,557.0
849099.0,0.0,-2.9928,6.631,0.08149,0.0,0.0,0.3632,0.0,0.0,128.0,557.0
849139.0,0.0,-2.7351,6.743,0.08149,0.0,0.0,0.3632,0.0,0.0,128.0,550.0
849179.0,0.0,-2.4651,6.434,0.08149,0.0,0.0,0.3632,0.0,0.0,128.0,557.0
849220.0,0.0,-2.5418,0.006,0.08149,0.0,0.0,0.3632,0.0,0.0,128.0,556.0
849260.0,0.0,-2.5403,-0.811,0.08149,0.0,0.0,0.3632,0.0,0.0,128.0,559.0
849300.0,0.0,-2.6477,-2.817,0.08149,0.0,0.0,0.3632,0.0,0.0,128.0,564.0
849341.0,0.0,-2.7642,-2.762,0.08149,0.0,0.0,0.3632,0.0,0.0,128.0,557.0
849381.0,0.0,-2.8731,-2.83,0.08149,0.0,0.0,0.3632,0.0,0.0,128.0,564.0
849421.0,0.0,-3.0787,-4.492,0.08149,0.0,0.0,0.3632,0.0,0.0,128.0,558.0
849461.0,0.0,2.9943,-5.196,0.08149,0.0,0.0,0.3632,0.0,0.0,128.0,549.0
849501.0,2.0,2.7903,-5.467,0.08149,-0.0004,-0.18,-0.7408,0.0,0.0,128.0,757.0
849542.0,2.0,2.6154,-3.699,0.08066,-0.0594,-2.64,-0.8039,0.0,0.0,128.0,731.0
849582.0,2.0,2.5955,-1.795,0.07568,-0.2142,-5.04,-0.8029,0.0,0.0,128.0,743.0
849623.0,2.0,2.3869,-4.141,0.0624,-0.4613,-6.3,-0.6325,0.0,0.0,128.0,738.0
849664.0,2.0,2.3623,-1.955,0.03937,-0.6706,-3.94,-0.6649,0.0,0.0,128.0,750.0
849704.0,2.0,2.3639,-0.4,0.01065,-0.7791,-1.583,-0.7064,0.0,0.0,128.0,753.0
849744.0,2.0,2.4758,2.114,-0.02059,-0.7932,0.817,-0.7542,0.0,0.0,128.0,766.0
849785.0,2.0,2.6477,4.502,-0.05123,-0.708,3.277,-0.7442,0.0,0.0,128.0,757.0
849825.0,2.0,2.8946,5.859,-0.07598,-0.5277,5.677,-0.7502,0.0,0.0,128.0,753.0
849865.0,2.0,-3.0649,7.077,-0.0918,-0.2514,8.077,-0.6833,0.0,0.0,128.0,757.0
849906.0,2.0,-2.4743,13.714,-0.09484,0.121,9.026,0.419,0.0,0.0,128.0,729.0
849947.0,2.0,-1.6812,17.615,-0.08336,0.4395,6.569,1.8375,0.0,0.0,128.0,744.0
849988.0,2.0,-1.307,11.299,-0.06101,0.6576,4.126,1.0501,0.0,0.0,128.0,759.0
850029.0,2.0,-1.1474,5.859,-0.0318,0.7756,1.681,0.6564,0.0,0.0,128.0,720.0
850069.0,2.0,-1.0753,2.371,-0.00056,0.7937,-0.719,0.5276,0.0,0.0,128.0,737.0
850109.0,2.0,-1.1213,-0.711,0.02955,0.7182,-2.399,0.4571,0.0,0.0,128.0,762.0
850150.0,2.0,-1.2441,-2.516,0.0573,0.6665,-0.966,0.3215,0.0,0.0,128.0,758.0
850191.0,2.0,-1.2824,-0.897,0.08273,0.5752,-3.426,0.3078,0.0,0.0,128.0,740.0
850231.0,2.0,-1.3668,-1.831,0.1026,0.4197,-4.724,0.2091,0.0,0.0,128.0,745.0
850271.0,2.0,-1.8254,-5.881,0.11505,0.1926,-6.771,0.07,0.0,0.0,128.0,748.0
850312.0,2.0,-2.752,-20.466,0.11681,-0.1204,-7.311,1.7129,0.0,0.0,128.0,737.0
850352.0,2.0,2.7336,-20.298,0.10695,-0.3804,-5.871,1.6905,0.0,0.0,128.0,760.0
850392.0,2.0,2.0755,-17.874,0.08813,-0.566,-3.471,1.5881,0.0,0.0,128.0,744.0
850433.0,2.0,1.468,-15.158,0.06311,-0.6646,-2.331,1.5756,0.0,0.0,128.0,717.0
850473.0,2.0,1.0615,-11.369,0.03476,-0.7708,-1.851,1.3274,0.0,0.0,128.0,724.0
850513.0,2.0,0.7056,-9.448,0.00356,-0.7999,0.0,1.34,0.0,0.0,128.0,744.0
850554.0,2.0,0.2408,-10.669,-0.02869,-0.8,0.0,1.6819,0.0,0.0,128.0,739.0
850594.0,5.0,-0.2715,-12.4,-0.06,-0.7819,1.44,2.4299,0.0,0.0,128.0,676.0
850635.0,5.0,-0.2378,-1.808,-0.08978,-0.6713,3.9,2.4299,0.0,0.0,128.0,659.0
850675.0,5.0,-0.5154,-5.363,-0.11265,-0.4661,6.3,2.4299,0.0,0.0,128.0,675.0
850715.0,5.0,-0.856,-8.054,-0.12611,-0.2207,5.1,2.4299,0.0,0.0,128.0,667.0
850755.0,5.0,-1.4557,-13.579,-0.13151,-0.0643,2.761,2.4299,0.0,0.0,128.0,666.0
850795.0,5.0,-2.3593,-20.243,-0.13252,-0.002,0.423,2.4299,0.0,0.0,128.0,670.0
850836.0,6.0,2.8578,-25.473,-0.13211,0.0332,1.5,2.4299,0.0,0.0,128.0,717.0
850880.0,2.0,2.0893,-18.625,-0.12941,0.0994,1.92,1.7137,0.0,0.0,128.0,723.0
850920.0,2.0,1.5432,-14.367,-0.12319,0.2298,4.38,1.3432,0.0,0.0,128.0,715.0
850960.0,2.0,1.1536,-10.844,-0.11014,0.4535,6.42,1.1682,0.0,0.0,128.0,730.0
851001.0,2.0,0.7731,-9.363,-0.08738,0.6662,4.004,1.2664,0.0,0.0,128.0,720.0
851041.0,2.0,0.069,-16.373,-0.05869,0.7771,1.604,2.6936,0.0,0.0,128.0,711.0
851082.0,2.0,-0.1043,-6.541,-0.02674,0.7912,-0.856,1.2538,0.0,0.0,128.0,726.0
851122.0,2.0,-0.339,-5.199,0.00345,0.7311,-2.481,1.1175,0.0,0.0,128.0,751.0
851162.0,2.0,-0.6197,-6.576,0.02974,0.5889,-4.298,1.0916,0.0,0.0,128.0,747.0
851203.0,2.0,-1.0201,-9.328,0.04972,0.3867,-5.33,1.071,0.0,0.0,128.0,757.0
851244.0,2.0,-1.4235,-11.079,0.06158,0.2033,-4.465,0.8784,0.0,0.0,128.0,731.0
851284.0,2.0,-2.2043,-16.0,0.06645,0.0321,-5.001,1.1614,0.0,0.0,128.0,762.0
851325.0,2.0,3.1401,-23.403,0.06439,-0.1213,-2.541,2.4615,0.0,0.0,128.0,716.0
851365.0,2.0,2.3409,-20.873,0.05828,-0.1737,-0.141,2.0999,0.0,0.0,128.0,723.0
851405.0,2.0,1.7257,-16.281,0.05186,-0.1489,0.574,1.5534,0.0,0.0,128.0,760.0
851446.0,2.0,1.2333,-12.804,0.04571,-0.1732,-1.791,1.4021,0.0,0.0,128.0,730.0
851486.0,2.0,0.8514,-10.046,0.0369,-0.2941,-4.191,1.3096,0.0,0.0,128.0,745.0
851527.0,2.0,0.5476,-8.05,0.02138,-0.4737,-3.549,1.2814,0.0,0.0,128.0,732.0
851567.0,2.0,0.0,-12.886,0.00045,-0.5916,-3.549,2.0495,0.0,0.0,128.0,711.0
851607.0,5.0,0.023,-2.965,-0.02546,-0.7154,-1.989,1.8696,0.0,0.0,128.0,675.0
851648.0,5.0,0.0261,0.006,-0.0546,-0.7458,0.411,1.8696,0.0,0.0,128.0,673.0
851688.0,5.0,-0.227,-4.249,-0.08374,-0.6773,2.871,1.8696,0.0,0.0,128.0,660.0
851728.0,5.0,-0.224,-1.99,-0.10759,-0.5132,5.271,1.8696,0.0,0.0,128.0,675.0
851769.0,5.0,-0.3559,-2.868,-0.12326,-0.2705,5.692,1.8696,0.0,0.0,128.0,675.0
851809.0,5.0,-0.6535,-6.354,-0.13027,-0.0888,3.232,1.8696,0.0,0.0,128.0,648.0
851849.0,5.0,-0.8145,-4.938,-0.13193,-0.0073,0.892,1.8696,0.0,0.0,128.0,660.0
851889.0,6.0,-1.0201,-4.157,-0.13181,0.0192,1.496,1.8696,0.0,0.0,128.0,696.0
851935.0,2.0,-1.5355,-10.864,-0.12941,0.0904,1.98,0.851,0.0,0.0,128.0,856.0
851975.0,2.0,-2.278,-16.884,-0.12375,0.2188,4.38,1.1564,0.0,0.0,128.0,744.0
852015.0,2.0,3.0204,-21.006,-0.11115,0.4428,6.54,1.7982,0.0,0.0,128.0,738.0
852056.0,2.0,2.4022,-16.275,-0.08873,0.6598,4.101,0.9583,0.0,0.0,128.0,722.0
852096.0,2.0,2.0279,-10.623,-0.06019,0.7747,1.703,0.311,0.0,0.0,128.0,732.0
852136.0,2.0,1.6904,-8.571,-0.02899,0.7937,-0.697,0.3746,0.0,0.0,128.0,760.0
852177.0,2.0,1.5447,-4.629,0.00188,0.7412,-0.637,0.1818,0.0,0.0,128.0,752.0
852217.0,2.0,1.5094,-1.697,0.03098,0.7394,-0.651,0.1028,0.0,0.0,128.0,764.0
852258.0,2.0,1.5186,0.374,0.05955,0.6611,-3.111,0.0557,0.0,0.0,128.0,759.0
852298.0,2.0,1.7625,4.632,0.08269,0.5102,-3.231,-0.0461,0.0,0.0,128.0,764.0
852339.0,2.0,1.9727,5.027,0.10136,0.4294,-0.771,-0.2293,0.0,0.0,128.0,766.0
852380.0,5.0,2.5234,11.415,0.1176,0.3559,-2.991,-0.2334,0.0,0.0,128.0,679.0
852420.0,5.0,2.8593,9.654,0.12874,0.189,-4.761,-0.2334,0.0,0.0,128.0,674.0
852461.0,5.0,-2.8762,11.45,0.13316,0.0478,-2.361,-0.2334,0.0,0.0,128.0,666.0
852501.0,5.0,-2.4636,10.427,0.13384,0.0001,-0.099,-0.2334,0.0,0.0,128.0,686.0
852541.0,6.0,-2.0709,6.605,0.1332,-0.0442,-1.5,-0.2334,0.0,0.0,128.0,703.0
852581.0,6.0,-1.8469,6.136,0.13031,-0.1042,-1.5,-0.2334,0.0,0.0,128.0,717.0
852621.0,2.0,-1.7763,3.481,0.12503,-0.1682,-2.232,-0.1007,0.0,0.0,128.0,730.0
852662.0,2.0,-1.8623,-1.382,0.1158,-0.3114,-4.692,-0.2902,0.0,0.0,128.0,712.0
852702.0,2.0,-2.1092,-4.17,0.09934,-0.5373,-5.532,-0.3842,0.0,0.0,128.0,743.0
852742.0,2.0,-2.617,-12.265,0.07459,-0.7128,-3.223,0.0651,0.0,0.0,128.0,730.0
852783.0,2.0,3.1263,-13.13,0.04391,-0.7939,-0.779,0.09,0.0,0.0,128.0,725.0
852823.0,2.0,2.574,-13.715,0.01249,-0.7999,0.0,0.3588,0.0,0.0,128.0,732.0
852863.0,2.0,2.2289,-9.978,-0.01898,-0.7999,0.0,-0.002,0.0,0.0,128.0,739.0
852904.0,5.0,2.0387,-6.29,-0.05123,-0.7945,0.78,0.0418,0.0,0.0,128.0,696.0
852944.0,5.0,1.8699,-4.493,-0.08134,-0.7141,3.18,0.0418,0.0,0.0,128.0,686.0
852985.0,5.0,1.8776,-0.929,-0.10699,-0.532,5.64,0.0418,0.0,0.0,128.0,667.0
853025.0,5.0,1.9988,2.032,-0.12315,-0.28,5.76,0.0418,0.0,0.0,128.0,668.0
853065.0,5.0,2.2227,4.73,-0.13039,-0.0979,3.421,0.0418,0.0,0.0,128.0,675.0
853105.0,5.0,2.4544,5.926,-0.13226,-0.0099,1.083,0.0418,0.0,0.0,128.0,676.0
853145.0,6.0,3.1017,13.774,-0.13219,0.0154,1.336,0.0418,0.0,0.0,128.0,716.0
853186.0,6.0,-2.64,11.896,-0.13035,0.0767,1.5,0.0418,0.0,0.0,128.0,710.0
853226.0,2.0,-2.3301,8.797,-0.12574,0.1767,3.66,-0.1888,0.0,0.0,128.0,722.0
853267.0,2.0,-1.6966,14.965,-0.11509,0.365,5.28,1.4522,0.0,0.0,128.0,733.0
853307.0,2.0,-1.4818,6.769,-0.09634,0.5934,4.971,0.3986,0.0,0.0,128.0,728.0
853347.0,2.0,-1.1888,7.109,-0.06979,0.7431,2.571,0.7068,0.0,0.0,128.0,748.0
853388.0,2.0,-1.2379,0.626,-0.0384,0.7968,0.111,0.3527,0.0,0.0,128.0,723.0
853428.0,2.0,-1.3606,-2.487,-0.00694,0.8,0.0,0.2578,0.0,0.0,128.0,731.0
853468.0,2.0,-1.5278,-3.607,0.02456,0.7994,-0.24,0.1435,0.0,0.0,128.0,753.0
853509.0,2.0,-1.9221,-6.75,0.05591,0.7379,-2.7,0.0686,0.0,0.0,128.0,758.0
853550.0,2.0,-2.5848,-15.988,0.08284,0.5755,-5.16,0.824,0.0,0.0,128.0,758.0
853590.0,2.0,3.1263,-16.612,0.10151,0.3609,-6.078,0.7499,0.0,0.0,128.0,763.0
853631.0,2.0,2.3163,-17.836,0.11055,0.0663,-7.377,1.3448,0.0,0.0,128.0,731.0
853672.0,2.0,1.784,-13.874,0.10725,-0.2474,-8.143,0.9969,0.0,0.0,128.0,731.0
853713.0,2.0,1.3162,-12.169,0.09135,-0.5297,-5.692,1.2144,0.0,0.0,128.0,746.0
853753.0,2.0,1.0032,-8.722,0.06679,-0.7086,-3.312,1.0386,0.0,0.0,128.0,744.0
853793.0,2.0,0.7701,-6.534,0.03694,-0.792,-0.915,1.0095,0.0,0.0,128.0,724.0
853833.0,2.0,0.2807,-11.476,0.00555,-0.7999,0.0,1.8007,0.0,0.0,128.0,719.0
853874.0,2.0,0.4218,0.887,-0.0267,-0.7868,1.228,0.9302,0.0,0.0,128.0,744.0
853915.0,2.0,0.4341,0.607,-0.05685,-0.6847,3.688,0.9003,0.0,0.0,128.0,758.0
853955.0,3.0,0.2807,-2.875,-0.08059,-0.5184,3.448,1.0131,0.0,0.0,128.0,724.0
853996.0,3.0,0.0813,-4.211,-0.09945,-0.4286,0.988,1.1087,0.0,0.0,128.0,717.0
854036.0,5.0,0.0061,-1.819,-0.11554,-0.371,2.548,1.0393,0.0,0.0,128.0,676.0
854077.0,5.0,-0.0107,-0.165,-0.12758,-0.2198,4.948,1.0393,0.0,0.0,128.0,661.0
854117.0,5.0,-0.046,-1.171,-0.13297,-0.0609,2.678,1.0393,0.0,0.0,128.0,669.0
854157.0,5.0,-0.1457,-2.311,-0.13395,-0.0014,0.404,1.0393,0.0,0.0,128.0,652.0
854197.0,6.0,-0.2086,-1.68,-0.13358,0.0326,1.5,1.0393,0.0,0.0,128.0,702.0
854238.0,6.0,-0.273,-1.558,-0.13106,0.0941,1.5,1.0393,0.0,0.0,128.0,702.0
854278.0,2.0,-0.3543,-2.033,-0.12596,0.182,3.3,0.9673,0.0,0.0,128.0,722.0
854318.0,2.0,-0.4587,-2.904,-0.11561,0.3632,5.7,0.9474,0.0,0.0,128.0,745.0
854358.0,2.0,-0.6167,-3.677,-0.09671,0.5968,4.938,0.9044,0.0,0.0,128.0,737.0
854399.0,2.0,-0.7363,-3.333,-0.06934,0.7476,2.479,0.8013,0.0,0.0,128.0,735.0
854440.0,2.0,-0.8759,-3.275,-0.03784,0.7995,0.185,0.6903,0.0,0.0,128.0,738.0
854480.0,2.0,-1.6107,-14.501,-0.00638,0.7929,-0.78,1.3128,0.0,0.0,128.0,754.0
854520.0,2.0,-2.2166,-15.007,0.02464,0.7795,-1.065,0.8332,0.0,0.0,128.0,764.0
854561.0,5.0,2.9544,-23.083,0.05445,0.7486,-0.345,2.2171,0.0,0.0,128.0,680.0
854601.0,5.0,2.1921,-19.949,0.08377,0.6828,-2.805,2.2171,0.0,0.0,128.0,695.0
854641.0,5.0,1.646,-15.707,0.10793,0.5214,-5.205,2.2171,0.0,0.0,128.0,675.0
854681.0,5.0,1.1842,-12.366,0.12394,0.2788,-5.78,2.2171,0.0,0.0,128.0,675.0
854722.0,5.0,0.8406,-9.367,0.1311,0.0968,-3.38,2.2171,0.0,0.0,128.0,668.0
854762.0,5.0,0.6305,-5.583,0.13297,0.0086,-0.982,2.2171,0.0,0.0,128.0,659.0
854802.0,6.0,0.0767,-11.724,0.13286,-0.0186,-1.474,2.2171,0.0,0.0,128.0,695.0
854843.0,6.0,0.0936,-2.38,0.13091,-0.0801,-1.5,2.2171,0.0,0.0,128.0,695.0
854883.0,2.0,0.069,-0.786,0.12638,-0.168,-3.3,0.9994,0.0,0.0,128.0,729.0
854926.0,3.0,-0.0291,-2.134,0.11554,-0.3665,-5.735,1.0283,0.0,0.0,128.0,751.0
854967.0,3.0,0.158,3.435,0.09679,-0.55,-3.275,1.0593,0.0,0.0,128.0,682.0
855007.0,3.0,0.3666,4.525,0.0732,-0.6318,-0.875,1.0629,0.0,0.0,128.0,703.0
855047.0,3.0,0.6243,5.616,0.04823,-0.6176,1.525,1.0107,0.0,0.0,128.0,724.0
855087.0,2.0,1.1474,11.59,0.02543,-0.5405,1.167,1.2647,0.0,0.0,128.0,760.0
855128.0,2.0,1.6122,11.728,0.00409,-0.5307,0.026,0.8257,0.0,0.0,128.0,762.0
855169.0,2.0,2.1783,13.209,-0.01665,-0.478,2.486,0.5801,0.0,0.0,128.0,752.0
855210.0,2.0,2.7627,15.768,-0.03326,-0.3244,4.946,0.6175,0.0,0.0,128.0,750.0
855251.0,2.0,-2.5479,21.059,-0.042,-0.109,4.406,1.9578,0.0,0.0,128.0,749.0
855292.0,2.0,-1.6322,22.883,-0.0435,0.0243,2.906,3.392,0.0,0.0,128.0,730.0
855332.0,2.0,-1.0232,15.364,-0.03971,0.1898,5.306,2.0639,0.0,0.0,128.0,743.0
855373.0,5.0,-0.5522,11.724,-0.02715,0.4496,6.326,2.024,0.0,0.0,128.0,681.0
855413.0,5.0,-0.3712,5.95,-0.00518,0.6534,3.926,2.024,0.0,0.0,128.0,661.0
855453.0,5.0,-0.1595,5.169,0.02299,0.7613,1.526,2.024,0.0,0.0,128.0,682.0
855494.0,5.0,-0.1979,1.626,0.05355,0.7731,-0.874,2.024,0.0,0.0,128.0,673.0
855534.0,5.0,0.1197,7.066,0.08348,0.6856,-3.334,2.024,0.0,0.0,128.0,640.0
855574.0,5.0,0.3712,6.894,0.10736,0.5031,-5.734,2.024,0.0,0.0,128.0,680.0
855614.0,5.0,0.9449,12.242,0.1224,0.2549,-5.494,2.024,0.0,0.0,128.0,674.0
855655.0,5.0,1.4128,12.202,0.12885,0.0834,-3.155,2.024,0.0,0.0,128.0,666.0
855695.0,5.0,2.12,16.156,0.13035,0.0051,-0.758,2.024,0.0,0.0,128.0,669.0
855735.0,6.0,2.9146,19.467,0.1302,-0.0224,-1.5,2.024,0.0,0.0,128.0,704.0
855775.0,2.0,-2.6246,20.984,0.12784,-0.116,-3.48,1.9525,0.0,0.0,128.0,736.0
855816.0,2.0,-1.6245,24.398,0.11966,-0.3097,-5.58,3.7978,0.0,0.0,128.0,736.0
855856.0,2.0,-1.1842,12.866,0.1038,-0.4939,-4.38,1.4188,0.0,0.0,128.0,744.0
855897.0,2.0,-0.9173,7.71,0.081,-0.6362,-3.72,1.0227,0.0,0.0,128.0,702.0
855938.0,2.0,-0.7486,3.977,0.05246,-0.7656,-2.008,0.8571,0.0,0.0,128.0,733.0
855978.0,2.0,-0.8652,-2.191,0.02141,-0.7992,0.241,0.6993,0.0,0.0,128.0,761.0
856019.0,2.0,-0.6182,3.677,-0.01009,-0.7584,0.942,0.8799,0.0,0.0,128.0,752.0
856060.0,2.0,-0.4847,3.734,-0.03923,-0.6681,3.402,0.9872,0.0,0.0,128.0,739.0
856101.0,3.0,-0.6013,-1.472,-0.06375,-0.5569,1.542,0.8383,0.0,0.0,128.0,717.0
856141.0,5.0,-0.8728,-5.711,-0.08512,-0.539,0.222,0.8466,0.0,0.0,128.0,674.0
856181.0,5.0,-1.0861,-5.727,-0.1056,-0.4809,2.622,0.8466,0.0,0.0,128.0,682.0
856221.0,5.0,-1.1566,-1.418,-0.12195,-0.3268,5.022,0.8466,0.0,0.0,128.0,688.0
856262.0,5.0,-1.5018,-6.816,-0.13095,-0.1255,3.867,0.8466,0.0,0.0,128.0,681.0
856302.0,5.0,-2.2212,-16.403,-0.13358,-0.0196,1.527,0.8466,0.0,0.0,128.0,680.0
856343.0,6.0,3.0403,-19.333,-0.13373,0.0084,0.988,0.8466,0.0,0.0,128.0,709.0
856383.0,6.0,2.4022,-18.649,-0.13234,0.0665,1.5,0.8466,0.0,0.0,128.0,708.0
856423.0,2.0,1.9696,-11.554,-0.12855,0.1319,2.28,0.4846,0.0,0.0,128.0,752.0
856463.0,2.0,1.5739,-10.167,-0.12098,0.2723,4.68,0.6822,0.0,0.0,128.0,725.0
856503.0,2.0,1.3852,-5.716,-0.10605,0.5021,5.88,0.425,0.0,0.0,128.0,731.0
856544.0,2.0,1.0769,-7.524,-0.08168,0.6955,3.538,0.8496,0.0,0.0,128.0,722.0
856584.0,2.0,1.1321,-0.703,-0.05224,0.7881,1.146,0.4487,0.0,0.0,128.0,717.0
856625.0,2.0,1.195,1.17,-0.02018,0.7871,-1.194,0.3766,0.0,0.0,128.0,752.0
856665.0,2.0,1.3407,3.11,0.0093,0.6901,-3.594,0.2975,0.0,0.0,128.0,759.0
856705.0,2.0,1.6812,7.257,0.03311,0.5081,-4.434,0.2368,0.0,0.0,128.0,760.0
856746.0,2.0,2.0233,8.118,0.05074,0.378,-1.974,-0.0191,0.0,0.0,128.0,758.0
856787.0,2.0,2.6875,14.349,0.06506,0.3465,-0.18,0.4251,0.0,0.0,128.0,753.0
856827.0,2.0,-3.0572,13.927,0.07819,0.3226,-0.144,0.2269,0.0,0.0,128.0,760.0
856868.0,2.0,-2.459,12.822,0.09041,0.2684,-1.764,0.2442,0.0,0.0,128.0,761.0
856909.0,2.0,-1.7886,14.357,0.09915,0.1444,-4.224,1.118,0.0,0.0,128.0,746.0
856950.0,2.0,-1.4051,10.651,0.10091,-0.0804,-6.684,0.8778,0.0,0.0,128.0,740.0
856990.0,2.0,-1.4281,2.08,0.09214,-0.3796,-7.102,0.2327,0.0,0.0,128.0,729.0
857031.0,2.0,-1.5018,-1.978,0.07178,-0.6192,-4.645,0.0869,0.0,0.0,128.0,737.0
857071.0,2.0,-1.4542,0.506,0.04448,-0.7564,-2.275,0.1259,0.0,0.0,128.0,739.0
857112.0,2.0,-1.4603,-0.008,0.01286,-0.798,0.185,0.0945,0.0,0.0,128.0,768.0
857152.0,2.0,-1.9083,-6.022,-0.01808,-0.7758,0.065,0.0321,0.0,0.0,128.0,756.0
857193.0,2.0,-2.5188,-14.222,-0.04961,-0.7771,0.929,0.4446,0.0,0.0,128.0,757.0
857234.0,5.0,-3.0557,-13.861,-0.07999,-0.7111,2.76,0.3391,0.0,0.0,128.0,682.0
857274.0,5.0,2.6093,-14.84,-0.10526,-0.5515,5.16,0.3391,0.0,0.0,128.0,679.0
857314.0,5.0,2.4528,-7.846,-0.12251,-0.3063,6.06,0.3391,0.0,0.0,128.0,688.0
857355.0,5.0,2.2626,-5.323,-0.13054,-0.1131,3.66,0.3391,0.0,0.0,128.0,681.0
857395.0,5.0,2.2166,-2.037,-0.13286,-0.0137,1.261,0.3391,0.0,0.0,128.0,661.0
857435.0,6.0,2.2749,0.698,-0.13294,0.0116,1.161,0.3391,0.0,0.0,128.0,703.0
857475.0,6.0,2.4467,3.584,-0.13136,0.0708,1.5,0.3391,0.0,0.0,128.0,695.0
857516.0,2.0,2.5863,4.156,-0.12713,0.1518,3.0,-0.7673,0.0,0.0,128.0,744.0
857557.0,2.0,-3.1048,11.394,-0.11794,0.3265,5.46,-0.1793,0.0,0.0,128.0,717.0
857597.0,2.0,-2.7243,11.058,-0.1005,0.5642,5.319,-0.1197,0.0,0.0,128.0,745.0
857638.0,2.0,-2.2427,10.826,-0.07418,0.7308,2.869,0.1962,0.0,0.0,128.0,737.0
857679.0,2.0,-1.761,10.84,-0.04305,0.7974,0.529,0.7057,0.0,0.0,128.0,739.0
857719.0,2.0,-1.4573,6.172,-0.01174,0.785,-1.308,0.3598,0.0,0.0,128.0,738.0
857759.0,2.0,-1.2993,4.238,0.01763,0.6835,-3.708,0.3895,0.0,0.0,128.0,751.0
857799.0,2.0,-1.3929,-0.879,0.0411,0.4986,-4.428,0.1979,0.0,0.0,128.0,760.0
857840.0,2.0,-1.5555,-3.389,0.05828,0.3545,-3.755,0.0732,0.0,0.0,128.0,737.0
857881.0,2.0,-1.6582,-2.764,0.06889,0.1489,-6.215,-0.016,0.0,0.0,128.0,745.0
857922.0,2.0,-1.8101,-3.791,0.06922,-0.1576,-8.675,-0.1787,0.0,0.0,128.0,729.0
857963.0,2.0,-2.844,-19.754,0.05648,-0.466,-6.323,1.5085,0.0,0.0,128.0,716.0
858004.0,2.0,2.7596,-17.868,0.03322,-0.6736,-3.863,1.0978,0.0,0.0,128.0,708.0
858044.0,2.0,2.1322,-16.762,0.00431,-0.7789,-1.463,1.272,0.0,0.0,128.0,736.0
858084.0,2.0,1.6414,-13.631,-0.02685,-0.7882,0.937,1.1447,0.0,0.0,128.0,760.0
858125.0,2.0,1.2563,-10.265,-0.05723,-0.6981,3.397,0.9915,0.0,0.0,128.0,743.0
858166.0,2.0,0.9541,-7.829,-0.08194,-0.5072,5.857,0.9741,0.0,0.0,128.0,741.0
858206.0,2.0,0.359,-14.293,-0.09713,-0.261,5.323,2.2336,0.0,0.0,128.0,736.0
858246.0,2.0,0.3513,-3.22,-0.1038,-0.0721,5.323,1.0181,0.0,0.0,128.0,742.0
858287.0,3.0,0.0383,-6.117,-0.10305,0.0994,2.983,1.2358,0.0,0.0,128.0,704.0
858327.0,3.0,-0.3329,-8.708,-0.09746,0.1695,0.583,1.4244,0.0,0.0,128.0,703.0
858369.0,2.0,-0.8191,-11.321,-0.09082,0.1417,-1.877,1.4928,0.0,0.0,128.0,815.0
858408.0,2.0,-0.9587,-5.829,-0.08602,0.1158,0.523,0.7455,0.0,0.0,128.0,716.0
858449.0,2.0,-1.4174,-9.368,-0.08025,0.1889,2.983,0.7518,0.0,0.0,128.0,738.0
858489.0,2.0,-2.0847,-15.221,-0.06994,0.3571,5.143,0.8931,0.0,0.0,128.0,752.0
858530.0,2.0,3.0986,-23.8,-0.05126,0.5783,5.154,2.5885,0.0,0.0,128.0,730.0
858571.0,2.0,2.5065,-15.716,-0.02441,0.7384,2.707,0.7784,0.0,0.0,128.0,723.0
858611.0,2.0,2.0249,-12.527,0.00607,0.7975,0.307,0.5992,0.0,0.0,128.0,727.0
858651.0,2.0,1.6444,-9.833,0.03705,0.7606,-2.093,0.548,0.0,0.0,128.0,756.0
858692.0,2.0,1.4634,-5.589,0.06574,0.6687,-1.741,0.3386,0.0,0.0,128.0,756.0
858733.0,2.0,1.3499,-3.131,0.09094,0.5673,-3.356,0.298,0.0,0.0,128.0,745.0
858774.0,2.0,1.3622,-0.265,0.11066,0.3871,-5.533,0.2316,0.0,0.0,128.0,750.0
858815.0,2.0,1.557,3.879,0.12116,0.1085,-7.993,0.1259,0.0,0.0,128.0,735.0
858855.0,2.0,1.7917,5.059,0.11944,-0.1931,-6.433,-0.0517,0.0,0.0,128.0,740.0
858896.0,2.0,2.304,11.027,0.10718,-0.4052,-3.973,0.0961,0.0,0.0,128.0,736.0
858937.0,2.0,2.7228,11.696,0.08828,-0.5164,-1.513,-0.0765,0.0,0.0,128.0,736.0
858977.0,2.0,-3.0189,13.088,0.06746,-0.5278,0.887,0.0926,0.0,0.0,128.0,743.0
859017.0,2.0,-2.2028,18.906,0.04785,-0.4575,1.487,1.6223,0.0,0.0,128.0,751.0
859058.0,2.0,-1.9942,7.935,0.02992,-0.4388,0.467,0.0198,0.0,0.0,128.0,766.0
859099.0,2.0,-1.5677,8.972,0.01301,-0.404,0.047,0.5695,0.0,0.0,128.0,750.0
859140.0,2.0,-1.2901,6.677,-0.0036,-0.4135,0.107,0.6665,0.0,0.0,128.0,743.0
859181.0,2.0,-1.3116,0.707,-0.02085,-0.4542,-1.163,0.2936,0.0,0.0,128.0,723.0
859221.0,2.0,-1.4742,-3.111,-0.03904,-0.4515,1.237,0.1706,0.0,0.0,128.0,758.0
859261.0,2.0,-1.557,-2.535,-0.05524,-0.3529,3.637,0.0221,0.0,0.0,128.0,764.0
859302.0,2.0,-1.695,-1.445,-0.06604,-0.1773,3.908,-0.0705,0.0,0.0,128.0,756.0
859343.0,2.0,-2.2565,-12.165,-0.07076,-0.0688,1.448,0.2961,0.0,0.0,128.0,757.0
859384.0,2.0,-3.0434,-17.402,-0.07301,-0.0577,-0.172,0.9422,0.0,0.0,128.0,720.0
859424.0,2.0,2.8379,-15.513,-0.07481,-0.0154,2.228,0.5974,0.0,0.0,128.0,737.0
859465.0,2.0,2.3455,-13.177,-0.07425,0.0295,0.238,0.38,0.0,0.0,128.0,738.0
859505.0,2.0,2.1921,-6.808,-0.07286,0.0295,-1.044,-0.236,0.0,0.0,128.0,753.0
859546.0,2.0,1.9251,-5.377,-0.0732,-0.0648,-3.338,-0.1646,0.0,0.0,128.0,738.0
859586.0,2.0,1.8346,-3.233,-0.07785,-0.1664,-1.861,-0.1645,0.0,0.0,128.0,723.0
859626.0,2.0,1.919,1.048,-0.0852,-0.1916,0.539,-0.3237,0.0,0.0,128.0,763.0
859667.0,2.0,2.0785,3.408,-0.09184,-0.1178,2.999,-0.4033,0.0,0.0,128.0,767.0
859708.0,2.0,2.3669,6.268,-0.09349,0.0568,5.459,-0.4588,0.0,0.0,128.0,729.0
859749.0,2.0,2.6937,8.7,-0.08614,0.3313,7.499,-0.4516,0.0,0.0,128.0,731.0
859789.0,2.0,-2.8072,16.032,-0.06795,0.5822,5.111,0.6642,0.0,0.0,128.0,738.0
859830.0,2.0,-2.011,18.438,-0.04103,0.7402,2.653,1.7068,0.0,0.0,128.0,739.0
859870.0,2.0,-1.6199,12.501,-0.01043,0.7984,0.373,0.8778,0.0,0.0,128.0,736.0
859911.0,2.0,-1.1428,12.344,0.0219,0.7999,0.0,1.4572,0.0,0.0,128.0,731.0
859951.0,2.0,-0.9173,6.189,0.05284,0.7507,-2.4,0.8216,0.0,0.0,128.0,745.0
859992.0,2.0,-0.9787,0.923,0.08055,0.6007,-4.86,0.597,0.0,0.0,128.0,760.0
860033.0,2.0,-0.9741,-0.16,0.1008,0.3978,-5.363,0.5137,0.0,0.0,128.0,740.0
860074.0,2.0,-0.8391,3.067,0.1119,0.1263,-7.823,0.7441,0.0,0.0,128.0,743.0
860115.0,2.0,-1.014,-2.673,0.11014,-0.2284,-8.279,0.6153,0.0,0.0,128.0,736.0
860155.0,2.0,-0.9879,-0.687,0.09544,-0.5103,-5.879,0.521,0.0,0.0,128.0,730.0
860196.0,2.0,-1.0538,-1.047,0.0708,-0.7006,-3.446,0.5199,0.0,0.0,128.0,730.0
860237.0,2.0,-1.2088,-3.19,0.04043,-0.7902,-0.986,0.4123,0.0,0.0,128.0,707.0
860277.0,2.0,-1.2947,-2.17,0.00915,-0.7804,1.414,0.2868,0.0,0.0,128.0,744.0
860318.0,2.0,-1.6398,-5.604,-0.02051,-0.6708,3.874,0.2252,0.0,0.0,128.0,739.0
860358.0,2.0,-2.4897,-19.487,-0.04455,-0.5557,2.914,1.6444,0.0,0.0,128.0,751.0
860399.0,2.0,-2.8471,-13.923,-0.06428,-0.4161,3.334,0.2437,0.0,0.0,128.0,750.0
860440.0,2.0,2.5909,-18.739,-0.0789,-0.3052,3.303,1.3875,0.0,0.0,128.0,768.0
860481.0,2.0,2.3117,-8.816,-0.08813,-0.1541,2.883,-0.1864,0.0,0.0,128.0,748.0
860522.0,2.0,1.9466,-9.096,-0.0927,-0.0868,0.783,0.1613,0.0,0.0,128.0,756.0
860563.0,2.0,1.8592,-3.762,-0.09563,-0.0727,-0.785,-0.1645,0.0,0.0,128.0,738.0
860603.0,2.0,1.8515,-1.22,-0.09881,-0.074,1.118,-0.2306,0.0,0.0,128.0,746.0
860644.0,2.0,1.9911,2.565,-0.10028,0.0235,3.578,-0.3352,0.0,0.0,128.0,729.0
860684.0,2.0,2.2028,5.212,-0.09596,0.2158,5.978,-0.413,0.0,0.0,128.0,761.0
860725.0,2.0,2.4314,6.782,-0.08198,0.4873,6.038,-0.5101,0.0,0.0,128.0,733.0
860765.0,2.0,3.1385,15.386,-0.05876,0.6832,3.744,0.4963,0.0,0.0,128.0,739.0
860806.0,2.0,-2.6016,14.768,-0.02884,0.7851,1.286,0.5338,0.0,0.0,128.0,720.0
860846.0,2.0,-1.9896,15.708,0.00251,0.7874,-1.114,1.2744,0.0,0.0,128.0,753.0
860887.0,2.0,-1.3729,14.814,0.03289,0.7557,-0.692,1.5806,0.0,0.0,128.0,767.0
860927.0,2.0,-1.1873,7.248,0.06296,0.7268,-1.712,0.7684,0.0,0.0,128.0,705.0
860967.0,2.0,-1.2088,1.031,0.08966,0.6092,-4.112,0.3787,0.0,0.0,128.0,768.0
861008.0,2.0,-1.3422,-2.669,0.11044,0.4118,-4.834,0.2595,0.0,0.0,128.0,743.0
861049.0,2.0,-1.3054,0.213,0.12251,0.1619,-7.294,0.27,0.0,0.0,128.0,743.0
861090.0,2.0,-1.4419,-2.547,0.12281,-0.1497,-6.753,0.186,0.0,0.0,128.0,735.0
861130.0,2.0,-1.6567,-5.006,0.11205,-0.4121,-6.731,0.0699,0.0,0.0,128.0,748.0
861171.0,2.0,-2.1,-10.989,0.09064,-0.6399,-4.383,0.2891,0.0,0.0,128.0,742.0
861212.0,2.0,-3.002,-21.479,0.06195,-0.768,-1.925,1.9231,0.0,0.0,128.0,736.0
861253.0,2.0,2.7121,-16.592,0.03004,-0.8,0.0,0.8561,0.0,0.0,128.0,738.0
861293.0,2.0,2.1092,-15.249,-0.00146,-0.7918,0.96,0.9818,0.0,0.0,128.0,765.0
861334.0,2.0,1.7288,-11.231,-0.03277,-0.7648,0.832,0.6757,0.0,0.0,128.0,767.0
861375.0,2.0,1.4404,-7.542,-0.06229,-0.679,3.292,0.5156,0.0,0.0,128.0,747.0
861415.0,2.0,1.2671,-4.529,-0.08591,-0.4981,5.692,0.4318,0.0,0.0,128.0,752.0
861456.0,2.0,1.0477,-5.174,-0.10076,-0.213,8.152,0.7128,0.0,0.0,128.0,742.0
861497.0,2.0,1.1045,0.418,-0.10219,0.1579,8.775,0.456,0.0,0.0,128.0,724.0
861537.0,2.0,1.1428,1.054,-0.08989,0.4597,6.375,0.4214,0.0,0.0,128.0,732.0
861577.0,2.0,1.1351,0.147,-0.0675,0.6662,4.007,0.4647,0.0,0.0,128.0,747.0
861618.0,2.0,1.3714,4.975,-0.03799,0.7788,1.547,0.3622,0.0,0.0,128.0,749.0
861658.0,2.0,1.6736,7.178,-0.00679,0.799,0.227,0.2294,0.0,0.0,128.0,739.0
861698.0,2.0,1.9758,7.852,0.02479,0.8,0.0,-0.0397,0.0,0.0,128.0,750.0
861739.0,5.0,2.6001,13.006,0.05614,0.7886,-1.14,-0.0607,0.0,0.0,128.0,676.0
861779.0,5.0,-3.1339,13.415,0.08644,0.6902,-3.6,-0.0607,0.0,0.0,128.0,690.0
861820.0,5.0,-2.4022,15.931,0.11025,0.497,-6.0,-0.0607,0.0,0.0,128.0,694.0
861860.0,5.0,-2.0233,11.366,0.12517,0.2414,-5.34,-0.0607,0.0,0.0,128.0,680.0
861900.0,5.0,-1.784,7.039,0.13121,0.0757,-3.001,-0.0607,0.0,0.0,128.0,661.0
861940.0,5.0,-1.6997,3.197,0.13252,0.004,-0.663,-0.0607,0.0,0.0,128.0,682.0
861981.0,6.0,-1.6828,0.807,0.13226,-0.0272,-1.5,-0.0607,0.0,0.0,128.0,717.0
862021.0,6.0,-1.8929,-3.875,0.13005,-0.0872,-1.5,-0.0607,0.0,0.0,128.0,710.0
862062.0,2.0,-2.1322,-4.809,0.12465,-0.2004,-3.96,-0.3606,0.0,0.0,128.0,729.0
862103.0,2.0,-2.7995,-14.119,0.11273,-0.4144,-6.42,0.3225,0.0,0.0,128.0,717.0
862143.0,2.0,2.959,-12.93,0.09184,-0.6367,-4.425,0.0717,0.0,0.0,128.0,733.0
862183.0,2.0,2.4222,-13.515,0.06397,-0.7647,-2.031,0.4357,0.0,0.0,128.0,751.0
862224.0,2.0,1.9773,-10.667,0.0321,-0.7999,0.0,0.3457,0.0,0.0,128.0,751.0
862265.0,2.0,1.6183,-8.89,-0.00011,-0.7999,0.0,0.474,0.0,0.0,128.0,739.0
862306.0,2.0,1.4327,-5.606,-0.0318,-0.7483,2.46,0.3538,0.0,0.0,128.0,751.0
862346.0,2.0,1.2885,-3.366,-0.05876,-0.6007,4.86,0.3257,0.0,0.0,128.0,750.0
862387.0,2.0,1.2471,-1.584,-0.07845,-0.3497,7.32,0.3622,0.0,0.0,128.0,741.0
862427.0,2.0,1.4021,2.836,-0.08659,-0.0673,6.0,0.2233,0.0,0.0,128.0,744.0
862467.0,2.0,1.603,4.185,-0.08531,0.1279,4.56,0.1149,0.0,0.0,128.0,726.0
862508.0,2.0,1.939,7.932,-0.07579,0.3665,7.02,0.0425,0.0,0.0,128.0,724.0
862548.0,2.0,2.3163,9.611,-0.05651,0.6058,4.826,-0.1199,0.0,0.0,128.0,724.0
862589.0,2.0,3.0557,16.753,-0.02888,0.7523,2.373,0.784,0.0,0.0,128.0,702.0
862629.0,2.0,-2.7075,12.385,0.00206,0.7996,0.213,0.0291,0.0,0.0,128.0,730.0
862669.0,2.0,-1.9006,19.901,0.03308,0.7589,-2.187,2.2999,0.0,0.0,128.0,771.0
862710.0,2.0,-1.2962,16.2,0.06135,0.6338,-3.135,1.9195,0.0,0.0,128.0,742.0
862750.0,2.0,-1.1996,6.079,0.0843,0.5245,-3.495,0.6605,0.0,0.0,128.0,745.0
862791.0,2.0,-1.1213,1.915,0.10204,0.3296,-5.955,0.4875,0.0,0.0,128.0,745.0
862832.0,2.0,-1.1413,-0.296,0.11029,0.0781,-6.022,0.3856,0.0,0.0,128.0,732.0
862873.0,2.0,-1.0385,2.112,0.10793,-0.2203,-8.341,0.5501,0.0,0.0,128.0,745.0
862914.0,2.0,-1.1919,-2.828,0.093,-0.5107,-5.886,0.4278,0.0,0.0,128.0,721.0
862954.0,2.0,-1.1704,-0.173,0.06904,-0.6969,-3.486,0.3819,0.0,0.0,128.0,719.0
862994.0,2.0,-1.2931,-2.224,0.03956,-0.7872,-1.086,0.3256,0.0,0.0,128.0,735.0
863034.0,2.0,-1.4005,-1.608,0.00836,-0.7814,1.314,0.2595,0.0,0.0,128.0,753.0
863074.0,2.0,-2.1292,-15.032,-0.02104,-0.7093,1.61,0.9608,0.0,0.0,128.0,752.0
863115.0,2.0,-2.6538,-13.167,-0.0477,-0.5996,2.75,0.2005,0.0,0.0,128.0,746.0
863155.0,2.0,3.1094,-11.896,-0.06967,-0.5297,0.668,-0.1039,0.0,0.0,128.0,752.0
863195.0,2.0,2.4897,-13.187,-0.09015,-0.4963,1.868,0.3367,0.0,0.0,128.0,765.0
863236.0,2.0,2.0034,-11.741,-0.10845,-0.4078,2.466,0.4431,0.0,0.0,128.0,754.0
863276.0,2.0,1.8147,-6.994,-0.12214,-0.2819,3.115,0.0925,0.0,0.0,128.0,752.0
863317.0,2.0,1.7518,-2.66,-0.13106,-0.1496,4.079,-0.1178,0.0,0.0,128.0,744.0
863358.0,2.0,1.7411,-0.842,-0.13316,0.0693,6.539,-0.1471,0.0,0.0,128.0,731.0
863398.0,2.0,1.8975,2.938,-0.12491,0.3664,7.213,-0.2503,0.0,0.0,128.0,743.0
863439.0,2.0,2.1629,5.792,-0.105,0.6107,4.766,-0.3309,0.0,0.0,128.0,753.0
863480.0,2.0,2.4758,6.998,-0.07721,0.7547,2.326,-0.4519,0.0,0.0,128.0,753.0
863521.0,2.0,3.0327,12.348,-0.04552,0.7999,0.106,-0.0351,0.0,0.0,128.0,722.0
863561.0,2.0,-2.5311,16.744,-0.01399,0.7991,-0.3,0.9787,0.0,0.0,128.0,760.0
863601.0,2.0,-1.8914,17.324,0.0174,0.7879,-1.171,1.6487,0.0,0.0,128.0,764.0
863642.0,2.0,-1.6828,7.601,0.04793,0.7336,-0.391,0.2709,0.0,0.0,128.0,757.0
863683.0,2.0,-1.4327,5.986,0.07658,0.668,-2.8,0.3924,0.0,0.0,128.0,724.0
863723.0,2.0,-1.3606,2.898,0.10012,0.5068,-5.2,0.3087,0.0,0.0,128.0,754.0
863764.0,2.0,-1.5815,-3.593,0.11573,0.242,-7.65,0.0966,0.0,0.0,128.0,737.0
863805.0,2.0,-1.6306,-1.942,0.11869,-0.118,-9.046,-0.0481,0.0,0.0,128.0,744.0
863846.0,2.0,-1.7932,-3.906,0.10733,-0.4374,-6.596,-0.153,0.0,0.0,128.0,729.0
863887.0,2.0,-2.6446,-15.655,0.08501,-0.6564,-4.149,0.7524,0.0,0.0,128.0,738.0
863927.0,2.0,3.1217,-16.57,0.05663,-0.7733,-1.789,0.7438,0.0,0.0,128.0,740.0
863968.0,2.0,2.4682,-12.917,0.0246,-0.8,0.0,0.2554,0.0,0.0,128.0,730.0
864008.0,2.0,2.0203,-12.053,-0.00683,-0.7968,-0.28,0.5512,0.0,0.0,128.0,730.0
864048.0,2.0,1.5815,-10.053,-0.03825,-0.7867,1.229,0.6288,0.0,0.0,128.0,782.0
864089.0,2.0,1.4067,-5.924,-0.06832,-0.6847,3.689,0.3983,0.0,0.0,128.0,729.0
864129.0,2.0,1.172,-5.137,-0.09188,-0.4879,6.089,0.4792,0.0,0.0,128.0,753.0
864170.0,2.0,1.1796,-2.24,-0.10601,-0.1866,8.549,0.4625,0.0,0.0,128.0,746.0
864211.0,2.0,1.2609,1.458,-0.10661,0.156,7.289,0.3159,0.0,0.0,128.0,730.0
864251.0,2.0,1.2793,0.509,-0.0954,0.4164,6.329,0.3067,0.0,0.0,128.0,720.0
864291.0,2.0,1.5693,5.834,-0.07481,0.6203,3.929,0.2386,0.0,0.0,128.0,735.0
864331.0,2.0,1.8853,7.738,-0.04751,0.7556,2.282,0.0725,0.0,0.0,128.0,743.0
864371.0,2.0,2.2074,8.11,-0.01661,0.7998,0.122,-0.1732,0.0,0.0,128.0,748.0
864412.0,2.0,2.7734,13.661,0.01571,0.8,0.0,0.222,0.0,0.0,128.0,731.0
864453.0,5.0,-2.9314,12.959,0.048,0.7973,-0.54,0.1587,0.0,0.0,128.0,718.0
864494.0,5.0,-2.0647,19.241,0.07913,0.7235,-3.0,0.1587,0.0,0.0,128.0,669.0
864534.0,5.0,-1.672,10.291,0.10474,0.5543,-5.4,0.1587,0.0,0.0,128.0,675.0
864574.0,5.0,-1.4159,6.306,0.12188,0.3035,-6.0,0.1587,0.0,0.0,128.0,681.0
864614.0,5.0,-1.4297,-0.002,0.1299,0.112,-3.661,0.1587,0.0,0.0,128.0,688.0
864655.0,5.0,-1.5386,-2.421,0.13215,0.0134,-1.263,0.1587,0.0,0.0,128.0,652.0
864695.0,6.0,-1.4803,0.411,0.13223,-0.0116,-1.156,0.1587,0.0,0.0,128.0,701.0
864735.0,6.0,-1.7763,-6.083,0.13065,-0.0707,-1.5,0.1587,0.0,0.0,128.0,716.0
864775.0,2.0,-2.2964,-12.57,0.12641,-0.1624,-3.42,0.4361,0.0,0.0,128.0,726.0
864815.0,2.0,-2.8854,-14.363,0.11678,-0.3484,-5.82,0.3897,0.0,0.0,128.0,739.0
864856.0,2.0,2.7274,-19.524,0.0978,-0.5916,-4.992,1.5203,0.0,0.0,128.0,741.0
864897.0,2.0,2.1629,-14.812,0.07061,-0.7451,-2.547,0.8638,0.0,0.0,128.0,747.0
864938.0,2.0,1.6966,-11.942,0.03923,-0.7992,-0.207,0.8141,0.0,0.0,128.0,729.0
864979.0,2.0,1.31,-10.057,0.00791,-0.7795,1.358,0.9278,0.0,0.0,128.0,765.0
865019.0,2.0,1.0891,-6.31,-0.02179,-0.6722,3.818,0.7386,0.0,0.0,128.0,745.0
865059.0,2.0,0.6197,-11.675,-0.04478,-0.4845,4.43,1.6743,0.0,0.0,128.0,745.0
865100.0,3.0,0.6412,-2.465,-0.06098,-0.3319,4.402,0.8398,0.0,0.0,128.0,751.0
865140.0,3.0,0.5415,-2.093,-0.07012,-0.0998,6.819,0.8846,0.0,0.0,128.0,709.0
865180.0,3.0,0.1043,-9.402,-0.06949,0.1238,4.419,1.5533,0.0,0.0,128.0,688.0
865221.0,3.0,0.2347,0.555,-0.06158,0.2599,3.159,0.9745,0.0,0.0,128.0,702.0
865261.0,3.0,0.0936,-2.206,-0.04838,0.4166,3.489,1.0264,0.0,0.0,128.0,704.0
865302.0,3.0,-0.3497,-9.227,-0.0294,0.508,1.029,1.4775,0.0,0.0,128.0,701.0
865342.0,3.0,-0.4372,-4.154,-0.00919,0.5,-1.371,1.015,0.0,0.0,128.0,737.0
865382.0,3.0,-0.4924,-1.435,0.00885,0.3959,-3.771,0.8942,0.0,0.0,128.0,727.0
865423.0,3.0,-0.7348,-5.013,0.02115,0.1896,-6.231,0.9008,0.0,0.0,128.0,713.0
865463.0,2.0,-1.0968,-8.192,0.02374,-0.053,-5.031,0.8907,0.0,0.0,128.0,724.0
865504.0,2.0,-1.4113,-7.893,0.01826,-0.2076,-2.571,0.5288,0.0,0.0,128.0,749.0
865545.0,2.0,-1.623,-7.992,0.00848,-0.2639,-0.831,0.299,0.0,0.0,128.0,722.0
865585.0,2.0,-2.4344,-16.521,-0.00315,-0.3438,-2.511,1.053,0.0,0.0,128.0,724.0
865626.0,2.0,2.9222,-21.457,-0.01837,-0.3951,-0.051,1.9342,0.0,0.0,128.0,725.0
865666.0,2.0,2.4007,-14.871,-0.03345,-0.3684,0.309,0.6401,0.0,0.0,128.0,762.0
865706.0,2.0,1.8791,-13.337,-0.04714,-0.3068,2.709,0.8915,0.0,0.0,128.0,765.0
865747.0,2.0,1.4527,-10.499,-0.05756,-0.2048,3.24,0.827,0.0,0.0,128.0,736.0
865788.0,2.0,1.1582,-7.874,-0.06255,-0.0203,5.7,0.8223,0.0,0.0,128.0,735.0
865828.0,2.0,0.6796,-10.442,-0.05854,0.2341,5.82,1.4121,0.0,0.0,128.0,735.0
865869.0,2.0,0.6013,-5.132,-0.04511,0.421,3.36,1.0266,0.0,0.0,128.0,730.0
865910.0,3.0,0.5844,-1.023,-0.02516,0.5875,5.05,0.844,0.0,0.0,128.0,709.0
865950.0,3.0,0.2899,-5.591,0.00124,0.7404,2.653,1.1558,0.0,0.0,128.0,697.0
865990.0,3.0,0.1365,-4.301,0.03184,0.7973,0.253,1.1076,0.0,0.0,128.0,701.0
866031.0,5.0,0.1549,0.065,0.06386,0.7727,-1.651,0.9881,0.0,0.0,128.0,687.0
866071.0,5.0,0.0061,-2.662,0.09244,0.6574,-4.051,0.9881,0.0,0.0,128.0,660.0
866111.0,5.0,0.089,0.415,0.11464,0.4462,-6.451,0.9881,0.0,0.0,128.0,689.0
866152.0,5.0,0.3344,5.429,0.12735,0.2049,-4.951,0.9881,0.0,0.0,128.0,662.0
866192.0,5.0,0.6657,7.273,0.1323,0.0536,-2.491,0.9881,0.0,0.0,128.0,665.0
866232.0,5.0,1.1029,10.057,0.13313,0.0006,-0.219,0.9881,0.0,0.0,128.0,667.0
866273.0,6.0,1.6183,12.523,0.13264,-0.0389,-1.5,0.9881,0.0,0.0,128.0,730.0
866315.0,2.0,2.2473,15.667,0.12979,-0.1005,-1.62,0.915,0.0,0.0,128.0,875.0
866355.0,2.0,2.8747,15.666,0.12383,-0.2186,-4.08,0.5805,0.0,0.0,128.0,711.0
866395.0,2.0,-2.4452,22.927,0.11209,-0.3781,-4.32,2.509,0.0,0.0,128.0,743.0
866436.0,2.0,-1.8392,19.488,0.09274,-0.5926,-4.989,2.2659,0.0,0.0,128.0,722.0
866476.0,2.0,-1.3361,14.355,0.06619,-0.7432,-2.601,1.5642,0.0,0.0,128.0,749.0
866517.0,2.0,-1.2395,5.518,0.03476,-0.7992,-0.297,0.5832,0.0,0.0,128.0,727.0
866558.0,2.0,-1.2042,1.188,0.00244,-0.7999,0.0,0.39,0.0,0.0,128.0,732.0
866598.0,2.0,-1.3008,-1.915,-0.02869,-0.7683,1.92,0.3045,0.0,0.0,128.0,761.0
866639.0,2.0,-1.3622,-1.653,-0.05749,-0.6379,4.38,0.2053,0.0,0.0,128.0,741.0
866679.0,2.0,-1.4757,-3.219,-0.07883,-0.4383,5.479,0.1878,0.0,0.0,128.0,753.0
866719.0,2.0,-1.8592,-8.972,-0.09127,-0.1753,6.799,0.3248,0.0,0.0,128.0,751.0
866760.0,2.0,-2.2764,-9.893,-0.0936,0.0518,4.339,0.0118,0.0,0.0,128.0,734.0
866801.0,2.0,-2.8977,-14.302,-0.08839,0.2096,3.466,0.311,0.0,0.0,128.0,725.0
866842.0,2.0,2.8731,-11.534,-0.07781,0.3,1.006,-0.1387,0.0,0.0,128.0,720.0
866882.0,2.0,2.571,-7.887,-0.06521,0.3389,0.286,-0.4332,0.0,0.0,128.0,746.0
866922.0,2.0,2.2473,-8.236,-0.05228,0.3012,-2.114,-0.1845,0.0,0.0,128.0,774.0
866963.0,2.0,2.0325,-6.489,-0.04245,0.1628,-4.574,-0.1184,0.0,0.0,128.0,739.0
867004.0,2.0,2.0064,-1.37,-0.04024,-0.0727,-6.159,-0.4014,0.0,0.0,128.0,742.0
867044.0,2.0,2.008,-0.235,-0.04718,-0.2699,-3.759,-0.4143,0.0,0.0,128.0,732.0
867085.0,2.0,2.1031,1.623,-0.06038,-0.3724,-1.299,-0.4758,0.0,0.0,128.0,708.0
867125.0,2.0,2.3025,4.545,-0.07541,-0.3751,1.101,-0.5339,0.0,0.0,128.0,759.0
867165.0,2.0,2.5403,5.598,-0.08873,-0.2819,3.501,-0.6235,0.0,0.0,128.0,759.0
867206.0,2.0,3.0864,11.228,-0.0966,-0.0867,5.961,-0.2008,0.0,0.0,128.0,727.0
867246.0,2.0,-2.5203,16.04,-0.0948,0.2009,8.361,0.8112,0.0,0.0,128.0,731.0
867287.0,2.0,-1.7043,19.605,-0.08055,0.4969,6.019,2.3073,0.0,0.0,128.0,729.0
867328.0,2.0,-1.3284,13.718,-0.05632,0.6927,3.584,1.5187,0.0,0.0,128.0,723.0
867368.0,2.0,-1.0753,7.605,-0.02693,0.7869,1.184,0.8462,0.0,0.0,128.0,737.0
867408.0,2.0,-0.8682,5.551,0.00431,0.785,-1.216,0.8431,0.0,0.0,128.0,757.0
867448.0,2.0,-0.9219,0.395,0.03368,0.6871,-3.616,0.6309,0.0,0.0,128.0,765.0
867489.0,2.0,-1.017,-2.337,0.05888,0.5748,-1.96,0.4992,0.0,0.0,128.0,743.0
867530.0,2.0,-0.9066,2.241,0.07984,0.4428,-4.42,0.6685,0.0,0.0,128.0,721.0
867570.0,2.0,-1.0446,-2.257,0.09338,0.2352,-4.78,0.5497,0.0,0.0,128.0,734.0
867610.0,2.0,-1.3606,-6.854,0.0993,0.0625,-4.206,0.5135,0.0,0.0,128.0,743.0
867651.0,2.0,-1.5064,-4.66,0.09877,-0.0982,-4.696,0.1734,0.0,0.0,128.0,732.0
867691.0,2.0,-1.6828,-7.13,0.09068,-0.3353,-7.096,0.0854,0.0,0.0,128.0,744.0
867731.0,2.0,-2.8885,-22.391,0.07241,-0.5846,-5.075,2.2039,0.0,0.0,128.0,745.0
867772.0,2.0,2.8026,-17.827,0.04538,-0.741,-2.615,1.1035,0.0,0.0,128.0,737.0
867812.0,2.0,2.0126,-18.828,0.01485,-0.7965,-0.216,1.854,0.0,0.0,128.0,716.0
867852.0,2.0,1.5217,-14.329,-0.01605,-0.7577,1.584,1.3674,0.0,0.0,128.0,758.0
867893.0,2.0,1.1259,-10.343,-0.04575,-0.7088,1.99,1.1224,0.0,0.0,128.0,741.0
867933.0,2.0,0.9373,-5.369,-0.07151,-0.58,4.39,0.7802,0.0,0.0,128.0,760.0
867974.0,2.0,0.1396,-15.806,-0.09124,-0.4005,3.37,2.5743,0.0,0.0,128.0,729.0
868014.0,2.0,0.1074,-4.441,-0.10466,-0.2696,4.21,1.1207,0.0,0.0,128.0,735.0
868054.0,2.0,-0.1917,-6.611,-0.11145,-0.052,6.61,1.2601,0.0,0.0,128.0,742.0
868094.0,2.0,-0.5568,-8.768,-0.10864,0.1961,5.639,1.3339,0.0,0.0,128.0,727.0
868134.0,2.0,-0.9173,-8.419,-0.0966,0.4301,6.331,1.0699,0.0,0.0,128.0,736.0
868175.0,2.0,-1.5938,-14.578,-0.07485,0.6384,4.111,1.325,0.0,0.0,128.0,741.0
868216.0,2.0,-2.7121,-24.012,-0.04624,0.7672,1.949,2.7668,0.0,0.0,128.0,728.0
868257.0,2.0,2.5556,-25.707,-0.01433,0.8,0.0,3.3632,0.0,0.0,128.0,753.0
868297.0,2.0,1.9451,-17.894,0.01721,0.8,0.0,1.6932,0.0,0.0,128.0,744.0
868338.0,2.0,1.4005,-14.45,0.04939,0.782,-1.437,1.5339,0.0,0.0,128.0,742.0
868378.0,2.0,0.991,-10.861,0.07852,0.6754,-3.837,1.3142,0.0,0.0,128.0,771.0
868419.0,2.0,0.6397,-9.012,0.10204,0.4664,-6.297,1.3263,0.0,0.0,128.0,747.0
868460.0,2.0,0.3053,-8.331,0.11516,0.1566,-8.757,1.393,0.0,0.0,128.0,739.0
868500.0,2.0,0.1503,-4.85,0.11419,-0.2101,-8.414,1.1466,0.0,0.0,128.0,737.0
868541.0,3.0,0.4433,4.875,0.09964,-0.5034,-5.954,1.0535,0.0,0.0,128.0,703.0
868581.0,3.0,0.7517,7.434,0.07582,-0.6924,-3.554,1.0798,0.0,0.0,128.0,709.0
868622.0,2.0,1.1582,9.716,0.0456,-0.7874,-1.214,0.9987,0.0,0.0,128.0,737.0
868662.0,2.0,1.5923,11.34,0.01421,-0.7983,0.42,0.7471,0.0,0.0,128.0,767.0
868703.0,2.0,2.2841,14.897,-0.01695,-0.7294,2.88,0.7882,0.0,0.0,128.0,761.0
868744.0,2.0,3.0833,19.255,-0.04339,-0.5614,4.74,1.3531,0.0,0.0,128.0,764.0
868785.0,2.0,-2.3363,23.17,-0.06289,-0.4188,2.28,2.756,0.0,0.0,128.0,736.0
868825.0,2.0,-1.445,22.258,-0.07815,-0.3604,1.8,3.3868,0.0,0.0,128.0,752.0
868866.0,2.0,-0.8698,15.41,-0.0906,-0.235,4.26,2.2027,0.0,0.0,128.0,736.0
868907.0,2.0,-0.5077,9.187,-0.096,-0.0087,6.72,1.4183,0.0,0.0,128.0,728.0
868948.0,2.0,-0.3114,5.708,-0.0903,0.3083,7.68,1.1639,0.0,0.0,128.0,736.0
868988.0,2.0,-0.1825,4.384,-0.07294,0.5665,5.291,1.1113,0.0,0.0,128.0,694.0
869029.0,3.0,-0.385,-2.809,-0.04721,0.729,2.891,0.9767,0.0,0.0,128.0,704.0
869069.0,3.0,-0.158,4.382,-0.01605,0.7971,0.551,1.1089,0.0,0.0,128.0,698.0
869109.0,3.0,-0.3528,-2.524,0.01538,0.7819,-1.44,0.9787,0.0,0.0,128.0,716.0
869149.0,3.0,-0.3666,-1.134,0.04451,0.6751,-3.84,0.9417,0.0,0.0,128.0,717.0
869189.0,3.0,-0.4004,-0.361,0.06758,0.4723,-6.24,0.9217,0.0,0.0,128.0,729.0
869230.0,3.0,-0.3206,1.403,0.08115,0.19,-6.3,0.9615,0.0,0.0,128.0,715.0
869270.0,3.0,-0.181,3.214,0.08445,-0.0128,-3.9,1.049,0.0,0.0,128.0,702.0
869311.0,3.0,0.0199,4.848,0.08145,-0.121,-1.44,1.1485,0.0,0.0,128.0,695.0
869351.0,3.0,0.3758,7.564,0.0762,-0.1294,0.96,1.2918,0.0,0.0,128.0,715.0
869392.0,3.0,0.5921,6.12,0.07241,-0.0384,3.42,1.0664,0.0,0.0,128.0,717.0
869432.0,2.0,0.9618,9.102,0.07403,0.1271,3.66,1.0588,0.0,0.0,128.0,730.0
869472.0,2.0,1.488,11.547,0.08119,0.2243,1.26,0.9283,0.0,0.0,128.0,735.0
869512.0,2.0,1.9251,10.537,0.09037,0.2255,-1.14,0.3627,0.0,0.0,128.0,766.0
869553.0,2.0,2.6108,16.014,0.09787,0.1271,-3.6,0.7469,0.0,0.0,128.0,744.0
869594.0,2.0,3.1293,15.663,0.10005,-0.0156,-3.344,0.5522,0.0,0.0,128.0,720.0
869634.0,2.0,-2.574,13.095,0.09626,-0.1961,-5.024,0.298,0.0,0.0,128.0,737.0
869675.0,2.0,-1.738,14.297,0.08426,-0.4177,-6.524,1.1308,0.0,0.0,128.0,738.0
869716.0,2.0,-1.5754,5.471,0.06266,-0.6438,-4.33,0.2309,0.0,0.0,128.0,728.0
869756.0,2.0,-1.4818,2.683,0.03461,-0.768,-1.937,0.1908,0.0,0.0,128.0,738.0
869796.0,2.0,-1.5048,-0.496,0.00349,-0.7974,0.434,0.0762,0.0,0.0,128.0,752.0
869837.0,2.0,-1.5386,-0.676,-0.02764,-0.7279,2.894,0.0236,0.0,0.0,128.0,745.0
869877.0,2.0,-1.7549,-5.252,-0.05355,-0.5722,4.175,0.0254,0.0,0.0,128.0,759.0
869918.0,2.0,-2.0709,-8.681,-0.07354,-0.4258,2.555,0.038,0.0,0.0,128.0,748.0
869958.0,2.0,-2.5955,-11.856,-0.0888,-0.3606,0.658,0.0361,0.0,0.0,128.0,768.0
869999.0,2.0,3.0173,-15.515,-0.1026,-0.3183,1.438,0.5279,0.0,0.0,128.0,737.0
870039.0,2.0,2.6139,-10.413,-0.11363,-0.2447,1.078,-0.2142,0.0,0.0,128.0,765.0
870080.0,2.0,2.4114,-6.678,-0.1224,-0.1918,0.504,-0.4634,0.0,0.0,128.0,777.0
870121.0,5.0,2.1921,-6.111,-0.12968,-0.1555,2.004,-0.4569,0.0,0.0,128.0,683.0
870161.0,5.0,2.0586,-4.155,-0.13376,-0.0453,2.319,-0.4569,0.0,0.0,128.0,670.0
870201.0,5.0,2.1322,1.0,-0.1344,-0.0001,0.111,-0.4569,0.0,0.0,128.0,696.0
870241.0,6.0,2.2718,2.915,-0.13384,0.0417,1.5,-0.4569,0.0,0.0,128.0,704.0
870282.0,6.0,2.5387,5.742,-0.13095,0.1032,1.5,-0.4569,0.0,0.0,128.0,709.0
870322.0,2.0,2.7136,5.525,-0.12544,0.1948,3.42,-0.7472,0.0,0.0,128.0,751.0
870362.0,2.0,-2.8302,14.364,-0.11453,0.3808,5.82,0.3477,0.0,0.0,128.0,712.0
870403.0,2.0,-2.3853,12.944,-0.09431,0.6156,4.704,0.4135,0.0,0.0,128.0,744.0
870444.0,2.0,-1.9343,8.257,-0.06634,0.7571,2.258,0.0596,0.0,0.0,128.0,743.0
870485.0,2.0,-1.3162,15.202,-0.03465,0.7999,0.08,1.777,0.0,0.0,128.0,725.0
870525.0,2.0,-1.2456,5.204,-0.00345,0.7738,-1.74,0.4957,0.0,0.0,128.0,758.0
870566.0,2.0,-1.2763,0.402,0.02573,0.6508,-4.2,0.3109,0.0,0.0,128.0,753.0
870606.0,2.0,-1.422,-3.108,0.04864,0.5272,-1.92,0.1998,0.0,0.0,128.0,767.0
870646.0,2.0,-1.4036,-0.271,0.06788,0.4374,-3.326,0.1733,0.0,0.0,128.0,769.0
870687.0,2.0,-1.5585,-2.522,0.08228,0.259,-5.378,0.0762,0.0,0.0,128.0,737.0
870727.0,2.0,-2.0126,-7.535,0.08775,-0.0053,-7.778,0.0659,0.0,0.0,128.0,744.0
870768.0,2.0,-2.8655,-19.964,0.08089,-0.3412,-7.414,1.5513,0.0,0.0,128.0,726.0
870809.0,2.0,2.6967,-18.584,0.06184,-0.5935,-4.954,1.2882,0.0,0.0,128.0,724.0
870849.0,2.0,2.077,-16.637,0.03533,-0.7425,-2.554,1.3282,0.0,0.0,128.0,740.0
870890.0,2.0,1.5018,-14.12,0.00401,-0.7974,-0.454,1.3619,0.0,0.0,128.0,733.0
870930.0,2.0,1.1029,-10.651,-0.02738,-0.7887,1.129,1.193,0.0,0.0,128.0,750.0
870971.0,2.0,0.7777,-8.123,-0.0576,-0.6908,3.589,1.1328,0.0,0.0,128.0,754.0
871012.0,2.0,0.0736,-15.892,-0.08254,-0.5553,2.209,2.5954,0.0,0.0,128.0,706.0
871053.0,5.0,-0.0031,-4.723,-0.10316,-0.491,2.209,1.9381,0.0,0.0,128.0,655.0
871093.0,5.0,-0.2838,-5.892,-0.12056,-0.3487,4.669,1.9381,0.0,0.0,128.0,669.0
871133.0,5.0,-0.6105,-7.811,-0.13039,-0.1488,4.189,1.9381,0.0,0.0,128.0,676.0
871174.0,5.0,-1.0032,-9.387,-0.13365,-0.0291,1.85,1.9381,0.0,0.0,128.0,675.0
871214.0,6.0,-1.6904,-14.783,-0.13399,0.0031,0.602,1.9381,0.0,0.0,128.0,710.0
871255.0,6.0,-2.7734,-23.91,-0.13286,0.0583,1.5,1.9381,0.0,0.0,128.0,716.0
871296.0,2.0,2.5495,-24.379,-0.1293,0.1215,1.92,2.9511,0.0,0.0,128.0,742.0
871336.0,2.0,1.9972,-16.968,-0.12244,0.2475,4.32,1.4712,0.0,0.0,128.0,741.0
871377.0,2.0,1.4327,-13.753,-0.10834,0.4729,5.94,1.3463,0.0,0.0,128.0,730.0
871417.0,2.0,1.106,-9.851,-0.08569,0.6713,3.929,1.0911,0.0,0.0,128.0,735.0
871458.0,2.0,0.7179,-8.935,-0.05606,0.7809,1.474,1.2485,0.0,0.0,128.0,729.0
871499.0,2.0,0.1104,-13.508,-0.02411,0.7897,-0.986,2.1511,0.0,0.0,128.0,727.0
871539.0,2.0,0.0844,-3.38,0.00563,0.709,-2.434,1.0702,0.0,0.0,128.0,727.0
871579.0,2.0,-0.069,-3.471,0.0312,0.5721,-4.234,1.0731,0.0,0.0,128.0,743.0
871620.0,2.0,-0.3666,-6.359,0.0504,0.3587,-6.307,1.1931,0.0,0.0,128.0,721.0
871661.0,2.0,-0.4111,-2.405,0.05989,0.1165,-4.818,0.9306,0.0,0.0,128.0,758.0
871702.0,2.0,-0.428,-0.362,0.06086,-0.0695,-4.332,0.9121,0.0,0.0,128.0,724.0
871742.0,2.0,-0.4464,-0.332,0.0552,-0.2183,-3.553,0.8985,0.0,0.0,128.0,717.0
871783.0,3.0,-0.3912,0.988,0.0429,-0.4127,-5.864,0.9306,0.0,0.0,128.0,711.0
871823.0,3.0,-0.3099,1.81,0.02213,-0.634,-4.458,0.9731,0.0,0.0,128.0,695.0
871864.0,3.0,-0.1273,3.883,-0.00645,-0.7651,-1.998,1.0872,0.0,0.0,128.0,696.0
871904.0,3.0,0.0107,3.427,-0.03758,-0.7958,0.402,1.0742,0.0,0.0,128.0,724.0
871945.0,3.0,0.3221,6.659,-0.06877,-0.7276,2.862,1.2288,0.0,0.0,128.0,723.0
871985.0,3.0,0.4556,4.233,-0.09469,-0.564,5.262,1.0113,0.0,0.0,128.0,716.0
872025.0,3.0,0.7455,6.089,-0.11231,-0.3043,7.662,0.969,0.0,0.0,128.0,725.0
872066.0,2.0,1.0308,7.059,-0.1179,0.0425,8.047,0.8234,0.0,0.0,128.0,718.0
872107.0,2.0,1.4266,9.01,-0.1104,0.3208,5.587,0.6658,0.0,0.0,128.0,741.0
872147.0,2.0,1.8914,11.32,-0.09338,0.5546,5.408,0.4886,0.0,0.0,128.0,733.0
872187.0,2.0,2.2856,9.766,-0.06799,0.7227,3.035,-0.045,0.0,0.0,128.0,748.0
872227.0,2.0,3.0511,17.27,-0.03788,0.7951,0.755,0.8932,0.0,0.0,128.0,732.0
872268.0,2.0,-2.4651,20.128,-0.00593,0.7744,-1.705,1.8266,0.0,0.0,128.0,747.0
872308.0,2.0,-1.5831,22.727,0.02321,0.7039,-2.305,3.2187,0.0,0.0,128.0,756.0
872349.0,2.0,-1.4174,8.31,0.05025,0.6452,-1.525,0.6426,0.0,0.0,128.0,758.0
872390.0,2.0,-1.0477,7.93,0.0744,0.531,-3.985,0.9131,0.0,0.0,128.0,752.0
872430.0,2.0,-0.948,3.271,0.09165,0.3224,-6.385,0.6947,0.0,0.0,128.0,744.0
872471.0,2.0,-1.0738,-2.69,0.099,0.0318,-6.565,0.5161,0.0,0.0,128.0,744.0
872512.0,2.0,-0.7931,4.747,0.09529,-0.2344,-7.465,0.842,0.0,0.0,128.0,732.0
872553.0,2.0,-0.7685,1.734,0.07999,-0.5187,-5.81,0.7601,0.0,0.0,128.0,733.0
872594.0,2.0,-0.9894,-4.654,0.05501,-0.7054,-3.353,0.6766,0.0,0.0,128.0,730.0
872635.0,2.0,-0.882,1.121,0.02456,-0.7919,-0.971,0.6307,0.0,0.0,128.0,738.0
872675.0,2.0,-0.9817,-1.368,-0.00679,-0.7908,1.02,0.5833,0.0,0.0,128.0,758.0
872716.0,2.0,-1.0677,-2.61,-0.03716,-0.6973,3.48,0.4954,0.0,0.0,128.0,750.0
872757.0,2.0,-1.4619,-6.184,-0.06184,-0.503,5.94,0.4472,0.0,0.0,128.0,754.0
872797.0,2.0,-2.1522,-16.711,-0.07661,-0.2403,6.507,1.2816,0.0,0.0,128.0,746.0
872838.0,2.0,-2.6124,-14.466,-0.08108,0.0273,6.286,0.4375,0.0,0.0,128.0,735.0
872879.0,2.0,2.9238,-15.396,-0.07508,0.2779,5.668,0.5286,0.0,0.0,128.0,726.0
872919.0,2.0,2.4866,-11.089,-0.06041,0.4555,3.268,0.0027,0.0,0.0,128.0,751.0
872960.0,2.0,2.2519,-6.37,-0.04013,0.5378,0.808,-0.3485,0.0,0.0,128.0,731.0
873000.0,2.0,2.1184,-3.778,-0.01898,0.5209,-1.592,-0.4215,0.0,0.0,128.0,766.0
873041.0,2.0,2.0709,-1.675,8e-05,0.404,-4.052,-0.4474,0.0,0.0,128.0,759.0
873082.0,2.0,2.0985,0.329,0.01253,0.202,-4.629,-0.4978,0.0,0.0,128.0,768.0
873123.0,2.0,2.2227,2.424,0.01766,0.0638,-2.169,-0.5609,0.0,0.0,128.0,759.0
873164.0,2.0,2.4206,4.325,0.01916,0.0265,0.291,-0.6259,0.0,0.0,128.0,738.0
873204.0,2.0,2.7121,6.937,0.02104,0.0874,2.691,-0.607,0.0,0.0,128.0,739.0
873245.0,2.0,-3.1063,10.359,0.02741,0.2494,5.151,-0.3217,0.0,0.0,128.0,746.0
873286.0,5.0,-2.5249,13.765,0.04174,0.4527,3.891,-0.167,0.0,0.0,128.0,673.0
873326.0,5.0,-1.8577,16.563,0.06195,0.5591,1.491,-0.167,0.0,0.0,128.0,669.0
873366.0,5.0,-1.5785,8.828,0.08456,0.5695,-0.909,-0.167,0.0,0.0,128.0,683.0
873407.0,5.0,-1.4373,4.582,0.10571,0.484,-3.309,-0.167,0.0,0.0,128.0,668.0
873447.0,5.0,-1.4082,1.62,0.12191,0.2966,-5.769,-0.167,0.0,0.0,128.0,688.0
873488.0,5.0,-1.5938,-3.61,0.12968,0.1072,-3.568,-0.167,0.0,0.0,128.0,652.0
873528.0,5.0,-1.5861,-0.851,0.13181,0.0118,-1.168,-0.167,0.0,0.0,128.0,653.0
873568.0,6.0,-1.7303,-6.125,0.13181,-0.0124,-1.195,-0.167,0.0,0.0,128.0,706.0
873608.0,6.0,-2.3347,-11.435,0.1302,-0.0717,-1.5,-0.167,0.0,0.0,128.0,703.0
873649.0,2.0,-2.956,-16.279,0.12551,-0.18,-3.84,0.6778,0.0,0.0,128.0,735.0
873689.0,2.0,2.5541,-17.238,0.11486,-0.3828,-6.24,1.0442,0.0,0.0,128.0,738.0
873729.0,2.0,2.1445,-12.607,0.0951,-0.615,-4.71,0.4982,0.0,0.0,128.0,746.0
873770.0,2.0,1.6736,-12.103,0.06716,-0.7566,-2.252,0.8494,0.0,0.0,128.0,743.0
873810.0,2.0,1.3744,-8.224,0.0363,-0.7981,0.116,0.6405,0.0,0.0,128.0,754.0
873851.0,2.0,1.1643,-5.668,0.00484,-0.7417,2.576,0.614,0.0,0.0,128.0,759.0
873891.0,2.0,0.7977,-8.361,-0.02198,-0.6202,2.319,1.1537,0.0,0.0,128.0,758.0
873931.0,2.0,0.8805,-0.217,-0.04425,-0.4923,4.359,0.6609,0.0,0.0,128.0,774.0
873972.0,2.0,0.9173,0.976,-0.06105,-0.3507,3.018,0.6115,0.0,0.0,128.0,746.0
874013.0,2.0,0.8759,-1.015,-0.07219,-0.1801,5.346,0.6635,0.0,0.0,128.0,764.0
874054.0,2.0,1.1382,4.777,-0.07515,0.0274,3.966,0.587,0.0,0.0,128.0,724.0
874095.0,2.0,1.4051,6.11,-0.07155,0.1383,1.506,0.4004,0.0,0.0,128.0,743.0
874135.0,2.0,1.7948,8.851,-0.06491,0.2152,3.022,0.2763,0.0,0.0,128.0,740.0
874176.0,2.0,2.1875,8.628,-0.0531,0.3908,5.482,-0.0936,0.0,0.0,128.0,731.0
874217.0,2.0,2.9698,17.587,-0.0327,0.62,4.642,0.9689,0.0,0.0,128.0,738.0
874258.0,2.0,-2.6461,18.567,-0.00465,0.7587,2.182,1.3491,0.0,0.0,128.0,730.0
874298.0,2.0,-1.6168,26.493,0.02625,0.7969,-0.098,4.4559,0.0,0.0,128.0,761.0
874339.0,5.0,-1.1827,12.453,0.05839,0.7838,-1.358,3.1949,0.0,0.0,128.0,674.0
874379.0,5.0,-0.7194,11.073,0.08768,0.6803,-3.758,3.1949,0.0,0.0,128.0,676.0
874419.0,5.0,-0.5967,5.187,0.111,0.4808,-6.158,3.1949,0.0,0.0,128.0,685.0
874460.0,5.0,-0.6213,0.038,0.12499,0.232,-5.268,3.1949,0.0,0.0,128.0,675.0
874500.0,5.0,-0.1012,8.954,0.1308,0.0677,-2.808,3.1949,0.0,0.0,128.0,654.0
874540.0,5.0,0.4479,12.807,0.13193,0.0025,-0.534,3.1949,0.0,0.0,128.0,667.0
874580.0,6.0,0.8606,10.969,0.13159,-0.0297,-1.5,3.1949,0.0,0.0,128.0,701.0
874620.0,2.0,1.3913,12.657,0.1293,-0.0924,-2.04,1.1927,0.0,0.0,128.0,799.0
874661.0,2.0,1.9957,14.724,0.12323,-0.2277,-4.5,0.968,0.0,0.0,128.0,736.0
874701.0,2.0,2.6507,16.013,0.11029,-0.4476,-5.853,0.7392,0.0,0.0,128.0,724.0
874741.0,2.0,-2.6676,21.855,0.08835,-0.6571,-4.136,2.1143,0.0,0.0,128.0,746.0
874782.0,2.0,-2.0126,20.679,0.05917,-0.7754,-1.69,2.397,0.0,0.0,128.0,737.0
874822.0,2.0,-1.3606,15.952,0.02794,-0.7951,0.676,1.8599,0.0,0.0,128.0,746.0
874862.0,2.0,-1.1842,6.888,-0.00233,-0.7439,0.681,0.7145,0.0,0.0,128.0,752.0
874903.0,2.0,-1.0032,4.595,-0.03206,-0.7207,1.445,0.6859,0.0,0.0,128.0,747.0
874944.0,2.0,-0.9971,1.169,-0.05962,-0.6337,2.951,0.5693,0.0,0.0,128.0,742.0
874984.0,2.0,-1.1904,-3.859,-0.08171,-0.4665,5.351,0.4802,0.0,0.0,128.0,746.0
875025.0,2.0,-1.1244,-0.116,-0.09555,-0.1954,7.811,0.3931,0.0,0.0,128.0,760.0
875066.0,2.0,-1.3085,-2.801,-0.09758,0.1109,8.049,0.3488,0.0,0.0,128.0,742.0
875106.0,2.0,-1.9436,-14.298,-0.087,0.4224,6.726,0.9732,0.0,0.0,128.0,738.0
875147.0,2.0,-2.4268,-13.79,-0.06525,0.6465,4.266,0.4441,0.0,0.0,128.0,736.0
875188.0,2.0,-3.1339,-15.961,-0.03645,0.7697,1.806,0.6122,0.0,0.0,128.0,727.0
875228.0,2.0,2.6553,-13.551,-0.00525,0.7977,-0.418,0.2939,0.0,0.0,128.0,757.0
875268.0,2.0,2.2028,-11.998,0.0252,0.7318,-2.818,0.3615,0.0,0.0,128.0,765.0
875309.0,2.0,1.9205,-7.823,0.05179,0.5646,-5.278,0.0383,0.0,0.0,128.0,764.0
875350.0,2.0,1.6981,-5.951,0.06967,0.2966,-7.738,0.1283,0.0,0.0,128.0,738.0
875391.0,2.0,1.6383,-2.247,0.07485,-0.0518,-8.038,-0.0167,0.0,0.0,128.0,730.0
875431.0,2.0,1.6812,0.368,0.06731,-0.3241,-5.638,-0.0935,0.0,0.0,128.0,728.0
875472.0,2.0,1.85,3.386,0.0504,-0.5036,-3.178,-0.1908,0.0,0.0,128.0,732.0
875512.0,2.0,2.097,5.756,0.02876,-0.5815,-0.778,-0.2967,0.0,0.0,128.0,739.0
875552.0,2.0,2.4605,8.204,0.00593,-0.5634,1.622,-0.3215,0.0,0.0,128.0,763.0
875592.0,2.0,2.9176,11.147,-0.0144,-0.4494,4.022,-0.1945,0.0,0.0,128.0,770.0
875633.0,2.0,-2.6154,16.73,-0.02865,-0.2421,5.042,0.9066,0.0,0.0,128.0,746.0
875673.0,2.0,-1.8086,19.702,-0.03495,-0.0896,2.642,2.2424,0.0,0.0,128.0,748.0
875714.0,2.0,-1.3223,12.458,-0.03664,0.0228,3.782,1.2207,0.0,0.0,128.0,727.0
875754.0,2.0,-1.0769,7.711,-0.03248,0.1873,3.302,0.8709,0.0,0.0,128.0,743.0
875794.0,2.0,-0.9741,3.44,-0.02321,0.2702,0.902,0.6428,0.0,0.0,128.0,737.0
875835.0,2.0,-0.9649,0.607,-0.01226,0.2555,-1.552,0.5863,0.0,0.0,128.0,753.0
875876.0,2.0,-1.1796,-4.356,-0.00251,0.2436,0.908,0.4848,0.0,0.0,128.0,728.0
875916.0,2.0,-1.0799,1.062,0.00829,0.3085,1.148,0.4717,0.0,0.0,128.0,744.0
875957.0,2.0,-1.2195,-2.12,0.02119,0.3343,1.328,0.3793,0.0,0.0,128.0,732.0
875997.0,2.0,-1.6736,-9.301,0.03562,0.399,1.166,0.5409,0.0,0.0,128.0,738.0
876038.0,2.0,-2.2411,-14.578,0.05201,0.3952,-1.294,0.6763,0.0,0.0,128.0,770.0
876079.0,2.0,-3.0986,-19.476,0.06626,0.2908,-3.514,1.4024,0.0,0.0,128.0,744.0
876119.0,2.0,2.5433,-18.549,0.07541,0.1684,-3.267,1.375,0.0,0.0,128.0,754.0
876160.0,2.0,1.9988,-15.047,0.07894,-0.0156,-5.515,1.0585,0.0,0.0,128.0,729.0
876200.0,2.0,1.514,-12.597,0.07373,-0.2546,-6.034,1.085,0.0,0.0,128.0,748.0
876241.0,2.0,1.1858,-9.086,0.05921,-0.4544,-3.675,0.9249,0.0,0.0,128.0,731.0
876282.0,2.0,0.9833,-5.8,0.03863,-0.5534,-1.215,0.7906,0.0,0.0,128.0,738.0
876322.0,2.0,0.6243,-7.763,0.01654,-0.5582,0.105,1.1521,0.0,0.0,128.0,749.0
876363.0,3.0,0.675,-1.55,-0.00638,-0.5855,-0.218,0.795,0.0,0.0,128.0,732.0
876406.0,2.0,0.8452,3.745,-0.03011,-0.5458,1.508,0.7505,0.0,0.0,128.0,787.0
876446.0,2.0,0.9618,3.371,-0.05081,-0.4705,1.907,0.6116,0.0,0.0,128.0,772.0
876487.0,2.0,1.1091,3.594,-0.06784,-0.3644,2.711,0.568,0.0,0.0,128.0,736.0
876527.0,2.0,1.5079,8.868,-0.07976,-0.2291,3.843,0.5608,0.0,0.0,128.0,742.0
876567.0,2.0,1.8715,8.902,-0.08524,-0.0262,6.243,0.1962,0.0,0.0,128.0,731.0
876608.0,2.0,2.551,14.957,-0.08063,0.2784,7.911,0.5893,0.0,0.0,128.0,723.0
876649.0,2.0,-2.9974,16.035,-0.06368,0.5513,5.462,0.6277,0.0,0.0,128.0,732.0
876689.0,2.0,-1.8991,25.114,-0.03836,0.7206,3.062,3.6399,0.0,0.0,128.0,732.0
876730.0,2.0,-1.1474,18.629,-0.00746,0.7953,0.722,2.5336,0.0,0.0,128.0,730.0
876770.0,2.0,-0.7885,13.051,0.024,0.7999,0.0,1.8183,0.0,0.0,128.0,728.0
876811.0,5.0,-0.4234,8.761,0.05621,0.7873,-1.2,1.7231,0.0,0.0,128.0,674.0
876851.0,5.0,-0.1503,7.131,0.08573,0.6901,-3.6,1.7231,0.0,0.0,128.0,675.0
876891.0,5.0,0.1473,6.558,0.10958,0.4969,-6.0,1.7231,0.0,0.0,128.0,656.0
876931.0,5.0,0.8422,14.333,0.12428,0.2467,-5.4,1.7231,0.0,0.0,128.0,662.0
876972.0,5.0,1.4987,15.909,0.1305,0.0787,-3.06,1.7231,0.0,0.0,128.0,663.0
877012.0,5.0,2.1967,16.483,0.13185,0.0047,-0.663,1.7231,0.0,0.0,128.0,673.0
877052.0,6.0,3.1309,20.953,0.13162,-0.0257,-1.5,1.7231,0.0,0.0,128.0,710.0
877093.0,2.0,-1.9359,27.249,0.12949,-0.0874,-1.92,4.2897,0.0,0.0,128.0,804.0
877133.0,2.0,-1.2195,20.701,0.12401,-0.1818,-1.5,3.1026,0.0,0.0,128.0,725.0
877174.0,2.0,-0.7256,13.778,0.11606,-0.21,-1.08,1.9676,0.0,0.0,128.0,730.0
877215.0,2.0,-0.405,8.983,0.10605,-0.3059,-3.54,1.4392,0.0,0.0,128.0,724.0
877255.0,2.0,-0.0752,8.201,0.09094,-0.4616,-3.195,1.4222,0.0,0.0,128.0,733.0
877296.0,2.0,0.4326,11.912,0.07099,-0.5402,-0.735,1.8061,0.0,0.0,128.0,726.0
877336.0,2.0,1.0063,13.829,0.04924,-0.5212,1.665,1.7435,0.0,0.0,128.0,745.0
877377.0,2.0,1.6214,14.77,0.02974,-0.4515,0.713,1.3426,0.0,0.0,128.0,758.0
877418.0,2.0,2.2734,15.888,0.01151,-0.4576,0.173,0.9546,0.0,0.0,128.0,745.0
877459.0,2.0,3.1232,20.017,-0.00713,-0.4752,-1.289,1.5324,0.0,0.0,128.0,740.0
877500.0,5.0,-1.9528,26.773,-0.0279,-0.5785,-3.269,3.7889,0.0,0.0,128.0,702.0
877540.0,5.0,-1.376,16.978,-0.05265,-0.6601,-0.869,3.7889,0.0,0.0,128.0,669.0
877580.0,5.0,-0.8514,12.818,-0.07875,-0.6457,1.531,3.7889,0.0,0.0,128.0,682.0
877621.0,5.0,-0.566,8.588,-0.1029,-0.5313,3.991,3.7889,0.0,0.0,128.0,683.0
877661.0,5.0,-0.4495,4.244,-0.12019,-0.3227,6.222,3.7889,0.0,0.0,128.0,668.0
877701.0,5.0,-0.4663,1.223,-0.12878,-0.123,3.822,3.7889,0.0,0.0,128.0,671.0
877742.0,5.0,-0.5108,-1.128,-0.13133,-0.0186,1.483,3.7889,0.0,0.0,128.0,657.0
877782.0,6.0,-0.5047,0.517,-0.13144,0.0081,0.967,3.7889,0.0,0.0,128.0,707.0
877822.0,6.0,-0.7056,-4.301,-0.13005,0.066,1.5,3.7889,0.0,0.0,128.0,697.0
877862.0,2.0,-0.7639,-2.181,-0.1257,0.1752,3.9,0.7343,0.0,0.0,128.0,743.0
877903.0,2.0,-0.8161,-1.388,-0.11483,0.3868,6.36,0.7052,0.0,0.0,128.0,703.0
877943.0,2.0,-1.0124,-3.365,-0.09491,0.6172,4.683,0.6298,0.0,0.0,128.0,715.0
877983.0,2.0,-1.7426,-15.212,-0.06765,0.7555,2.287,1.3104,0.0,0.0,128.0,728.0
878023.0,2.0,-2.3393,-14.926,-0.03679,0.7978,-0.113,0.7538,0.0,0.0,128.0,771.0
878064.0,2.0,2.9253,-22.194,-0.00458,0.8,0.0,2.1431,0.0,0.0,128.0,739.0
878104.0,2.0,2.2258,-18.309,0.02693,0.8,0.0,1.5328,0.0,0.0,128.0,777.0
878145.0,2.0,1.7487,-13.636,0.05884,0.7643,-2.04,1.0476,0.0,0.0,128.0,773.0
878186.0,2.0,1.3039,-11.084,0.08738,0.629,-4.5,1.0767,0.0,0.0,128.0,765.0
878227.0,2.0,1.0492,-7.247,0.10845,0.3928,-6.96,0.848,0.0,0.0,128.0,710.0
878267.0,2.0,0.8897,-4.765,0.11805,0.0732,-8.053,0.7993,0.0,0.0,128.0,737.0
878308.0,2.0,0.8544,-1.356,0.11498,-0.223,-6.377,0.6857,0.0,0.0,128.0,752.0
878349.0,2.0,1.0983,4.643,0.10065,-0.4937,-5.991,0.6348,0.0,0.0,128.0,717.0
878389.0,2.0,1.4742,9.004,0.07717,-0.6871,-3.676,0.6044,0.0,0.0,128.0,724.0
878430.0,2.0,1.988,12.443,0.04718,-0.7866,-1.228,0.5899,0.0,0.0,128.0,738.0
878470.0,2.0,2.4789,13.575,0.0159,-0.7865,1.172,0.3341,0.0,0.0,128.0,746.0
878510.0,2.0,-3.0726,16.497,-0.0135,-0.6904,3.572,0.7207,0.0,0.0,128.0,744.0
878550.0,2.0,-2.0617,23.009,-0.03836,-0.5837,1.506,2.8474,0.0,0.0,128.0,766.0
878591.0,2.0,-1.3039,21.685,-0.0612,-0.5516,1.086,3.207,0.0,0.0,128.0,760.0
878632.0,2.0,-1.0723,10.579,-0.08194,-0.4554,3.546,1.2019,0.0,0.0,128.0,751.0
878673.0,2.0,-0.6657,9.804,-0.09679,-0.2583,6.006,1.4183,0.0,0.0,128.0,730.0
878714.0,2.0,-0.6351,2.547,-0.10178,0.0259,6.924,0.8524,0.0,0.0,128.0,736.0
878754.0,2.0,-0.6964,-0.276,-0.09574,0.2846,6.708,0.7897,0.0,0.0,128.0,743.0
878795.0,2.0,-0.9127,-3.91,-0.07883,0.5517,5.457,0.6815,0.0,0.0,128.0,729.0
878836.0,2.0,-0.9495,-0.96,-0.05284,0.7241,3.01,0.5764,0.0,0.0,128.0,736.0
878876.0,2.0,-1.129,-2.363,-0.02265,0.7955,0.73,0.4945,0.0,0.0,128.0,736.0
878916.0,2.0,-1.7257,-12.899,0.00881,0.7918,-0.96,0.8523,0.0,0.0,128.0,772.0
878957.0,2.0,-2.6384,-18.891,0.0393,0.7015,-3.06,1.4416,0.0,0.0,128.0,766.0
878998.0,2.0,2.7964,-21.224,0.06581,0.6277,-0.6,1.9074,0.0,0.0,128.0,742.0
879039.0,5.0,2.1506,-17.518,0.09071,0.5874,-2.1,1.9908,0.0,0.0,128.0,710.0
879080.0,5.0,1.6506,-13.566,0.11213,0.4497,-4.56,1.9908,0.0,0.0,128.0,696.0
879120.0,5.0,1.2379,-10.75,0.12578,0.231,-5.26,1.9908,0.0,0.0,128.0,665.0
879160.0,5.0,0.971,-7.482,0.13148,0.0698,-2.86,1.9908,0.0,0.0,128.0,660.0
879201.0,5.0,0.7532,-5.099,0.13264,0.0029,-0.585,1.9908,0.0,0.0,128.0,667.0
879241.0,6.0,0.4264,-7.333,0.13238,-0.0299,-1.5,1.9908,0.0,0.0,128.0,696.0
879281.0,6.0,0.6182,1.998,0.13005,-0.0899,-1.5,1.9908,0.0,0.0,128.0,703.0
879321.0,2.0,0.7655,3.659,0.12473,-0.1991,-3.9,0.8042,0.0,0.0,128.0,710.0
879361.0,2.0,0.994,5.378,0.11329,-0.4043,-6.3,0.7512,0.0,0.0,128.0,721.0
879401.0,2.0,1.4419,10.02,0.09281,-0.6301,-4.515,0.7689,0.0,0.0,128.0,712.0
879442.0,2.0,1.9834,12.947,0.06446,-0.7637,-2.058,0.6916,0.0,0.0,128.0,751.0
879483.0,2.0,2.5357,14.543,0.03266,-0.7964,0.402,0.4887,0.0,0.0,128.0,757.0
879524.0,2.0,-3.1385,13.929,0.00154,-0.7283,2.862,0.2264,0.0,0.0,128.0,755.0
879564.0,2.0,-1.9328,26.301,-0.02479,-0.6168,1.782,4.0045,0.0,0.0,128.0,768.0
879605.0,2.0,-1.2072,19.262,-0.04853,-0.55,2.562,2.6529,0.0,0.0,128.0,741.0
879646.0,2.0,-0.9741,10.686,-0.06803,-0.3933,5.022,1.308,0.0,0.0,128.0,760.0
879687.0,2.0,-0.6412,8.25,-0.0792,-0.1358,7.482,1.2577,0.0,0.0,128.0,731.0
879729.0,3.0,-0.5844,2.762,-0.07883,0.147,5.742,0.8822,0.0,0.0,128.0,730.0
879769.0,3.0,-0.7517,-2.03,-0.06896,0.3308,3.282,0.7566,0.0,0.0,128.0,716.0
879809.0,2.0,-0.8836,-3.735,-0.05344,0.4724,4.602,0.6903,0.0,0.0,128.0,744.0
879850.0,2.0,-0.8529,0.141,-0.03045,0.6673,3.819,0.6571,0.0,0.0,128.0,751.0
879891.0,2.0,-0.9434,-2.069,-0.00109,0.7773,1.633,0.5879,0.0,0.0,128.0,725.0
879931.0,2.0,-1.5969,-12.931,0.03011,0.7948,-0.703,1.0518,0.0,0.0,128.0,759.0
879971.0,2.0,-2.0985,-11.943,0.06023,0.7174,-3.103,0.4168,0.0,0.0,128.0,755.0
880012.0,2.0,3.1401,-22.114,0.08625,0.5745,-2.683,2.0909,0.0,0.0,128.0,767.0
880053.0,5.0,2.3915,-20.229,0.10721,0.4833,-3.043,2.1144,0.0,0.0,128.0,675.0
880093.0,5.0,1.7625,-15.527,0.12364,0.3068,-5.503,2.1144,0.0,0.0,128.0,662.0
880133.0,5.0,1.2717,-12.882,0.13174,0.1139,-3.681,2.1144,0.0,0.0,128.0,647.0
880173.0,5.0,0.9204,-9.663,0.13403,0.0153,-1.343,2.1144,0.0,0.0,128.0,667.0
880214.0,6.0,0.6289,-7.389,0.13406,-0.0117,-1.165,2.1144,0.0,0.0,128.0,709.0
880254.0,6.0,0.0629,-13.473,0.13249,-0.0709,-1.5,2.1144,0.0,0.0,128.0,703.0
880295.0,2.0,-0.0015,-3.267,0.1284,-0.1387,-2.34,1.0669,0.0,0.0,128.0,729.0
880336.0,2.0,0.0015,-0.385,0.12026,-0.2863,-4.8,1.0009,0.0,0.0,128.0,723.0
880376.0,3.0,-0.2347,-4.784,0.10564,-0.4663,-5.327,1.1172,0.0,0.0,128.0,701.0
880416.0,3.0,-0.1887,-0.554,0.0831,-0.6678,-3.981,0.9842,0.0,0.0,128.0,708.0
880457.0,3.0,-0.1028,2.049,0.05359,-0.7794,-1.521,1.0213,0.0,0.0,128.0,700.0
880497.0,3.0,-0.0782,0.603,0.02228,-0.7917,0.519,0.9992,0.0,0.0,128.0,703.0
880538.0,3.0,0.1687,4.417,-0.00983,-0.7898,0.786,1.1091,0.0,0.0,128.0,695.0
880578.0,3.0,0.2516,3.177,-0.03971,-0.7091,3.186,1.0323,0.0,0.0,128.0,724.0
880618.0,3.0,0.3912,2.114,-0.06465,-0.5325,5.586,0.9527,0.0,0.0,128.0,722.0
880658.0,3.0,0.5461,4.018,-0.08078,-0.2599,7.986,0.9566,0.0,0.0,128.0,715.0
880699.0,3.0,0.7547,4.734,-0.08422,0.1107,9.094,0.868,0.0,0.0,128.0,690.0
880739.0,2.0,0.9143,4.648,-0.07354,0.4254,6.697,0.7427,0.0,0.0,128.0,725.0
880780.0,2.0,1.2072,6.303,-0.05168,0.6483,4.237,0.616,0.0,0.0,128.0,725.0
880820.0,2.0,1.5877,9.104,-0.02351,0.7686,1.837,0.5028,0.0,0.0,128.0,744.0
880861.0,2.0,1.9666,9.694,0.0084,0.7999,0.0,0.1704,0.0,0.0,128.0,709.0
880901.0,2.0,2.5188,12.582,0.0399,0.7999,0.0,0.2105,0.0,0.0,128.0,731.0
880942.0,5.0,-3.0557,17.258,0.07159,0.7507,-2.4,0.2571,0.0,0.0,128.0,687.0
880982.0,5.0,-2.6262,11.195,0.09874,0.6055,-4.8,0.2571,0.0,0.0,128.0,669.0
881022.0,5.0,-1.715,18.651,0.11831,0.3661,-6.6,0.2571,0.0,0.0,128.0,680.0
881063.0,5.0,-1.6506,4.708,0.12844,0.1471,-4.2,0.2571,0.0,0.0,128.0,661.0
881103.0,5.0,-1.5861,2.153,0.13166,0.0282,-1.8,0.2571,0.0,0.0,128.0,667.0
881143.0,6.0,-1.5739,0.526,0.13196,-0.0027,-0.556,0.2571,0.0,0.0,128.0,724.0
881183.0,6.0,-1.6107,-0.66,0.13095,-0.0557,-1.5,0.2571,0.0,0.0,128.0,724.0
881223.0,2.0,-1.8776,-4.313,0.12743,-0.1368,-3.06,-0.0751,0.0,0.0,128.0,732.0
881264.0,2.0,-2.1813,-8.099,0.1188,-0.3139,-5.52,-0.1152,0.0,0.0,128.0,736.0
881305.0,2.0,-3.0818,-18.501,0.10125,-0.5615,-5.349,1.1642,0.0,0.0,128.0,726.0
881345.0,2.0,2.6292,-16.063,0.07564,-0.7266,-2.963,0.7644,0.0,0.0,128.0,759.0
881386.0,2.0,2.1307,-13.739,0.04459,-0.7969,-0.523,0.7158,0.0,0.0,128.0,723.0
881427.0,2.0,1.6904,-11.181,0.0123,-0.7999,0.0,0.7049,0.0,0.0,128.0,740.0
881467.0,2.0,1.4067,-7.748,-0.0189,-0.7682,1.92,0.5577,0.0,0.0,128.0,759.0
881508.0,2.0,1.2149,-5.117,-0.0477,-0.6379,4.38,0.528,0.0,0.0,128.0,745.0
881548.0,2.0,0.9235,-6.654,-0.06885,-0.4135,6.78,0.905,0.0,0.0,128.0,747.0
881589.0,2.0,1.0508,1.036,-0.07942,-0.0908,8.005,0.5299,0.0,0.0,128.0,757.0
881630.0,2.0,1.0094,-0.198,-0.07736,0.1861,5.785,0.5067,0.0,0.0,128.0,719.0
881671.0,2.0,0.9296,-1.639,-0.06461,0.4594,6.39,0.6382,0.0,0.0,128.0,724.0
881711.0,2.0,1.1397,3.702,-0.04226,0.6658,3.99,0.5157,0.0,0.0,128.0,747.0
881752.0,2.0,1.3652,5.114,-0.01283,0.7778,1.53,0.3729,0.0,0.0,128.0,745.0
881792.0,2.0,1.7457,8.454,0.01834,0.7988,0.33,0.2871,0.0,0.0,128.0,740.0
881833.0,5.0,2.0433,7.891,0.05051,0.7953,-0.72,0.1343,0.0,0.0,128.0,703.0
881873.0,5.0,2.7366,14.605,0.08074,0.7173,-3.12,0.1343,0.0,0.0,128.0,697.0
881914.0,5.0,-3.114,10.871,0.10654,0.5377,-5.58,0.1343,0.0,0.0,128.0,681.0
881954.0,5.0,-2.4436,13.702,0.12296,0.2858,-5.82,0.1343,0.0,0.0,128.0,676.0
881994.0,5.0,-2.1169,9.851,0.13039,0.1014,-3.481,0.1343,0.0,0.0,128.0,689.0
882034.0,5.0,-1.8684,7.098,0.13234,0.011,-1.144,0.1343,0.0,0.0,128.0,661.0
882074.0,6.0,-1.7917,1.539,0.13234,-0.0141,-1.277,0.1343,0.0,0.0,128.0,715.0
882115.0,6.0,-1.7856,0.274,0.13058,-0.0752,-1.5,0.1343,0.0,0.0,128.0,738.0
882155.0,2.0,-2.0509,-5.289,0.12611,-0.1689,-3.48,-0.2308,0.0,0.0,128.0,737.0
882196.0,2.0,-2.2994,-5.805,0.11584,-0.3632,-5.94,-0.4103,0.0,0.0,128.0,744.0
882237.0,2.0,-3.0511,-15.505,0.09626,-0.6039,-4.849,0.5211,0.0,0.0,128.0,721.0
882277.0,0.0,2.7412,-12.759,0.08738,0.0,0.0,0.3771,0.0,0.0,128.0,549.0
882317.0,0.0,2.7213,-4.839,0.08738,0.0,0.0,0.3771,0.0,0.0,128.0,557.0
882358.0,0.0,2.5081,-5.373,0.08738,0.0,0.0,0.3771,0.0,0.0,128.0,557.0
882398.0,0.0,2.2043,-7.237,0.08738,0.0,0.0,0.3771,0.0,0.0,128.0,557.0
882438.0,0.0,2.3777,1.404,0.08738,0.0,0.0,0.3771,0.0,0.0,128.0,557.0
882479.0,0.0,2.4912,2.731,0.08738,0.0,0.0,0.3771,0.0,0.0,128.0,557.0
882519.0,0.0,2.6906,4.41,0.08738,0.0,0.0,0.3771,0.0,0.0,128.0,557.0
882559.0,0.0,2.9084,5.672,0.08738,0.0,0.0,0.3771,0.0,0.0,128.0,559.0
882600.0,0.0,-3.0403,8.076,0.08738,0.0,0.0,0.3771,0.0,0.0,128.0,557.0
882640.0,0.0,-2.7734,8.049,0.08738,0.0,0.0,0.3771,0.0,0.0,128.0,565.0
882680.0,0.0,-2.4237,8.624,0.08738,0.0,0.0,0.3771,0.0,0.0,128.0,550.0
882720.0,0.0,-2.2734,4.857,0.08738,0.0,0.0,0.3771,0.0,0.0,128.0,556.0
882761.0,0.0,-2.2089,2.695,0.08738,0.0,0.0,0.3771,0.0,0.0,128.0,550.0
882801.0,0.0,-2.3117,-1.336,0.08738,0.0,0.0,0.3771,0.0,0.0,128.0,563.0
882841.0,0.0,-2.4222,-2.933,0.08738,0.0,0.0,0.3771,0.0,0.0,128.0,571.0
882881.0,0.0,-2.6338,-4.764,0.08738,0.0,0.0,0.3771,0.0,0.0,128.0,556.0
882922.0,0.0,-2.8593,-5.578,0.08738,0.0,0.0,0.3771,0.0,0.0,128.0,556.0
882962.0,0.0,-3.1324,-6.82,0.08738,0.0,0.0,0.3771,0.0,0.0,128.0,557.0
883002.0,0.0,2.8762,-6.555,0.08738,0.0,0.0,0.3771,0.0,0.0,128.0,556.0
883042.0,0.0,2.7259,-3.891,0.08738,0.0,0.0,0.3771,0.0,0.0,128.0,556.0
883083.0,0.0,2.4666,-5.452,0.08738,0.0,0.0,0.3771,0.0,0.0,128.0,557.0
883123.0,0.0,2.4344,-1.327,0.08738,0.0,0.0,0.3771,0.0,0.0,128.0,557.0
883163.0,0.0,2.4943,1.311,0.08738,0.0,0.0,0.3771,0.0,0.0,128.0,557.0
883204.0,0.0,2.5817,1.964,0.08738,0.0,0.0,0.3771,0.0,0.0,128.0,557.0
883244.0,0.0,2.7458,3.696,0.08738,0.0,0.0,0.3771,0.0,0.0,128.0,557.0
883284.0,0.0,2.844,2.188,0.08738,0.0,0.0,0.3771,0.0,0.0,128.0,556.0
883324.0,0.0,-3.0281,8.492,0.08738,0.0,0.0,0.3771,0.0,0.0,128.0,550.0
883365.0,0.0,-2.7596,6.68,0.08738,0.0,0.0,0.3771,0.0,0.0,128.0,550.0
883405.0,0.0,-2.7029,3.034,0.08738,0.0,0.0,0.3771,0.0,0.0,128.0,556.0
883445.0,0.0,-2.2872,8.747,0.08738,0.0,0.0,0.3771,0.0,0.0,128.0,557.0
883485.0,0.0,-2.0785,7.647,0.08738,0.0,0.0,0.3771,0.0,0.0,128.0,557.0
883526.0,0.0,-2.4605,-5.208,0.08738,0.0,0.0,0.3771,0.0,0.0,128.0,552.0
883566.0,0.0,-2.5602,-3.589,0.08738,0.0,0.0,0.3771,0.0,0.0,128.0,556.0
883606.0,0.0,-2.6814,-3.216,0.08738,0.0,0.0,0.3771,0.0,0.0,128.0,551.0
883646.0,0.0,-2.8793,-4.202,0.08738,0.0,0.0,0.3771,0.0,0.0,128.0,571.0
883686.0,0.0,3.0695,-7.805,0.08738,0.0,0.0,0.3771,0.0,0.0,128.0,551.0
883726.0,0.0,2.8486,-5.428,0.08738,0.0,0.0,0.3771,0.0,0.0,128.0,557.0
883767.0,0.0,2.7903,-2.373,0.08738,0.0,0.0,0.3771,0.0,0.0,128.0,550.0
883807.0,0.0,2.5265,-5.557,0.08738,0.0,0.0,0.3771,0.0,0.0,128.0,557.0
883847.0,0.0,2.5065,-1.484,0.08738,0.0,0.0,0.3771,0.0,0.0,128.0,557.0
883887.0,0.0,2.5878,1.659,0.08738,0.0,0.0,0.3771,0.0,0.0,128.0,557.0
883927.0,0.0,2.6799,2.307,0.08738,0.0,0.0,0.3771,0.0,0.0,128.0,557.0
883968.0,0.0,2.8026,2.961,0.08738,0.0,0.0,0.3771,0.0,0.0,128.0,549.0
884008.0,0.0,2.9544,3.51,0.08738,0.0,0.0,0.3771,0.0,0.0,128.0,556.0
884048.0,0.0,-3.0787,5.836,0.08738,0.0,0.0,0.3771,0.0,0.0,128.0,557.0
884088.0,0.0,-2.7796,7.218,0.08738,0.0,0.0,0.3771,0.0,0.0,128.0,556.0
884128.0,0.0,-2.5311,5.926,0.08738,0.0,0.0,0.3771,0.0,0.0,128.0,556.0
884169.0,0.0,-2.6108,-0.218,0.08738,0.0,0.0,0.3771,0.0,0.0,128.0,556.0
884209.0,0.0,-2.5065,1.238,0.08738,0.0,0.0,0.3771,0.0,0.0,128.0,557.0
884249.0,0.0,-2.594,-1.755,0.08738,0.0,0.0,0.3771,0.0,0.0,128.0,557.0
884290.0,0.0,-2.6845,-2.282,0.08738,0.0,0.0,0.3771,0.0,0.0,128.0,556.0
884330.0,0.0,-2.8409,-3.568,0.08738,0.0,0.0,0.3771,0.0,0.0,128.0,551.0
884370.0,0.0,-2.9637,-3.018,0.08738,0.0,0.0,0.3771,0.0,0.0,128.0,557.0
884410.0,0.0,3.0388,-6.293,0.08738,0.0,0.0,0.3771,0.0,0.0,128.0,564.0
884451.0,0.0,2.821,-5.575,0.08738,0.0,0.0,0.3771,0.0,0.0,128.0,557.0
884491.0,0.0,2.7719,-2.152,0.08738,0.0,0.0,0.3771,0.0,0.0,128.0,565.0
884531.0,0.0,2.5986,-3.704,0.08738,0.0,0.0,0.3771,0.0,0.0,128.0,550.0
884571.0,0.0,2.6047,-0.833,0.08738,0.0,0.0,0.3771,0.0,0.0,128.0,556.0
884611.0,0.0,2.6967,1.822,0.08738,0.0,0.0,0.3771,0.0,0.0,128.0,556.0
884652.0,0.0,2.8057,2.548,0.08738,0.0,0.0,0.3771,0.0,0.0,128.0,556.0
884692.0,0.0,2.9192,2.77,0.08738,0.0,0.0,0.3771,0.0,0.0,128.0,557.0
884732.0,0.0,3.0066,2.116,0.08738,0.0,0.0,0.3771,0.0,0.0,128.0,556.0
884772.0,0.0,-3.002,5.725,0.08738,0.0,0.0,0.3771,0.0,0.0,128.0,550.0
884813.0,0.0,-2.7489,6.552,0.08738,0.0,0.0,0.3771,0.0,0.0,128.0,551.0
884853.0,0.0,-2.5756,4.818,0.08738,0.0,0.0,0.3771,0.0,0.0,128.0,556.0
884893.0,0.0,-2.5387,1.727,0.08738,0.0,0.0,0.3771,0.0,0.0,128.0,552.0
884933.0,0.0,-2.5372,0.31,0.08738,0.0,0.0,0.3771,0.0,0.0,128.0,550.0
884973.0,0.0,-2.6921,-3.42,0.08738,0.0,0.0,0.3771,0.0,0.0,128.0,564.0
885014.0,0.0,-2.8287,-3.322,0.08738,0.0,0.0,0.3771,0.0,0.0,128.0,564.0
885054.0,0.0,-2.979,-3.745,0.08738,0.0,0.0,0.3771,0.0,0.0,128.0,557.0
885094.0,0.0,-3.0634,-2.187,0.08738,0.0,0.0,0.3771,0.0,0.0,128.0,576.0
885134.0,0.0,2.9299,-6.258,0.08738,0.0,0.0,0.3771,0.0,0.0,128.0,557.0
885175.0,0.0,2.7918,-3.71,0.08738,0.0,0.0,0.3771,0.0,0.0,128.0,557.0
885215.0,0.0,2.8593,0.402,0.08738,0.0,0.0,0.3771,0.0,0.0,128.0,551.0
885255.0,0.0,2.709,-2.119,0.08738,0.0,0.0,0.3771,0.0,0.0,128.0,565.0
885296.0,0.0,2.6016,-2.577,0.08738,0.0,0.0,0.3771,0.0,0.0,128.0,557.0
885336.0,0.0,2.8164,3.447,0.08738,0.0,0.0,0.3771,0.0,0.0,128.0,557.0
885376.0,0.0,2.9514,3.474,0.08738,0.0,0.0,0.3771,0.0,0.0,128.0,564.0
885416.0,0.0,3.0419,2.455,0.08738,0.0,0.0,0.3771,0.0,0.0,128.0,550.0
885456.0,0.0,-3.1094,2.644,0.08738,0.0,0.0,0.3771,0.0,0.0,128.0,562.0
885496.0,0.0,-2.9054,5.305,0.08738,0.0,0.0,0.3771,0.0,0.0,128.0,557.0
885537.0,0.0,-2.6292,6.841,0.08738,0.0,0.0,0.3771,0.0,0.0,128.0,556.0
885577.0,0.0,-2.8256,-2.546,0.08738,0.0,0.0,0.3771,0.0,0.0,128.0,557.0
885617.0,0.0,-2.5464,4.456,0.08738,0.0,0.0,0.3771,0.0,0.0,128.0,551.0
885657.0,0.0,-2.6538,-0.799,0.08738,0.0,0.0,0.3771,0.0,0.0,128.0,550.0
885697.0,0.0,-2.8256,-3.947,0.08738,0.0,0.0,0.3771,0.0,0.0,128.0,565.0
885738.0,0.0,-2.9606,-3.508,0.08738,0.0,0.0,0.3771,0.0,0.0,128.0,557.0
885778.0,0.0,-3.0588,-2.649,0.08738,0.0,0.0,0.3771,0.0,0.0,128.0,550.0
885818.0,0.0,3.091,-3.003,0.08738,0.0,0.0,0.3771,0.0,0.0,128.0,556.0
885858.0,0.0,2.9054,-4.763,0.08738,0.0,0.0,0.3771,0.0,0.0,128.0,556.0
885899.0,0.0,2.7612,-4.113,0.08738,0.0,0.0,0.3771,0.0,0.0,128.0,556.0
885939.0,0.0,2.844,1.257,0.08738,0.0,0.0,0.3771,0.0,0.0,128.0,551.0
885979.0,0.0,2.7121,-1.882,0.08738,0.0,0.0,0.3771,0.0,0.0,128.0,550.0
886019.0,0.0,2.8271,1.956,0.08738,0.0,0.0,0.3771,0.0,0.0,128.0,564.0
886060.0,0.0,2.959,3.424,0.08738,0.0,0.0,0.3771,0.0,0.0,128.0,564.0
886100.0,0.0,3.0756,3.049,0.08738,0.0,0.0,0.3771,0.0,0.0,128.0,550.0
886140.0,0.0,3.0588,0.432,0.08738,0.0,0.0,0.3771,0.0,0.0,128.0,576.0
886180.0,0.0,-2.9667,5.029,0.08738,0.0,0.0,0.3771,0.0,0.0,128.0,549.0
886220.0,0.0,-2.9069,2.363,0.08738,0.0,0.0,0.3771,0.0,0.0,128.0,551.0
886261.0,0.0,-2.6845,4.769,0.08738,0.0,0.0,0.3771,0.0,0.0,128.0,551.0
886301.0,0.0,-2.8333,-2.56,0.08738,0.0,0.0,0.3771,0.0,0.0,128.0,556.0
886341.0,0.0,-2.7351,1.255,0.08738,0.0,0.0,0.3771,0.0,0.0,128.0,571.0
886381.0,0.0,-2.8425,-2.537,0.08738,0.0,0.0,0.3771,0.0,0.0,128.0,557.0
886422.0,0.0,-2.9575,-2.635,0.08738,0.0,0.0,0.3771,0.0,0.0,128.0,557.0
886462.0,0.0,-3.0403,-2.152,0.08738,0.0,0.0,0.3771,0.0,0.0,128.0,557.0
886502.0,0.0,-3.1109,-1.548,0.08738,0.0,0.0,0.3771,0.0,0.0,128.0,552.0
886543.0,0.0,3.002,-3.724,0.08738,0.0,0.0,0.3771,0.0,0.0,128.0,557.0
886583.0,0.0,2.8731,-3.344,0.08738,0.0,0.0,0.3771,0.0,0.0,128.0,557.0
886623.0,0.0,2.9038,-0.21,0.08738,0.0,0.0,0.3771,0.0,0.0,128.0,556.0
886664.0,0.0,2.7259,-3.27,0.08738,0.0,0.0,0.3771,0.0,0.0,128.0,556.0
886704.0,0.0,2.8486,1.646,0.08738,0.0,0.0,0.3771,0.0,0.0,128.0,557.0
886744.0,0.0,2.9851,2.996,0.08738,0.0,0.0,0.3771,0.0,0.0,128.0,550.0
886784.0,0.0,3.068,2.314,0.08738,0.0,0.0,0.3771,0.0,0.0,128.0,552.0
886825.0,0.0,3.0695,0.606,0.08738,0.0,0.0,0.3771,0.0,0.0,128.0,557.0
886865.0,0.0,-3.0741,2.994,0.08738,0.0,0.0,0.3771,0.0,0.0,128.0,557.0
886905.0,0.0,-2.9575,3.013,0.08738,0.0,0.0,0.3771,0.0,0.0,128.0,549.0
886945.0,0.0,-2.8563,2.621,0.08738,0.0,0.0,0.3771,0.0,0.0,128.0,556.0
886986.0,0.0,-2.7336,2.878,0.08738,0.0,0.0,0.3771,0.0,0.0,128.0,550.0
887026.0,0.0,-2.7182,1.356,0.08738,0.0,0.0,0.3771,0.0,0.0,128.0,556.0
887066.0,0.0,-2.8685,-2.714,0.08738,0.0,0.0,0.3771,0.0,0.0,128.0,556.0
887106.0,0.0,-3.0173,-3.562,0.08738,0.0,0.0,0.3771,0.0,0.0,128.0,557.0
887146.0,0.0,-3.0833,-2.033,0.08738,0.0,0.0,0.3771,0.0,0.0,128.0,564.0
887187.0,0.0,-3.0818,-0.337,0.08738,0.0,0.0,0.3771,0.0,0.0,128.0,564.0
887227.0,0.0,3.0465,-3.007,0.08738,0.0,0.0,0.3771,0.0,0.0,128.0,570.0
887267.0,0.0,2.9943,-1.652,0.08738,0.0,0.0,0.3771,0.0,0.0,128.0,556.0
887307.0,0.0,2.9284,-1.502,0.08738,0.0,0.0,0.3771,0.0,0.0,128.0,556.0
887348.0,0.0,2.7918,-3.149,0.08738,0.0,0.0,0.3771,0.0,0.0,128.0,557.0
887388.0,0.0,2.9176,1.759,0.08738,0.0,0.0,0.3771,0.0,0.0,128.0,557.0
887428.0,0.0,3.0342,2.772,0.08738,0.0,0.0,0.3771,0.0,0.0,128.0,557.0
887469.0,0.0,3.1094,2.172,0.08738,0.0,0.0,0.3771,0.0,0.0,128.0,558.0
887509.0,0.0,3.1063,0.378,0.08738,0.0,0.0,0.3771,0.0,0.0,128.0,557.0
887549.0,0.0,-3.1094,1.217,0.08738,0.0,0.0,0.3771,0.0,0.0,128.0,555.0
887590.0,0.0,-2.9759,3.361,0.08738,0.0,0.0,0.3771,0.0,0.0,128.0,556.0
887630.0,0.0,-2.8762,2.887,0.08738,0.0,0.0,0.3771,0.0,0.0,128.0,556.0
887670.0,0.0,-2.9943,-1.865,0.08738,0.0,0.0,0.3771,0.0,0.0,128.0,557.0
887710.0,0.0,-2.7673,3.742,0.08738,0.0,0.0,0.3771,0.0,0.0,128.0,556.0
887750.0,0.0,-2.9054,-1.928,0.08738,0.0,0.0,0.3771,0.0,0.0,128.0,552.0
887791.0,0.0,-3.0542,-3.581,0.08738,0.0,0.0,0.3771,0.0,0.0,128.0,551.0
887831.0,0.0,-3.1155,-1.911,0.08738,0.0,0.0,0.3771,0.0,0.0,128.0,551.0
887871.0,0.0,-3.0894,0.118,0.08738,0.0,0.0,0.3771,0.0,0.0,128.0,556.0
887911.0,0.0,3.0695,-2.256,0.08738,0.0,0.0,0.3771,0.0,0.0,128.0,557.0
887951.0,0.0,3.0219,-1.604,0.08738,0.0,0.0,0.3771,0.0,0.0,128.0,549.0
887991.0,0.0,2.9652,-1.292,0.08738,0.0,0.0,0.3771,0.0,0.0,128.0,556.0
888032.0,0.0,2.9483,-0.653,0.08738,0.0,0.0,0.3771,0.0,0.0,128.0,556.0
888072.0,0.0,2.9345,-0.345,0.08738,0.0,0.0,0.3771,0.0,0.0,128.0,557.0
888112.0,0.0,3.0327,2.15,0.08738,0.0,0.0,0.3771,0.0,0.0,128.0,557.0
888152.0,0.0,-3.1247,2.922,0.08738,0.0,0.0,0.3771,0.0,0.0,128.0,556.0
888192.0,0.0,-3.1032,1.12,0.08738,0.0,0.0,0.3771,0.0,0.0,128.0,550.0
888233.0,0.0,3.1263,-1.237,0.08738,0.0,0.0,0.3771,0.0,0.0,128.0,556.0
888273.0,0.0,-2.9882,2.976,0.08738,0.0,0.0,0.3771,0.0,0.0,128.0,557.0
888313.0,0.0,-2.9897,0.488,0.08738,0.0,0.0,0.3771,0.0,0.0,128.0,557.0
888353.0,0.0,-2.9054,1.68,0.08738,0.0,0.0,0.3771,0.0,0.0,128.0,565.0
888394.0,0.0,-2.8287,1.87,0.08738,0.0,0.0,0.3771,0.0,0.0,128.0,564.0
888434.0,0.0,-2.9222,-1.259,0.08738,0.0,0.0,0.3771,0.0,0.0,128.0,569.0
888474.0,0.0,-3.0787,-3.718,0.08738,0.0,0.0,0.3771,0.0,0.0,128.0,556.0
888515.0,0.0,3.1309,-2.613,0.08738,0.0,0.0,0.3771,0.0,0.0,128.0,556.0
888555.0,0.0,-3.137,-0.226,0.08738,0.0,0.0,0.3771,0.0,0.0,128.0,562.0
888595.0,0.0,3.1155,-0.511,0.08738,0.0,0.0,0.3771,0.0,0.0,128.0,557.0
888635.0,0.0,3.0588,-1.264,0.08738,0.0,0.0,0.3771,0.0,0.0,128.0,556.0
888675.0,0.0,3.0327,-0.757,0.08738,0.0,0.0,0.3771,0.0,0.0,128.0,549.0
888715.0,0.0,2.9943,-0.966,0.08738,0.0,0.0,0.3771,0.0,0.0,128.0,557.0
888756.0,0.0,2.9713,-0.749,0.08738,0.0,0.0,0.3771,0.0,0.0,128.0,557.0
888796.0,0.0,3.0066,0.494,0.08738,0.0,0.0,0.3771,0.0,0.0,128.0,557.0
888836.0,0.0,-3.1309,3.172,0.08738,0.0,0.0,0.3771,0.0,0.0,128.0,556.0
888877.0,0.0,-3.1309,0.79,0.08738,0.0,0.0,0.3771,0.0,0.0,128.0,550.0
888917.0,0.0,-3.1109,0.363,0.08738,0.0,0.0,0.3771,0.0,0.0,128.0,557.0
888957.0,0.0,-3.0588,1.311,0.08738,0.0,0.0,0.3771,0.0,0.0,128.0,557.0
888997.0,0.0,-2.9974,1.42,0.08738,0.0,0.0,0.3771,0.0,0.0,128.0,571.0
889037.0,0.0,-2.9836,0.545,0.08738,0.0,0.0,0.3771,0.0,0.0,128.0,557.0
889078.0,0.0,-2.9959,0.019,0.08738,0.0,0.0,0.3771,0.0,0.0,128.0,556.0
889118.0,0.0,-3.0112,-0.217,0.08738,0.0,0.0,0.3771,0.0,0.0,128.0,557.0
889158.0,0.0,-3.068,-0.962,0.08738,0.0,0.0,0.3771,0.0,0.0,128.0,557.0
889198.0,0.0,3.1293,-1.829,0.08738,0.0,0.0,0.3771,0.0,0.0,128.0,556.0
889239.0,0.0,3.1263,-0.602,0.08738,0.0,0.0,0.3771,0.0,0.0,128.0,556.0
889279.0,0.0,3.1048,-0.491,0.08738,0.0,0.0,0.3771,0.0,0.0,128.0,557.0
889319.0,0.0,3.0756,-0.765,0.08738,0.0,0.0,0.3771,0.0,0.0,128.0,557.0
889359.0,2.0,3.0818,-1.676,0.08726,-0.0036,-0.3,-0.9777,0.0,0.0,128.0,730.0
889399.0,2.0,3.1201,-0.236,0.08719,0.0144,1.26,-0.9989,0.0,0.0,128.0,729.0
889439.0,2.0,3.0986,-2.246,0.08809,0.0156,-1.14,-0.9585,0.0,0.0,128.0,759.0
889480.0,2.0,2.9192,-2.743,0.08715,-0.0828,-3.6,-0.9355,0.0,0.0,128.0,735.0
889520.0,2.0,2.8578,-2.091,0.08051,-0.276,-6.0,-0.9367,0.0,0.0,128.0,743.0
889560.0,2.0,2.8087,-1.958,0.06465,-0.5323,-5.666,-0.9143,0.0,0.0,128.0,763.0
889600.0,2.0,2.6799,-2.987,0.03998,-0.71,-3.279,-0.8448,0.0,0.0,128.0,763.0
889641.0,2.0,2.6783,-0.875,0.00941,-0.7935,-0.847,-0.8766,0.0,0.0,128.0,737.0
889681.0,2.0,2.4989,-2.934,-0.02205,-0.7999,0.0,-0.744,0.0,0.0,128.0,738.0
889721.0,2.0,2.5633,0.617,-0.05351,-0.7908,1.02,-0.8383,0.0,0.0,128.0,760.0
889762.0,2.0,2.7197,3.541,-0.08389,-0.6973,3.48,-0.8363,0.0,0.0,128.0,779.0
889803.0,2.0,2.9422,4.996,-0.10856,-0.5029,5.94,-0.8207,0.0,0.0,128.0,754.0
889843.0,2.0,-3.1155,6.065,-0.12326,-0.2161,8.34,-0.7662,0.0,0.0,128.0,772.0
889884.0,2.0,-2.6001,11.353,-0.12465,0.1592,8.769,-0.046,0.0,0.0,128.0,737.0
889924.0,2.0,-1.9129,15.225,-0.11231,0.4609,6.372,1.0954,0.0,0.0,128.0,744.0
889964.0,2.0,-1.4834,13.052,-0.09,0.667,3.994,1.1907,0.0,0.0,128.0,726.0
890005.0,2.0,-1.3054,6.93,-0.06053,0.7791,1.534,0.572,0.0,0.0,128.0,717.0
890045.0,2.0,-1.2287,3.09,-0.02929,0.7913,-0.866,0.4063,0.0,0.0,128.0,730.0
890085.0,2.0,-1.2471,0.392,0.0006,0.7078,-3.026,0.3837,0.0,0.0,128.0,744.0
890126.0,2.0,-1.4557,-4.859,0.02734,0.6354,-0.566,0.2648,0.0,0.0,128.0,769.0
890167.0,2.0,-1.4818,-1.702,0.05209,0.5749,-2.666,0.0843,0.0,0.0,128.0,762.0
890207.0,2.0,-1.7948,-5.142,0.07208,0.419,-5.066,0.0311,0.0,0.0,128.0,757.0
890248.0,2.0,-2.4406,-16.7,0.08422,0.16,-7.286,1.0235,0.0,0.0,128.0,737.0
890289.0,2.0,-3.0986,-16.846,0.08479,-0.1412,-7.283,0.7939,0.0,0.0,128.0,736.0
890330.0,2.0,2.4222,-18.706,0.07369,-0.398,-5.067,1.5369,0.0,0.0,128.0,736.0
890370.0,2.0,1.8009,-14.938,0.05475,-0.5524,-2.728,1.2017,0.0,0.0,128.0,736.0
890411.0,2.0,1.3116,-12.287,0.03056,-0.6595,-3.028,1.2342,0.0,0.0,128.0,696.0
890451.0,2.0,0.9373,-9.853,0.00259,-0.744,-0.98,1.2229,0.0,0.0,128.0,722.0
890491.0,2.0,0.6351,-7.825,-0.02685,-0.734,1.42,1.1965,0.0,0.0,128.0,752.0
890532.0,2.0,0.0245,-13.971,-0.05531,-0.6887,0.004,2.2332,0.0,0.0,128.0,757.0
890573.0,5.0,0.0138,-2.736,-0.08276,-0.6513,2.104,2.1337,0.0,0.0,128.0,682.0
890613.0,5.0,-0.1672,-3.719,-0.1062,-0.5179,4.504,2.1337,0.0,0.0,128.0,669.0
890653.0,5.0,-0.4847,-6.824,-0.12259,-0.293,5.927,2.1337,0.0,0.0,128.0,669.0
890694.0,5.0,-0.836,-7.817,-0.13031,-0.1016,3.467,2.1337,0.0,0.0,128.0,667.0
890734.0,5.0,-1.1505,-7.966,-0.13226,-0.0111,1.129,2.1337,0.0,0.0,128.0,667.0
890774.0,6.0,-1.9251,-15.635,-0.1323,0.0139,1.271,2.1337,0.0,0.0,128.0,696.0
890814.0,6.0,-3.002,-25.565,-0.13061,0.0736,1.5,2.1337,0.0,0.0,128.0,707.0
890854.0,2.0,2.4283,-22.2,-0.12626,0.1653,3.42,2.4017,0.0,0.0,128.0,742.0
890895.0,2.0,1.8914,-14.668,-0.11618,0.3572,5.88,1.0751,0.0,0.0,128.0,733.0
890936.0,2.0,1.4542,-11.336,-0.09683,0.5988,4.909,0.9679,0.0,0.0,128.0,737.0
890976.0,2.0,1.1305,-8.615,-0.07005,0.7463,2.52,0.9191,0.0,0.0,128.0,724.0
891017.0,2.0,0.7118,-10.001,-0.03855,0.7993,0.18,1.3878,0.0,0.0,128.0,741.0
891057.0,2.0,0.4172,-8.188,-0.00758,0.7573,-2.22,1.3655,0.0,0.0,128.0,751.0
891097.0,3.0,0.5277,0.861,0.02063,0.6866,-0.66,0.8687,0.0,0.0,128.0,744.0
891138.0,5.0,0.4694,-0.728,0.04785,0.704,0.66,0.881,0.0,0.0,128.0,675.0
891178.0,5.0,0.3053,-3.515,0.0762,0.6794,-1.8,0.881,0.0,0.0,128.0,667.0
891218.0,5.0,0.6397,5.64,0.10103,0.5582,-4.2,0.881,0.0,0.0,128.0,680.0
891259.0,5.0,0.8958,6.621,0.11918,0.3413,-6.36,0.881,0.0,0.0,128.0,678.0
891299.0,5.0,1.3238,9.738,0.12851,0.1312,-3.961,0.881,0.0,0.0,128.0,665.0
891340.0,5.0,1.7856,11.061,0.13129,0.022,-1.561,0.881,0.0,0.0,128.0,672.0
891380.0,6.0,2.3455,12.779,0.13151,-0.0065,-0.866,0.881,0.0,0.0,128.0,714.0
891421.0,6.0,3.1355,17.905,0.13013,-0.0649,-1.5,0.881,0.0,0.0,128.0,723.0
891461.0,2.0,-2.1936,20.298,0.12593,-0.1694,-3.78,1.9836,0.0,0.0,128.0,722.0
891502.0,2.0,-1.5938,16.544,0.11539,-0.3706,-5.16,1.8029,0.0,0.0,128.0,742.0
891543.0,2.0,-1.1674,12.451,0.09615,-0.5872,-4.62,1.453,0.0,0.0,128.0,732.0
891583.0,2.0,-1.0048,6.528,0.06983,-0.739,-2.691,0.8308,0.0,0.0,128.0,744.0
891624.0,2.0,-1.083,0.195,0.03851,-0.7987,-0.351,0.4972,0.0,0.0,128.0,758.0
891664.0,2.0,-1.0983,-0.527,0.00746,-0.7635,2.049,0.414,0.0,0.0,128.0,740.0
891705.0,2.0,-1.0354,1.449,-0.02242,-0.7293,0.211,0.5405,0.0,0.0,128.0,766.0
891746.0,2.0,-1.1934,-2.663,-0.051,-0.669,2.671,0.4532,0.0,0.0,128.0,728.0
891786.0,2.0,-1.353,-3.03,-0.0747,-0.5129,5.071,0.3182,0.0,0.0,128.0,754.0
891827.0,2.0,-1.9819,-13.526,-0.09082,-0.2761,5.831,0.7502,0.0,0.0,128.0,743.0
891867.0,2.0,-2.5556,-15.412,-0.09784,-0.0856,4.536,0.6584,0.0,0.0,128.0,774.0
891908.0,2.0,3.1063,-15.588,-0.09716,0.1366,5.935,0.5422,0.0,0.0,128.0,730.0
891948.0,2.0,2.5694,-13.051,-0.0879,0.3248,3.535,0.2467,0.0,0.0,128.0,737.0
891989.0,2.0,2.3654,-7.134,-0.0726,0.418,1.075,-0.362,0.0,0.0,128.0,748.0
892029.0,2.0,2.1614,-5.231,-0.05599,0.4118,-1.325,-0.3652,0.0,0.0,128.0,766.0
892070.0,2.0,2.0586,-2.877,-0.0411,0.3058,-3.785,-0.4004,0.0,0.0,128.0,751.0
892111.0,2.0,2.0724,-0.544,-0.03221,0.1321,-3.485,-0.463,0.0,0.0,128.0,759.0
892152.0,2.0,2.2212,2.726,-0.02903,0.0409,-1.025,-0.5535,0.0,0.0,128.0,753.0
892192.0,2.0,2.4222,4.565,-0.02756,0.0491,1.375,-0.6175,0.0,0.0,128.0,738.0
892233.0,2.0,2.6139,4.583,-0.02381,0.1571,3.835,-0.7345,0.0,0.0,128.0,738.0
892273.0,2.0,-3.0787,11.696,-0.01406,0.3597,6.235,-0.1351,0.0,0.0,128.0,744.0
892314.0,5.0,-2.5203,14.528,0.0051,0.578,4.135,-0.0511,0.0,0.0,128.0,661.0
892354.0,5.0,-1.8914,17.046,0.03045,0.6942,1.735,-0.0511,0.0,0.0,128.0,668.0
892394.0,5.0,-1.623,8.79,0.05858,0.7144,-0.665,-0.0511,0.0,0.0,128.0,667.0
892435.0,5.0,-1.2793,8.508,0.08629,0.6355,-3.125,-0.0511,0.0,0.0,128.0,703.0
892475.0,5.0,-1.218,3.464,0.10834,0.4613,-5.525,-0.0511,0.0,0.0,128.0,697.0
892515.0,5.0,-1.4634,-4.021,0.12191,0.2242,-5.165,-0.0511,0.0,0.0,128.0,661.0
892556.0,5.0,-1.445,-0.675,0.12746,0.0638,-2.766,-0.0511,0.0,0.0,128.0,679.0
892596.0,5.0,-1.4895,-0.909,0.12851,0.0018,-0.427,-0.0511,0.0,0.0,128.0,661.0
892636.0,2.0,-2.0203,-8.985,0.12814,-0.0358,-2.051,0.1971,0.0,0.0,128.0,722.0
892676.0,2.0,-2.6998,-16.549,0.12454,-0.1671,-4.451,0.8249,0.0,0.0,128.0,745.0
892717.0,2.0,2.9851,-15.533,0.11355,-0.4012,-6.911,0.5362,0.0,0.0,128.0,737.0
892757.0,2.0,2.2749,-16.597,0.09311,-0.6285,-4.536,1.0919,0.0,0.0,128.0,738.0
892798.0,2.0,1.7794,-14.028,0.0648,-0.7629,-2.078,1.0475,0.0,0.0,128.0,743.0
892839.0,2.0,1.3576,-11.337,0.03296,-0.7999,0.0,1.0414,0.0,0.0,128.0,729.0
892879.0,2.0,1.0815,-7.982,0.00158,-0.7834,1.38,0.8961,0.0,0.0,128.0,738.0
892919.0,2.0,0.7378,-7.782,-0.02764,-0.6809,3.161,1.094,0.0,0.0,128.0,760.0
892960.0,2.0,0.4065,-8.484,-0.05318,-0.6017,1.181,1.4044,0.0,0.0,128.0,744.0
893001.0,3.0,0.4648,-0.137,-0.0759,-0.5073,3.401,0.894,0.0,0.0,128.0,730.0
893041.0,3.0,0.385,-1.581,-0.09274,-0.3286,4.601,0.9426,0.0,0.0,128.0,707.0
893081.0,3.0,-0.0414,-9.876,-0.10279,-0.1938,2.201,1.6156,0.0,0.0,128.0,716.0
893122.0,3.0,-0.0337,-1.306,-0.10954,-0.1552,-0.259,1.0102,0.0,0.0,128.0,702.0
893162.0,5.0,-0.3237,-5.546,-0.11644,-0.2054,-1.219,1.1218,0.0,0.0,128.0,661.0
893202.0,5.0,-0.3927,-2.411,-0.12488,-0.2049,1.181,1.1218,0.0,0.0,128.0,675.0
893243.0,5.0,-0.5185,-2.962,-0.13151,-0.1049,3.521,1.1218,0.0,0.0,128.0,648.0
893283.0,5.0,-0.7424,-4.906,-0.13358,-0.0122,1.183,1.1218,0.0,0.0,128.0,666.0
893323.0,6.0,-0.8437,-3.085,-0.13358,0.0122,1.189,1.1218,0.0,0.0,128.0,702.0
893364.0,6.0,-0.9373,-2.578,-0.13189,0.0731,1.5,1.1218,0.0,0.0,128.0,710.0
893404.0,2.0,-1.3177,-7.613,-0.1278,0.1445,2.64,0.6345,0.0,0.0,128.0,750.0
893445.0,2.0,-1.8929,-13.019,-0.11918,0.3044,5.1,0.6621,0.0,0.0,128.0,717.0
893485.0,2.0,-2.9867,-22.017,-0.10275,0.5406,5.579,2.0786,0.0,0.0,128.0,733.0
893526.0,2.0,2.6338,-18.118,-0.0771,0.718,3.129,1.2187,0.0,0.0,128.0,750.0
893566.0,2.0,2.2059,-12.179,-0.04706,0.7939,0.729,0.3759,0.0,0.0,128.0,734.0
893606.0,2.0,1.8607,-8.693,-0.0159,0.7738,-1.671,0.2163,0.0,0.0,128.0,757.0
893647.0,2.0,1.6368,-6.284,0.01328,0.6537,-4.131,0.2104,0.0,0.0,128.0,744.0
893687.0,2.0,1.5125,-3.533,0.03641,0.5347,-1.805,0.1548,0.0,0.0,128.0,761.0
893728.0,2.0,1.5309,-0.333,0.05587,0.4104,-4.229,0.0535,0.0,0.0,128.0,751.0
893768.0,2.0,1.6997,3.155,0.06829,0.2136,-4.413,-0.0465,0.0,0.0,128.0,765.0
893809.0,2.0,1.9758,6.211,0.07406,0.0844,-1.953,-0.1464,0.0,0.0,128.0,765.0
893850.0,2.0,2.2841,7.257,0.07654,0.056,0.507,-0.294,0.0,0.0,128.0,723.0
893890.0,2.0,2.8317,12.126,0.0795,0.0968,1.358,-0.0282,0.0,0.0,128.0,737.0
893931.0,2.0,-2.778,15.724,0.08475,0.1656,1.345,0.6186,0.0,0.0,128.0,751.0
893971.0,2.0,-2.0693,18.832,0.09165,0.1702,-1.055,1.7629,0.0,0.0,128.0,760.0
894011.0,2.0,-1.761,11.438,0.09694,0.0788,-3.455,0.6491,0.0,0.0,128.0,748.0
894052.0,2.0,-1.3146,11.536,0.09664,-0.1145,-5.915,1.1326,0.0,0.0,128.0,724.0
894092.0,2.0,-1.399,1.484,0.08704,-0.392,-6.997,0.26,0.0,0.0,128.0,756.0
894133.0,2.0,-1.5278,-3.105,0.0663,-0.6272,-4.538,0.0994,0.0,0.0,128.0,725.0
894173.0,2.0,-1.5048,-0.155,0.03881,-0.7596,-2.138,0.0693,0.0,0.0,128.0,731.0
894213.0,2.0,-1.5601,-0.742,0.00799,-0.7959,0.262,0.0333,0.0,0.0,128.0,754.0
894254.0,2.0,-2.1537,-10.939,-0.02396,-0.7976,-0.518,0.3056,0.0,0.0,128.0,738.0
894294.0,2.0,-2.7366,-15.44,-0.05516,-0.7691,1.882,0.5807,0.0,0.0,128.0,764.0
894335.0,5.0,-3.1385,-12.407,-0.08467,-0.6838,3.022,-0.1739,0.0,0.0,128.0,687.0
894375.0,5.0,2.5157,-15.58,-0.10871,-0.5138,5.422,-0.1739,0.0,0.0,128.0,674.0
894416.0,5.0,2.3547,-8.03,-0.12458,-0.2626,5.602,-0.1739,0.0,0.0,128.0,688.0
894456.0,5.0,2.2381,-3.804,-0.13129,-0.0877,3.202,-0.1739,0.0,0.0,128.0,680.0
894496.0,5.0,2.2335,-1.055,-0.13286,-0.0071,0.864,-0.1739,0.0,0.0,128.0,667.0
894537.0,6.0,2.3178,1.437,-0.13275,0.0229,1.5,-0.1739,0.0,0.0,128.0,710.0
894577.0,6.0,2.5265,4.493,-0.13069,0.0829,1.5,-0.1739,0.0,0.0,128.0,716.0
894617.0,2.0,2.6461,2.839,-0.126,0.1746,3.42,-0.8318,0.0,0.0,128.0,737.0
894658.0,2.0,-2.9821,12.731,-0.1155,0.3665,5.88,0.0396,0.0,0.0,128.0,751.0
894699.0,2.0,-2.5679,10.725,-0.09589,0.6045,4.842,-0.0891,0.0,0.0,128.0,732.0
894739.0,2.0,-2.1169,10.117,-0.069,0.7492,2.45,0.2188,0.0,0.0,128.0,747.0
894780.0,2.0,-1.623,11.686,-0.03746,0.7995,0.11,0.9693,0.0,0.0,128.0,744.0
894821.0,2.0,-1.4327,5.302,-0.00566,0.7622,-2.074,0.3472,0.0,0.0,128.0,738.0
894861.0,2.0,-1.3806,2.027,0.02205,0.6301,-4.474,0.2786,0.0,0.0,128.0,752.0
894901.0,2.0,-1.5079,-2.594,0.04365,0.4776,-2.674,0.1314,0.0,0.0,128.0,771.0
894942.0,2.0,-1.5677,-1.975,0.06015,0.3214,-5.01,0.0183,0.0,0.0,128.0,748.0
894982.0,2.0,-1.7687,-4.091,0.06836,0.0718,-7.41,-0.0667,0.0,0.0,128.0,748.0
895023.0,2.0,-2.0172,-7.033,0.06473,-0.268,-7.99,-0.1472,0.0,0.0,128.0,744.0
895064.0,2.0,-3.094,-20.309,0.04815,-0.544,-5.532,1.6077,0.0,0.0,128.0,732.0
895104.0,2.0,2.6231,-16.873,0.02318,-0.7161,-3.132,0.9726,0.0,0.0,128.0,736.0
895145.0,2.0,1.9512,-15.625,-0.00754,-0.7928,-0.672,1.2091,0.0,0.0,128.0,744.0
895185.0,2.0,1.4987,-12.307,-0.03866,-0.7705,1.728,1.0606,0.0,0.0,128.0,772.0
895226.0,2.0,1.149,-9.02,-0.06769,-0.648,4.188,0.9426,0.0,0.0,128.0,731.0
895266.0,2.0,0.8376,-7.594,-0.0894,-0.4313,6.588,1.0172,0.0,0.0,128.0,764.0
895307.0,2.0,0.3375,-11.911,-0.10181,-0.1938,4.608,1.8705,0.0,0.0,128.0,743.0
895347.0,2.0,0.2684,-3.159,-0.10575,0.0169,6.408,1.026,0.0,0.0,128.0,737.0
895387.0,2.0,-0.0874,-7.534,-0.09986,0.2821,5.758,1.3563,0.0,0.0,128.0,739.0
895428.0,2.0,-0.5875,-11.271,-0.08453,0.4665,3.298,1.6511,0.0,0.0,128.0,719.0
895468.0,2.0,-0.9112,-8.862,-0.06416,0.5676,2.938,1.1138,0.0,0.0,128.0,730.0
895509.0,2.0,-1.5202,-13.493,-0.03847,0.71,2.847,1.3158,0.0,0.0,128.0,739.0
895550.0,2.0,-2.2734,-16.576,-0.00791,0.7916,0.867,1.1477,0.0,0.0,128.0,730.0
895591.0,2.0,2.9084,-24.259,0.0243,0.7999,0.0,2.748,0.0,0.0,128.0,725.0
895631.0,5.0,2.1491,-20.646,0.05573,0.7885,-1.14,2.3688,0.0,0.0,128.0,688.0
895672.0,5.0,1.5524,-16.115,0.08606,0.6901,-3.6,2.3688,0.0,0.0,128.0,667.0
895712.0,5.0,1.106,-12.165,0.10988,0.4969,-6.0,2.3688,0.0,0.0,128.0,674.0
895752.0,5.0,0.7409,-9.75,0.12454,0.2467,-5.4,2.3688,0.0,0.0,128.0,652.0
895793.0,5.0,0.4587,-7.072,0.13076,0.0787,-3.061,2.3688,0.0,0.0,128.0,654.0
895833.0,5.0,0.0184,-10.263,0.13211,0.0047,-0.723,2.3688,0.0,0.0,128.0,668.0
895873.0,6.0,0.0552,-1.564,0.13189,-0.0257,-1.5,2.3688,0.0,0.0,128.0,701.0
895917.0,2.0,-0.0337,-1.89,0.12949,-0.0919,-1.92,1.0225,0.0,0.0,128.0,728.0
895957.0,2.0,-0.0721,-1.536,0.12356,-0.2223,-4.38,1.0093,0.0,0.0,128.0,719.0
895998.0,3.0,0.0874,3.11,0.11078,-0.4082,-3.6,1.0563,0.0,0.0,128.0,702.0
896038.0,3.0,0.2148,2.76,0.09255,-0.503,-1.2,1.0252,0.0,0.0,128.0,704.0
896078.0,3.0,0.4909,5.466,0.07241,-0.5018,1.2,1.0708,0.0,0.0,128.0,715.0
896118.0,2.0,0.8253,8.465,0.05415,-0.4112,2.4,1.0985,0.0,0.0,128.0,743.0
896159.0,2.0,1.3959,12.73,0.03881,-0.3644,-0.06,1.2077,0.0,0.0,128.0,742.0
896199.0,2.0,1.7349,10.336,0.02393,-0.3943,-0.234,0.4823,0.0,0.0,128.0,733.0
896240.0,2.0,2.4176,15.47,0.00851,-0.353,1.882,0.7683,0.0,0.0,128.0,759.0
896281.0,2.0,3.0112,14.082,-0.00416,-0.2601,3.297,0.2608,0.0,0.0,128.0,766.0
896321.0,2.0,-2.4498,17.606,-0.01196,-0.1464,1.737,1.1822,0.0,0.0,128.0,781.0
896362.0,2.0,-1.5186,21.525,-0.01706,-0.1084,1.317,3.1658,0.0,0.0,128.0,743.0
896403.0,2.0,-0.9971,12.431,-0.01969,-0.0028,3.777,1.5508,0.0,0.0,128.0,735.0
896444.0,2.0,-0.6136,9.884,-0.01624,0.1825,4.52,1.4471,0.0,0.0,128.0,736.0
896485.0,2.0,-0.497,4.791,-0.00589,0.3166,2.072,1.0356,0.0,0.0,128.0,738.0
896525.0,3.0,-0.5584,1.059,0.0075,0.3503,-0.328,0.8552,0.0,0.0,128.0,730.0
896566.0,3.0,-0.5292,0.025,0.02074,0.2852,-2.788,0.8632,0.0,0.0,128.0,722.0
896607.0,3.0,-0.3267,4.234,0.02989,0.175,-1.648,1.0569,0.0,0.0,128.0,709.0
896647.0,3.0,-0.4034,-0.67,0.03555,0.0988,-2.968,0.9226,0.0,0.0,128.0,703.0
896687.0,3.0,-0.2684,2.595,0.03668,-0.044,-2.968,1.0068,0.0,0.0,128.0,701.0
896728.0,3.0,-0.1825,2.48,0.03319,-0.114,-0.508,1.0236,0.0,0.0,128.0,716.0
896768.0,3.0,0.0092,3.656,0.02895,-0.0852,1.892,1.0845,0.0,0.0,128.0,719.0
896808.0,3.0,0.0982,3.295,0.02768,0.0397,4.292,1.0638,0.0,0.0,128.0,701.0
896849.0,5.0,0.227,2.938,0.03311,0.258,5.972,1.0236,0.0,0.0,128.0,676.0
896889.0,5.0,0.2669,1.473,0.0477,0.4512,3.512,1.0236,0.0,0.0,128.0,660.0
896929.0,5.0,0.3574,2.144,0.06758,0.5425,1.112,1.0236,0.0,0.0,128.0,663.0
896969.0,5.0,0.5614,4.292,0.08921,0.5378,-1.288,1.0236,0.0,0.0,128.0,682.0
897010.0,5.0,0.8882,7.3,0.10879,0.437,-3.688,1.0236,0.0,0.0,128.0,674.0
897050.0,5.0,1.3346,10.156,0.12281,0.2375,-5.308,1.0236,0.0,0.0,128.0,666.0
897090.0,5.0,1.7963,10.847,0.12874,0.0738,-2.97,1.0236,0.0,0.0,128.0,667.0
897131.0,5.0,2.3991,14.781,0.13001,0.0036,-0.63,1.0236,0.0,0.0,128.0,668.0
897171.0,2.0,-3.1017,18.475,0.12968,-0.0323,-1.95,1.1572,0.0,0.0,128.0,729.0
897211.0,2.0,-2.4498,19.325,0.1263,-0.1595,-4.35,1.6715,0.0,0.0,128.0,727.0
897252.0,2.0,-1.6383,19.622,0.11591,-0.3708,-6.065,2.3265,0.0,0.0,128.0,736.0
897292.0,2.0,-1.4021,9.632,0.09694,-0.5877,-4.985,0.8385,0.0,0.0,128.0,743.0
897333.0,2.0,-1.2594,4.703,0.06983,-0.743,-2.594,0.4754,0.0,0.0,128.0,716.0
897373.0,2.0,-1.2977,0.105,0.03919,-0.7988,-0.314,0.2926,0.0,0.0,128.0,739.0
897413.0,2.0,-1.2977,-0.247,0.00795,-0.7726,1.388,0.2628,0.0,0.0,128.0,760.0
897454.0,2.0,-1.2563,0.639,-0.02231,-0.7334,0.989,0.3117,0.0,0.0,128.0,743.0
897494.0,2.0,-1.4251,-1.614,-0.04976,-0.6446,3.389,0.2465,0.0,0.0,128.0,747.0
897534.0,2.0,-1.9343,-11.785,-0.07196,-0.4725,4.109,0.5744,0.0,0.0,128.0,752.0
897574.0,2.0,-2.3086,-9.826,-0.08741,-0.3173,2.905,-0.0422,0.0,0.0,128.0,782.0
897615.0,2.0,-3.0649,-16.623,-0.09803,-0.1947,4.022,0.7487,0.0,0.0,128.0,759.0
897656.0,2.0,2.7535,-13.334,-0.10223,-0.0108,3.916,0.2327,0.0,0.0,128.0,750.0
897697.0,2.0,2.3332,-11.318,-0.1002,0.0981,1.456,0.1222,0.0,0.0,128.0,737.0
897737.0,2.0,2.2197,-5.412,-0.09585,0.1072,-0.944,-0.3595,0.0,0.0,128.0,743.0
897777.0,2.0,2.1031,-2.62,-0.093,0.0202,-3.344,-0.4581,0.0,0.0,128.0,755.0
897818.0,2.0,2.0647,-1.257,-0.09439,-0.0766,-1.246,-0.4531,0.0,0.0,128.0,750.0
897858.0,2.0,2.123,0.89,-0.09773,-0.0772,1.154,-0.5125,0.0,0.0,128.0,757.0
897899.0,2.0,2.3409,4.219,-0.09922,0.0217,3.614,-0.5731,0.0,0.0,128.0,727.0
897939.0,2.0,2.6523,7.111,-0.09503,0.2155,6.014,-0.5645,0.0,0.0,128.0,732.0
897979.0,2.0,3.1339,10.953,-0.08149,0.4825,6.172,-0.2396,0.0,0.0,128.0,743.0
898020.0,2.0,-2.5433,14.078,-0.05775,0.6839,3.712,0.4396,0.0,0.0,128.0,747.0
898061.0,2.0,-1.7426,15.19,-0.02782,0.7844,1.252,1.1555,0.0,0.0,128.0,745.0
898101.0,2.0,-1.4128,10.548,0.00349,0.7923,-0.908,0.8473,0.0,0.0,128.0,753.0
898142.0,2.0,-1.2057,6.333,0.03405,0.7033,-3.368,0.631,0.0,0.0,128.0,722.0
898182.0,2.0,-1.1321,2.834,0.05854,0.5194,-5.768,0.5232,0.0,0.0,128.0,753.0
898222.0,2.0,-1.2916,-3.227,0.07433,0.2833,-4.985,0.3298,0.0,0.0,128.0,767.0
898263.0,2.0,-1.1704,1.781,0.08213,0.0885,-5.645,0.4133,0.0,0.0,128.0,734.0
898304.0,2.0,-1.2901,-1.813,0.08063,-0.1694,-5.705,0.3157,0.0,0.0,128.0,743.0
898345.0,2.0,-1.4603,-4.139,0.06986,-0.3517,-3.245,0.1944,0.0,0.0,128.0,733.0
898385.0,2.0,-1.988,-10.12,0.05378,-0.474,-3.787,0.3814,0.0,0.0,128.0,730.0
898425.0,2.0,-2.4083,-12.941,0.03169,-0.6562,-4.154,0.367,0.0,0.0,128.0,732.0
898466.0,2.0,2.9744,-19.144,0.00255,-0.7748,-1.694,1.3334,0.0,0.0,128.0,733.0
898506.0,2.0,2.3209,-16.934,-0.02861,-0.7934,0.706,1.1397,0.0,0.0,128.0,745.0
898546.0,2.0,1.8791,-12.107,-0.0588,-0.7243,2.273,0.6211,0.0,0.0,128.0,767.0
898587.0,2.0,1.5217,-9.777,-0.08554,-0.5794,4.733,0.7002,0.0,0.0,128.0,744.0
898628.0,2.0,1.3177,-5.544,-0.10447,-0.3337,7.193,0.4737,0.0,0.0,128.0,760.0
898669.0,2.0,0.925,-8.448,-0.11156,-0.001,8.285,1.0817,0.0,0.0,128.0,735.0
898709.0,2.0,0.9403,-1.403,-0.105,0.3348,7.471,0.6175,0.0,0.0,128.0,724.0
898750.0,2.0,0.8176,-2.425,-0.08618,0.5897,5.021,0.705,0.0,0.0,128.0,729.0
898790.0,2.0,0.5231,-6.493,-0.05974,0.7416,2.629,1.1492,0.0,0.0,128.0,740.0
898830.0,2.0,0.6903,1.868,-0.0291,0.7976,0.229,0.8078,0.0,0.0,128.0,736.0
898871.0,2.0,0.8161,2.468,0.00259,0.7553,-2.231,0.7401,0.0,0.0,128.0,717.0
898911.0,2.0,0.9633,3.306,0.03,0.6169,-4.631,0.647,0.0,0.0,128.0,751.0
898952.0,2.0,1.4174,9.03,0.05051,0.3754,-7.091,0.6776,0.0,0.0,128.0,745.0
898993.0,2.0,1.9175,11.316,0.06041,0.1241,-4.934,0.5192,0.0,0.0,128.0,759.0
899034.0,2.0,2.5295,14.797,0.06214,-0.0265,-2.474,0.563,0.0,0.0,128.0,737.0
899075.0,2.0,3.0986,14.908,0.05974,-0.0763,-0.014,0.4054,0.0,0.0,128.0,746.0
899116.0,2.0,-2.2948,19.479,0.05681,-0.072,-0.577,1.6535,0.0,0.0,128.0,735.0
899157.0,2.0,-1.8392,13.637,0.05276,-0.1473,-3.037,0.9975,0.0,0.0,128.0,738.0
899197.0,2.0,-1.1965,15.71,0.04493,-0.2452,-1.55,1.9897,0.0,0.0,128.0,717.0
899237.0,2.0,-1.0063,7.809,0.03427,-0.2999,-1.942,0.9723,0.0,0.0,128.0,725.0
899277.0,2.0,-1.0354,1.334,0.02036,-0.4244,-3.646,0.5632,0.0,0.0,128.0,739.0
899318.0,2.0,-1.1904,-3.388,0.00101,-0.5222,-1.186,0.4169,0.0,0.0,128.0,745.0
899358.0,2.0,-1.0983,1.242,-0.01991,-0.5308,0.003,0.4685,0.0,0.0,128.0,744.0
899398.0,2.0,-1.1658,-1.05,-0.0402,-0.4815,2.403,0.4103,0.0,0.0,128.0,752.0
899438.0,2.0,-1.3131,-5.031,-0.05666,-0.3362,4.802,0.3704,0.0,0.0,128.0,758.0
899478.0,2.0,-1.7426,-8.295,-0.06563,-0.0974,6.482,0.3581,0.0,0.0,128.0,764.0
899519.0,2.0,-2.3853,-13.733,-0.06473,0.1394,4.862,0.4868,0.0,0.0,128.0,735.0
899559.0,2.0,-3.0265,-17.438,-0.05606,0.3027,4.262,0.9221,0.0,0.0,128.0,758.0
899599.0,2.0,2.7612,-12.572,-0.04155,0.424,1.863,0.0922,0.0,0.0,128.0,731.0
899640.0,2.0,2.3224,-9.661,-0.02363,0.4487,-0.597,-0.093,0.0,0.0,128.0,771.0
899681.0,2.0,2.0663,-7.357,-0.00675,0.3725,-3.057,-0.0971,0.0,0.0,128.0,741.0
899722.0,2.0,1.9282,-3.873,0.00514,0.1955,-5.517,-0.247,0.0,0.0,128.0,752.0
899763.0,2.0,1.85,-1.629,0.00795,-0.0768,-6.885,-0.252,0.0,0.0,128.0,752.0
899804.0,2.0,1.8807,0.12,0.0,-0.3075,-4.425,-0.2889,0.0,0.0,128.0,743.0
899845.0,2.0,2.0601,3.388,-0.01526,-0.4372,-1.965,-0.3806,0.0,0.0,128.0,732.0
899885.0,2.0,2.2657,5.078,-0.03338,-0.4666,0.435,-0.4818,0.0,0.0,128.0,754.0
899925.0,2.0,2.5694,6.895,-0.05078,-0.4,2.835,-0.5235,0.0,0.0,128.0,751.0
899965.0,2.0,3.0634,12.049,-0.06371,-0.2374,5.235,-0.0815,0.0,0.0,128.0,752.0
900006.0,2.0,-2.4943,16.225,-0.06844,0.0281,7.316,0.8603,0.0,0.0,128.0,743.0
900047.0,2.0,-1.7687,18.35,-0.0621,0.2764,4.856,1.9984,0.0,0.0,128.0,738.0
900088.0,2.0,-1.3438,12.626,-0.0474,0.4628,5.369,1.3115,0.0,0.0,128.0,738.0
900128.0,2.0,-1.0584,7.521,-0.02569,0.6283,2.969,0.8638,0.0,0.0,128.0,736.0
900168.0,2.0,-0.9127,3.988,0.00075,0.6979,0.569,0.7249,0.0,0.0,128.0,745.0
900208.0,2.0,-0.9572,0.037,0.02809,0.6715,-1.831,0.5906,0.0,0.0,128.0,800.0
900249.0,2.0,-1.1628,-4.043,0.05363,0.6018,-1.513,0.4793,0.0,0.0,128.0,747.0
900289.0,2.0,-1.1213,-0.126,0.0756,0.4981,-3.756,0.4343,0.0,0.0,128.0,781.0
900330.0,2.0,-1.2839,-2.962,0.09214,0.3152,-3.936,0.3595,0.0,0.0,128.0,763.0
900371.0,2.0,-1.4389,-3.886,0.10166,0.1401,-5.273,0.1999,0.0,0.0,128.0,743.0
900412.0,2.0,-2.0126,-9.0,0.10241,-0.1277,-7.733,0.2273,0.0,0.0,128.0,729.0
900453.0,2.0,-2.9683,-21.449,0.09101,-0.4331,-6.353,1.9162,0.0,0.0,128.0,736.0
900493.0,2.0,2.5525,-19.73,0.06971,-0.638,-3.953,1.6293,0.0,0.0,128.0,741.0
900534.0,2.0,1.9451,-15.878,0.04151,-0.7484,-1.493,1.263,0.0,0.0,128.0,745.0
900575.0,2.0,1.3775,-14.112,0.01065,-0.7807,-1.313,1.4909,0.0,0.0,128.0,722.0
900615.0,2.0,0.9741,-10.814,-0.02066,-0.797,0.558,1.3203,0.0,0.0,128.0,752.0
900655.0,2.0,0.6427,-8.659,-0.051,-0.7255,2.958,1.2837,0.0,0.0,128.0,740.0
900696.0,2.0,-0.0874,-16.568,-0.078,-0.6227,1.381,2.7313,0.0,0.0,128.0,745.0
900737.0,5.0,-0.3114,-8.458,-0.10178,-0.5378,3.241,2.6912,0.0,0.0,128.0,669.0
900777.0,5.0,-0.497,-4.657,-0.11989,-0.3589,5.641,2.6912,0.0,0.0,128.0,648.0
900817.0,5.0,-0.8207,-7.374,-0.12975,-0.1476,4.195,2.6912,0.0,0.0,128.0,666.0
900858.0,5.0,-1.3576,-11.814,-0.13297,-0.0288,1.856,2.6912,0.0,0.0,128.0,655.0
900898.0,6.0,-2.3086,-19.562,-0.13331,0.0033,0.613,2.6912,0.0,0.0,128.0,724.0
900938.0,6.0,2.8578,-25.306,-0.13223,0.0571,1.5,2.6912,0.0,0.0,128.0,721.0
900978.0,2.0,2.1476,-20.2,-0.12885,0.1211,2.16,2.1001,0.0,0.0,128.0,732.0
901019.0,2.0,1.534,-15.506,-0.12154,0.2613,4.62,1.5777,0.0,0.0,128.0,731.0
901059.0,2.0,1.1305,-11.517,-0.10729,0.4752,5.35,1.2866,0.0,0.0,128.0,739.0
901099.0,2.0,0.7332,-10.247,-0.08505,0.6428,3.053,1.4154,0.0,0.0,128.0,726.0
901140.0,2.0,0.2378,-11.53,-0.05738,0.7163,0.593,1.8074,0.0,0.0,128.0,731.0
901180.0,2.0,-0.3651,-14.714,-0.02944,0.6908,-1.807,2.2804,0.0,0.0,128.0,746.0
901221.0,2.0,-0.5829,-6.971,-0.00371,0.5729,-2.947,1.104,0.0,0.0,128.0,723.0
901261.0,2.0,-0.7685,-4.585,0.01725,0.5012,-1.244,0.8573,0.0,0.0,128.0,745.0
901302.0,2.0,-0.9787,-4.899,0.03626,0.4372,-1.401,0.7021,0.0,0.0,128.0,744.0
901342.0,2.0,-1.7104,-15.181,0.05186,0.3371,-3.014,1.3166,0.0,0.0,128.0,760.0
901382.0,2.0,-2.462,-17.452,0.06296,0.2123,-4.018,1.1906,0.0,0.0,128.0,765.0
901423.0,2.0,2.7627,-24.078,0.06896,0.0993,-1.558,2.7419,0.0,0.0,128.0,752.0
901464.0,2.0,2.0647,-19.09,0.07241,0.0871,0.902,1.8949,0.0,0.0,128.0,750.0
901505.0,2.0,1.4496,-15.457,0.07598,0.0724,-1.558,1.6641,0.0,0.0,128.0,751.0
901546.0,2.0,1.0247,-11.433,0.07695,-0.0432,-4.018,1.3693,0.0,0.0,128.0,732.0
901587.0,2.0,0.6565,-9.424,0.07133,-0.2596,-6.478,1.3665,0.0,0.0,128.0,725.0
901627.0,2.0,0.3804,-7.049,0.05584,-0.5247,-5.719,1.2405,0.0,0.0,128.0,737.0
901668.0,2.0,0.0046,-8.573,0.03071,-0.7088,-3.302,1.4633,0.0,0.0,128.0,717.0
901709.0,2.0,0.1396,1.043,0.00011,-0.7926,-0.842,0.9995,0.0,0.0,128.0,734.0
901749.0,2.0,0.1611,0.921,-0.03113,-0.777,1.558,0.9887,0.0,0.0,128.0,747.0
901791.0,5.0,0.135,-0.559,-0.06101,-0.7207,0.538,0.9944,0.0,0.0,128.0,696.0
901831.0,5.0,0.3528,4.203,-0.08854,-0.6499,2.938,0.9944,0.0,0.0,128.0,682.0
901871.0,5.0,0.3329,0.133,-0.11175,-0.4778,5.398,0.9944,0.0,0.0,128.0,674.0
901911.0,5.0,0.5798,4.899,-0.126,-0.239,5.348,0.9944,0.0,0.0,128.0,659.0
901952.0,5.0,0.5921,2.024,-0.13196,-0.0742,2.948,0.9944,0.0,0.0,128.0,647.0
901992.0,5.0,0.8498,4.825,-0.13324,-0.0032,0.615,0.9944,0.0,0.0,128.0,676.0
902032.0,6.0,1.2195,8.557,-0.13301,0.0289,1.5,0.9944,0.0,0.0,128.0,700.0
902072.0,6.0,1.6444,9.968,-0.13072,0.0889,1.5,0.9944,0.0,0.0,128.0,696.0
902113.0,2.0,2.0494,9.805,-0.12555,0.1861,3.54,0.1508,0.0,0.0,128.0,728.0
902153.0,2.0,2.6814,14.38,-0.1149,0.3769,5.94,0.3916,0.0,0.0,128.0,737.0
902194.0,2.0,-2.5756,22.74,-0.0948,0.6136,4.725,2.4084,0.0,0.0,128.0,729.0
902234.0,2.0,-1.5723,25.644,-0.06761,0.7534,2.325,4.1575,0.0,0.0,128.0,750.0
902274.0,2.0,-1.0124,16.908,-0.03679,0.7997,0.165,2.2768,0.0,0.0,128.0,767.0
902314.0,2.0,-0.7501,10.487,-0.00533,0.8,0.0,1.4749,0.0,0.0,128.0,730.0
902355.0,2.0,-0.4096,8.456,0.02689,0.7944,-0.588,1.3801,0.0,0.0,128.0,739.0
902396.0,2.0,-0.1058,7.299,0.05783,0.7186,-3.048,1.3304,0.0,0.0,128.0,749.0
902437.0,2.0,0.1427,6.711,0.08426,0.5837,-3.888,1.2625,0.0,0.0,128.0,734.0
902478.0,2.0,0.7302,12.078,0.10414,0.3917,-4.268,1.6699,0.0,0.0,128.0,744.0
902519.0,2.0,1.3422,14.539,0.11708,0.2479,-3.968,1.5233,0.0,0.0,128.0,733.0
902560.0,2.0,2.0279,16.246,0.12326,0.0335,-6.428,1.1815,0.0,0.0,128.0,736.0
902601.0,2.0,2.8501,18.9,0.11884,-0.276,-7.929,1.3063,0.0,0.0,128.0,729.0
902642.0,2.0,-2.5525,22.345,0.102,-0.5496,-5.481,2.3561,0.0,0.0,128.0,745.0
902683.0,2.0,-1.8362,17.749,0.07609,-0.7229,-3.04,1.7761,0.0,0.0,128.0,746.0
902724.0,2.0,-1.3929,11.347,0.04511,-0.7962,-0.629,1.0467,0.0,0.0,128.0,737.0
902765.0,2.0,-1.1443,7.022,0.01283,-0.7999,0.0,0.7659,0.0,0.0,128.0,732.0
902806.0,2.0,-1.0201,4.597,-0.01954,-0.7962,0.638,0.7003,0.0,0.0,128.0,759.0
902846.0,2.0,-1.1091,-0.999,-0.05014,-0.7435,2.429,0.4669,0.0,0.0,128.0,748.0
902887.0,2.0,-1.2732,-3.659,-0.07751,-0.5923,4.889,0.3484,0.0,0.0,128.0,754.0
902928.0,2.0,-1.2257,0.809,-0.09686,-0.3414,6.868,0.3434,0.0,0.0,128.0,734.0
902968.0,2.0,-1.3913,-2.34,-0.10451,-0.0223,9.148,0.2248,0.0,0.0,128.0,735.0
903008.0,2.0,-2.2227,-16.879,-0.09848,0.3242,7.549,1.1948,0.0,0.0,128.0,746.0
903048.0,2.0,-2.5019,-10.668,-0.08055,0.5773,5.158,-0.1238,0.0,0.0,128.0,749.0
903088.0,2.0,2.9882,-16.568,-0.05449,0.7344,2.758,0.7399,0.0,0.0,128.0,716.0
903129.0,2.0,2.6921,-10.481,-0.02332,0.7958,0.298,-0.1937,0.0,0.0,128.0,738.0
903169.0,2.0,2.278,-10.035,0.00758,0.7585,-2.102,0.0129,0.0,0.0,128.0,752.0
903210.0,2.0,2.077,-6.137,0.03585,0.6206,-4.562,-0.2386,0.0,0.0,128.0,752.0
903250.0,2.0,1.9482,-4.247,0.05614,0.3889,-6.962,-0.2269,0.0,0.0,128.0,742.0
903290.0,2.0,1.8761,-2.14,0.06551,0.0612,-9.362,-0.2676,0.0,0.0,128.0,754.0
903331.0,2.0,1.939,0.554,0.06056,-0.3021,-7.722,-0.3479,0.0,0.0,128.0,737.0
903372.0,2.0,2.0801,2.828,0.04286,-0.5671,-5.263,-0.4216,0.0,0.0,128.0,736.0
903413.0,2.0,2.2764,4.536,0.01646,-0.7312,-2.803,-0.5171,0.0,0.0,128.0,740.0
903453.0,2.0,2.4881,4.783,-0.01384,-0.7941,-0.403,-0.6365,0.0,0.0,128.0,744.0
903493.0,2.0,2.9621,10.586,-0.04478,-0.761,1.997,-0.2714,0.0,0.0,128.0,765.0
903534.0,2.0,-2.9069,12.065,-0.07324,-0.6274,4.457,-0.0461,0.0,0.0,128.0,778.0
903575.0,2.0,-2.3056,14.601,-0.09428,-0.393,6.917,0.7078,0.0,0.0,128.0,743.0
903616.0,2.0,-1.6475,15.671,-0.10421,-0.0967,6.391,1.5231,0.0,0.0,128.0,756.0
903657.0,2.0,-1.3039,10.853,-0.10253,0.1877,7.104,1.0241,0.0,0.0,128.0,744.0
903697.0,2.0,-1.241,4.729,-0.09004,0.4411,5.184,0.5078,0.0,0.0,128.0,715.0
903737.0,2.0,-1.1996,1.621,-0.0693,0.5993,2.784,0.3863,0.0,0.0,128.0,737.0
903777.0,2.0,-1.241,-0.483,-0.0441,0.6865,2.774,0.3356,0.0,0.0,128.0,730.0
903818.0,2.0,-1.3054,-1.209,-0.01414,0.785,1.322,0.2856,0.0,0.0,128.0,749.0
903858.0,2.0,-1.7012,-7.165,0.01721,0.7966,-0.6,0.2625,0.0,0.0,128.0,766.0
903899.0,2.0,-2.0433,-9.075,0.04815,0.7204,-3.06,0.1424,0.0,0.0,128.0,739.0
903939.0,2.0,-2.8409,-17.82,0.0735,0.5488,-5.46,1.0427,0.0,0.0,128.0,768.0
903980.0,2.0,2.6768,-18.463,0.0906,0.2751,-7.32,1.2505,0.0,0.0,128.0,765.0
904021.0,2.0,2.1292,-15.636,0.09623,-0.0031,-6.638,1.0613,0.0,0.0,128.0,724.0
904061.0,2.0,1.5509,-14.221,0.09101,-0.2609,-6.19,1.3182,0.0,0.0,128.0,735.0
904102.0,2.0,1.1597,-10.573,0.07511,-0.5286,-5.706,1.1308,0.0,0.0,128.0,737.0
904142.0,2.0,0.8805,-7.742,0.05055,-0.7079,-3.312,1.0342,0.0,0.0,128.0,735.0
904183.0,2.0,0.5829,-6.815,0.01995,-0.792,-0.852,1.0995,0.0,0.0,128.0,723.0
904224.0,2.0,0.316,-7.232,-0.01226,-0.7999,0.06,1.3054,0.0,0.0,128.0,767.0
904265.0,2.0,0.474,1.74,-0.04388,-0.7457,2.52,0.8996,0.0,0.0,128.0,746.0
904306.0,3.0,0.4295,-0.526,-0.07125,-0.5908,4.98,0.9109,0.0,0.0,128.0,738.0
904347.0,3.0,0.1933,-5.523,-0.09116,-0.4016,3.498,1.1741,0.0,0.0,128.0,714.0
904387.0,3.0,0.247,-0.142,-0.10492,-0.3016,2.538,0.9698,0.0,0.0,128.0,720.0
904428.0,3.0,0.2684,0.343,-0.11449,-0.1537,4.446,0.9649,0.0,0.0,128.0,703.0
904468.0,3.0,0.316,0.889,-0.11655,0.0732,6.826,0.9555,0.0,0.0,128.0,695.0
904508.0,3.0,0.2746,-0.581,-0.10789,0.376,7.129,0.9647,0.0,0.0,128.0,702.0
904548.0,3.0,0.2592,-0.362,-0.08824,0.6122,4.747,0.9674,0.0,0.0,128.0,710.0
904589.0,3.0,0.2577,-0.366,-0.06026,0.7554,2.294,0.9678,0.0,0.0,128.0,696.0
904629.0,3.0,0.3344,1.565,-0.02925,0.7997,0.134,0.9601,0.0,0.0,128.0,708.0
904670.0,3.0,0.4264,1.939,0.00311,0.8,0.0,0.9342,0.0,0.0,128.0,708.0
904711.0,3.0,0.7133,5.91,0.03551,0.8,0.0,0.975,0.0,0.0,128.0,717.0
904751.0,5.0,0.9434,5.658,0.06671,0.7663,-1.98,0.9402,0.0,0.0,128.0,667.0
904791.0,5.0,1.4082,9.583,0.09484,0.6379,-4.38,0.9402,0.0,0.0,128.0,690.0
904832.0,5.0,1.804,9.617,0.11644,0.4067,-6.84,0.9402,0.0,0.0,128.0,682.0
904872.0,5.0,2.2933,11.635,0.12776,0.1775,-4.56,0.9402,0.0,0.0,128.0,681.0
904913.0,5.0,-3.045,19.872,0.13189,0.04,-2.161,0.9402,0.0,0.0,128.0,666.0
904954.0,6.0,-2.4574,19.802,0.13241,-0.0003,-0.257,0.9402,0.0,0.0,128.0,815.0
904994.0,6.0,-1.9267,16.164,0.13162,-0.0482,-1.5,0.9402,0.0,0.0,128.0,708.0
905034.0,2.0,-1.5478,9.886,0.12859,-0.109,-1.92,0.7509,0.0,0.0,128.0,716.0
905074.0,2.0,-1.2747,6.604,0.12221,-0.235,-4.32,0.6367,0.0,0.0,128.0,736.0
905115.0,2.0,-1.2824,0.805,0.10856,-0.4625,-6.3,0.3192,0.0,0.0,128.0,738.0
905155.0,2.0,-1.2717,0.097,0.08614,-0.6679,-3.981,0.2604,0.0,0.0,128.0,754.0
905196.0,2.0,-1.2671,0.488,0.05666,-0.7795,-1.521,0.3187,0.0,0.0,128.0,741.0
905236.0,2.0,-1.287,-0.92,0.02543,-0.7948,0.733,0.2577,0.0,0.0,128.0,766.0
905277.0,2.0,-1.5263,-2.497,-0.00536,-0.7215,2.713,0.1257,0.0,0.0,128.0,748.0
905317.0,2.0,-2.3516,-16.313,-0.03203,-0.6456,1.393,1.0319,0.0,0.0,128.0,747.0
905357.0,2.0,-2.8578,-15.467,-0.0561,-0.5798,1.631,0.5507,0.0,0.0,128.0,766.0
905398.0,2.0,2.8455,-14.394,-0.07748,-0.4631,3.491,0.3711,0.0,0.0,128.0,754.0
905438.0,2.0,2.459,-8.675,-0.09315,-0.3338,2.455,-0.3059,0.0,0.0,128.0,759.0
905478.0,2.0,2.0463,-9.743,-0.105,-0.2791,1.166,0.137,0.0,0.0,128.0,764.0
905519.0,2.0,2.011,-3.491,-0.11535,-0.247,-0.334,-0.3314,0.0,0.0,128.0,733.0
905559.0,2.0,1.9436,-1.94,-0.12473,-0.2119,2.048,-0.3301,0.0,0.0,128.0,756.0
905600.0,2.0,2.0295,1.157,-0.13095,-0.0763,4.508,-0.4141,0.0,0.0,128.0,746.0
905641.0,2.0,2.258,4.863,-0.12971,0.1602,6.968,-0.4778,0.0,0.0,128.0,744.0
905682.0,2.0,2.5955,7.246,-0.1173,0.4576,6.405,-0.5082,0.0,0.0,128.0,745.0
905723.0,2.0,3.025,10.065,-0.09439,0.669,3.964,-0.3468,0.0,0.0,128.0,752.0
905763.0,2.0,-2.3899,19.343,-0.06563,0.7784,1.566,1.6149,0.0,0.0,128.0,760.0
905804.0,2.0,-1.9773,13.069,-0.03364,0.7963,0.186,0.766,0.0,0.0,128.0,732.0
905845.0,2.0,-1.5846,10.215,-0.0015,0.7952,-0.72,0.6982,0.0,0.0,128.0,753.0
905885.0,2.0,-1.0615,12.443,0.02861,0.7226,-2.04,1.4638,0.0,0.0,128.0,752.0
905926.0,2.0,-1.1106,2.925,0.05595,0.6151,-3.78,0.5277,0.0,0.0,128.0,752.0
905967.0,2.0,-1.3637,-4.404,0.07729,0.4444,-3.36,0.348,0.0,0.0,128.0,770.0
906008.0,2.0,-1.3315,-0.592,0.09244,0.2868,-4.982,0.2175,0.0,0.0,128.0,737.0
906048.0,2.0,-1.4603,-2.292,0.09934,0.0526,-5.747,0.1584,0.0,0.0,128.0,746.0
906088.0,2.0,-1.7687,-6.467,0.09668,-0.2136,-7.794,0.0984,0.0,0.0,128.0,746.0
906129.0,2.0,-2.3516,-12.506,0.08205,-0.5051,-5.947,0.3703,0.0,0.0,128.0,748.0
906170.0,2.0,-3.1078,-18.207,0.05756,-0.6974,-3.49,1.0955,0.0,0.0,128.0,732.0
906211.0,2.0,2.4237,-17.989,0.02734,-0.7888,-1.03,1.3331,0.0,0.0,128.0,732.0
906251.0,2.0,1.8837,-13.83,-0.0039,-0.783,1.12,0.9213,0.0,0.0,128.0,753.0
906292.0,2.0,1.4481,-11.49,-0.03386,-0.6862,3.55,0.9844,0.0,0.0,128.0,761.0
906333.0,2.0,1.1674,-7.822,-0.05801,-0.489,6.01,0.8054,0.0,0.0,128.0,753.0
906374.0,2.0,0.6519,-11.821,-0.07234,-0.2065,6.596,1.6459,0.0,0.0,128.0,738.0
906415.0,2.0,0.563,-4.961,-0.07601,0.0147,4.856,1.039,0.0,0.0,128.0,737.0
906455.0,3.0,0.4019,-3.239,-0.0714,0.2262,4.733,0.9866,0.0,0.0,128.0,708.0
906495.0,3.0,-0.0291,-9.506,-0.05944,0.3663,2.333,1.5707,0.0,0.0,128.0,701.0
906536.0,3.0,-0.3037,-6.889,-0.04343,0.4104,-0.127,1.2541,0.0,0.0,128.0,711.0
906576.0,3.0,-0.3835,-2.623,-0.02798,0.3561,-2.527,0.9708,0.0,0.0,128.0,715.0
906616.0,3.0,-0.6029,-4.812,-0.01646,0.2058,-4.927,0.9701,0.0,0.0,128.0,697.0
906656.0,2.0,-0.9311,-7.358,-0.01268,-0.026,-5.527,0.942,0.0,0.0,128.0,736.0
906696.0,2.0,-1.2947,-9.124,-0.01729,-0.1979,-3.127,0.7686,0.0,0.0,128.0,750.0
906736.0,2.0,-1.7487,-9.736,-0.02685,-0.2738,-0.727,0.5342,0.0,0.0,128.0,752.0
906777.0,2.0,-2.3669,-15.774,-0.03847,-0.3017,-0.202,0.926,0.0,0.0,128.0,733.0
906818.0,2.0,2.936,-21.861,-0.0501,-0.2583,2.258,2.0408,0.0,0.0,128.0,739.0
906858.0,2.0,2.3102,-19.133,-0.05824,-0.15,3.098,1.6365,0.0,0.0,128.0,766.0
906899.0,2.0,1.9696,-10.607,-0.06124,0.0124,3.638,0.3482,0.0,0.0,128.0,743.0
906940.0,2.0,1.5953,-9.441,-0.05846,0.1147,2.194,0.5582,0.0,0.0,128.0,737.0
906981.0,2.0,1.3422,-6.912,-0.05141,0.2563,4.654,0.5738,0.0,0.0,128.0,723.0
907021.0,2.0,1.1536,-3.858,-0.03716,0.4857,6.138,0.4326,0.0,0.0,128.0,747.0
907062.0,2.0,1.1428,-1.793,-0.01331,0.6857,3.678,0.4832,0.0,0.0,128.0,715.0
907102.0,2.0,1.2533,2.181,0.0159,0.7836,1.278,0.3467,0.0,0.0,128.0,715.0
907142.0,2.0,1.399,3.377,0.04714,0.7855,-1.122,0.2501,0.0,0.0,128.0,741.0
907182.0,2.0,1.7181,6.886,0.07658,0.6932,-2.922,0.1689,0.0,0.0,128.0,757.0
907223.0,5.0,2.0187,7.187,0.10226,0.5656,-4.182,0.1509,0.0,0.0,128.0,697.0
907263.0,5.0,2.4712,9.971,0.12071,0.3492,-6.462,0.1509,0.0,0.0,128.0,676.0
907303.0,5.0,3.0281,15.054,0.13016,0.1399,-4.062,0.1509,0.0,0.0,128.0,681.0
907344.0,5.0,-2.6875,14.4,0.1332,0.0237,-1.663,0.1509,0.0,0.0,128.0,674.0
907384.0,6.0,-2.2749,11.502,0.13346,-0.0044,-0.713,0.1509,0.0,0.0,128.0,716.0
907425.0,6.0,-1.9343,7.919,0.13223,-0.0611,-1.5,0.1509,0.0,0.0,128.0,709.0
907465.0,2.0,-1.7227,6.128,0.12866,-0.1266,-2.28,0.1145,0.0,0.0,128.0,722.0
907505.0,2.0,-1.7242,1.648,0.12131,-0.267,-4.68,-0.0981,0.0,0.0,128.0,738.0
907545.0,2.0,-1.8853,-3.01,0.10669,-0.4981,-6.017,-0.2365,0.0,0.0,128.0,747.0
907586.0,2.0,-2.0463,-3.032,0.08246,-0.6935,-3.571,-0.3468,0.0,0.0,128.0,714.0
907626.0,2.0,-2.7013,-10.199,0.05306,-0.7871,-1.171,-0.1853,0.0,0.0,128.0,737.0
907666.0,2.0,3.1385,-13.219,0.02167,-0.8,0.0,0.1064,0.0,0.0,128.0,738.0
907706.0,2.0,2.5127,-13.74,-0.0096,-0.7884,-0.12,0.3583,0.0,0.0,128.0,737.0
907748.0,5.0,2.2872,-8.521,-0.04174,-0.7999,0.06,-0.2062,0.0,0.0,128.0,879.0
907787.0,5.0,1.9942,-8.779,-0.07256,-0.7483,2.46,-0.2062,0.0,0.0,128.0,682.0
907827.0,5.0,1.9144,-3.447,-0.0996,-0.6007,4.86,-0.2062,0.0,0.0,128.0,675.0
907868.0,5.0,1.9451,-0.062,-0.11895,-0.3596,6.54,-0.2062,0.0,0.0,128.0,679.0
907908.0,5.0,2.1016,2.888,-0.12889,-0.143,4.141,-0.2062,0.0,0.0,128.0,686.0
907948.0,5.0,2.1675,2.186,-0.13196,-0.0265,1.741,-0.2062,0.0,0.0,128.0,667.0
907989.0,6.0,2.7013,9.643,-0.13226,0.004,0.677,-0.2062,0.0,0.0,128.0,772.0
908030.0,6.0,-3.071,12.134,-0.13106,0.0602,1.5,-0.2062,0.0,0.0,128.0,708.0
908070.0,2.0,-2.6078,11.948,-0.12743,0.1397,3.0,0.0619,0.0,0.0,128.0,750.0
908111.0,2.0,-1.9528,15.307,-0.11869,0.3144,5.46,1.0834,0.0,0.0,128.0,746.0
908152.0,2.0,-1.7395,6.907,-0.10136,0.5525,5.448,0.2376,0.0,0.0,128.0,737.0
908193.0,2.0,-1.4051,5.697,-0.07537,0.7244,2.993,0.3968,0.0,0.0,128.0,732.0
908233.0,2.0,-1.1382,5.875,-0.04515,0.7949,0.593,0.6488,0.0,0.0,128.0,746.0
908274.0,2.0,-1.2487,-1.507,-0.01331,0.7719,-0.907,0.3614,0.0,0.0,128.0,739.0
908315.0,2.0,-1.4297,-4.223,0.01774,0.7851,1.046,0.2582,0.0,0.0,128.0,728.0
908355.0,2.0,-1.5923,-4.462,0.04875,0.7777,-1.354,0.0792,0.0,0.0,128.0,768.0
908396.0,2.0,-1.7871,-8.202,0.07838,0.6706,-3.814,0.0365,0.0,0.0,128.0,743.0
908436.0,2.0,-2.7842,-18.956,0.10121,0.4689,-6.162,1.3606,0.0,0.0,128.0,756.0
908477.0,2.0,2.8149,-17.512,0.1152,0.2016,-7.631,0.9816,0.0,0.0,128.0,744.0
908517.0,2.0,2.166,-16.866,0.11738,-0.0999,-7.402,1.2495,0.0,0.0,128.0,737.0
908557.0,2.0,1.6475,-14.551,0.10796,-0.3885,-6.937,1.2973,0.0,0.0,128.0,747.0
908598.0,2.0,1.1919,-11.616,0.08734,-0.6251,-4.58,1.2542,0.0,0.0,128.0,724.0
908639.0,2.0,0.8805,-8.56,0.05906,-0.7614,-2.125,1.123,0.0,0.0,128.0,729.0
908679.0,2.0,0.5921,-6.816,0.02813,-0.7999,-0.006,1.0973,0.0,0.0,128.0,704.0
908719.0,2.0,0.1473,-10.698,-0.00338,-0.7999,0.0,1.7207,0.0,0.0,128.0,720.0
908759.0,2.0,0.181,-1.113,-0.03469,-0.7769,1.634,0.9956,0.0,0.0,128.0,752.0
908800.0,3.0,0.1212,-1.1,-0.06454,-0.704,0.981,1.0003,0.0,0.0,128.0,723.0
908840.0,5.0,-0.2102,-6.527,-0.09116,-0.6296,3.021,1.0103,0.0,0.0,128.0,667.0
908880.0,5.0,-0.2546,-2.959,-0.1131,-0.4595,5.421,1.0103,0.0,0.0,128.0,668.0
908921.0,5.0,-0.2899,-0.916,-0.12664,-0.2239,5.176,1.0103,0.0,0.0,128.0,673.0
908961.0,5.0,-0.6044,-6.279,-0.13219,-0.0634,2.716,1.0103,0.0,0.0,128.0,654.0
909002.0,5.0,-0.8391,-6.018,-0.1332,-0.0017,0.442,1.0103,0.0,0.0,128.0,660.0
909042.0,6.0,-1.2011,-7.99,-0.13279,0.035,1.5,1.0103,0.0,0.0,128.0,673.0
909082.0,6.0,-1.8132,-14.33,-0.13024,0.095,1.5,1.0103,0.0,0.0,128.0,710.0
909123.0,2.0,-2.8931,-23.01,-0.12465,0.2033,3.84,2.3845,0.0,0.0,128.0,724.0
909163.0,2.0,2.6047,-21.651,-0.11306,0.4061,6.24,2.1305,0.0,0.0,128.0,730.0
909203.0,2.0,2.1322,-14.489,-0.09255,0.631,4.504,0.8459,0.0,0.0,128.0,733.0
909243.0,2.0,1.7687,-9.726,-0.06491,0.762,2.104,0.4231,0.0,0.0,128.0,751.0
909284.0,2.0,1.5048,-7.236,-0.03319,0.7999,0.004,0.4256,0.0,0.0,128.0,740.0
909324.0,2.0,1.3944,-3.893,-0.00173,0.7999,0.0,0.3038,0.0,0.0,128.0,721.0
909364.0,2.0,1.307,-2.617,0.02978,0.7998,-0.089,0.3109,0.0,0.0,128.0,752.0
909405.0,2.0,1.4573,2.547,0.06131,0.7445,-2.549,0.1732,0.0,0.0,128.0,767.0
909446.0,2.0,1.649,5.037,0.08861,0.5926,-4.049,0.0466,0.0,0.0,128.0,753.0
909487.0,5.0,2.077,9.397,0.10905,0.4565,-2.849,0.0703,0.0,0.0,128.0,701.0
909527.0,5.0,2.551,11.475,0.12454,0.288,-5.309,0.0703,0.0,0.0,128.0,687.0
909567.0,5.0,2.9146,10.444,0.13207,0.1027,-3.492,0.0703,0.0,0.0,128.0,668.0
909607.0,5.0,-2.8149,12.886,0.13406,0.0114,-1.154,0.0703,0.0,0.0,128.0,677.0
909647.0,6.0,-2.3915,11.582,0.13406,-0.0121,-1.181,0.0703,0.0,0.0,128.0,704.0
909688.0,6.0,-2.008,10.028,0.13241,-0.0729,-1.5,0.0703,0.0,0.0,128.0,716.0
909728.0,2.0,-1.5263,11.568,0.12836,-0.1392,-2.34,0.8518,0.0,0.0,128.0,729.0
909768.0,2.0,-1.7196,-0.261,0.12045,-0.282,-4.74,-0.0928,0.0,0.0,128.0,737.0
909808.0,2.0,-1.8592,-3.342,0.10515,-0.513,-5.868,-0.2098,0.0,0.0,128.0,736.0
909849.0,2.0,-2.0141,-4.111,0.0804,-0.7022,-3.419,-0.335,0.0,0.0,128.0,740.0
909889.0,2.0,-2.2442,-9.385,0.05078,-0.7898,-1.019,-0.2082,0.0,0.0,128.0,732.0
909930.0,2.0,-2.8655,-9.682,0.01856,-0.7999,0.0,-0.3575,0.0,0.0,128.0,715.0
909970.0,2.0,2.6338,-18.58,-0.01294,-0.7953,0.72,1.3221,0.0,0.0,128.0,770.0
910011.0,5.0,2.4743,-8.715,-0.04455,-0.7833,0.124,0.2315,0.0,0.0,128.0,662.0
910051.0,5.0,2.1644,-6.618,-0.07478,-0.7292,2.524,0.2315,0.0,0.0,128.0,680.0
910092.0,5.0,1.9543,-5.754,-0.10163,-0.5741,4.984,0.2315,0.0,0.0,128.0,700.0
910132.0,5.0,2.0218,-0.009,-0.11985,-0.331,6.3,0.2315,0.0,0.0,128.0,665.0
910172.0,5.0,2.1997,3.781,-0.1287,-0.1282,3.9,0.2315,0.0,0.0,128.0,680.0
910213.0,5.0,2.4283,5.256,-0.1314,-0.0191,1.5,0.2315,0.0,0.0,128.0,667.0
910253.0,6.0,2.7474,8.064,-0.13159,0.0074,0.924,0.2315,0.0,0.0,128.0,709.0
910293.0,6.0,-3.0802,11.001,-0.13024,0.0649,1.5,0.2315,0.0,0.0,128.0,722.0
910333.0,2.0,-2.4866,13.817,-0.12604,0.1671,3.72,0.4066,0.0,0.0,128.0,734.0
910374.0,2.0,-1.9497,13.465,-0.11561,0.3712,6.18,0.73,0.0,0.0,128.0,737.0
910415.0,2.0,-1.623,11.308,-0.09574,0.6083,4.795,0.9207,0.0,0.0,128.0,732.0
910455.0,2.0,-1.3192,7.984,-0.06877,0.7512,2.407,0.653,0.0,0.0,128.0,715.0
910495.0,2.0,-1.3054,2.37,-0.03802,0.7983,0.007,0.2841,0.0,0.0,128.0,730.0
910535.0,2.0,-1.2778,1.164,-0.00724,0.7493,-2.393,0.2998,0.0,0.0,128.0,739.0
910575.0,2.0,-1.4527,-3.033,0.02051,0.6718,-0.832,0.1797,0.0,0.0,128.0,754.0
910615.0,2.0,-1.5923,-3.276,0.04605,0.6078,-2.752,0.0593,0.0,0.0,128.0,758.0
910656.0,2.0,-2.0371,-11.526,0.06769,0.4433,-5.212,0.3497,0.0,0.0,128.0,766.0
910697.0,2.0,-2.8639,-18.9,0.0807,0.1792,-7.192,1.3342,0.0,0.0,128.0,759.0
910738.0,2.0,2.7428,-17.698,0.08284,-0.0683,-5.692,1.0512,0.0,0.0,128.0,715.0
910778.0,2.0,2.1721,-16.558,0.07616,-0.2792,-5.092,1.2175,0.0,0.0,128.0,730.0
910818.0,2.0,1.5953,-14.076,0.06184,-0.4439,-3.527,1.2325,0.0,0.0,128.0,754.0
910859.0,2.0,1.221,-10.691,0.04061,-0.6125,-3.589,1.0991,0.0,0.0,128.0,725.0
910899.0,2.0,0.9465,-7.596,0.01436,-0.7068,-1.189,0.9713,0.0,0.0,128.0,723.0
910940.0,2.0,0.5645,-8.338,-0.01451,-0.7043,1.031,1.2418,0.0,0.0,128.0,751.0
910980.0,2.0,0.3206,-7.548,-0.04204,-0.7068,-0.289,1.3327,0.0,0.0,128.0,722.0
911020.0,3.0,0.4449,1.599,-0.0696,-0.6775,1.751,0.9188,0.0,0.0,128.0,733.0
911061.0,3.0,0.3651,-0.843,-0.09488,-0.554,4.211,0.9386,0.0,0.0,128.0,716.0
911102.0,5.0,0.0767,-6.4,-0.11438,-0.414,3.431,1.197,0.0,0.0,128.0,695.0
911142.0,5.0,0.2347,1.679,-0.12746,-0.2293,5.231,1.197,0.0,0.0,128.0,667.0
911183.0,5.0,0.1381,-1.016,-0.13313,-0.0693,2.831,1.197,0.0,0.0,128.0,658.0
911223.0,5.0,-0.0629,-4.338,-0.13425,-0.0022,0.493,1.197,0.0,0.0,128.0,666.0
911263.0,6.0,-0.0138,-0.085,-0.13395,0.0318,1.5,1.197,0.0,0.0,128.0,702.0
911303.0,6.0,-0.1641,-2.537,-0.13155,0.0918,1.5,1.197,0.0,0.0,128.0,701.0
911344.0,2.0,-0.1289,-0.408,-0.12649,0.1744,3.06,0.9902,0.0,0.0,128.0,742.0
911385.0,2.0,-0.2838,-2.946,-0.11633,0.3515,5.52,1.0171,0.0,0.0,128.0,740.0
911426.0,2.0,-0.4034,-3.189,-0.09731,0.591,5.007,0.9809,0.0,0.0,128.0,715.0
911466.0,2.0,-0.563,-3.756,-0.07084,0.7424,2.617,0.9396,0.0,0.0,128.0,717.0
911506.0,2.0,-0.7424,-4.332,-0.04024,0.7988,0.337,0.8575,0.0,0.0,128.0,733.0
911546.0,2.0,-0.8989,-3.983,-0.00874,0.8,0.0,0.7195,0.0,0.0,128.0,724.0
911586.0,2.0,-1.2717,-8.201,0.02276,0.7981,-0.435,0.7395,0.0,0.0,128.0,747.0
911627.0,2.0,-1.8899,-16.535,0.05396,0.7386,-1.709,1.2988,0.0,0.0,128.0,756.0
911668.0,2.0,-3.0695,-25.829,0.08186,0.6403,-1.859,3.2172,0.0,0.0,128.0,742.0
911709.0,5.0,2.436,-21.225,0.10575,0.5221,-4.079,3.1146,0.0,0.0,128.0,702.0
911749.0,5.0,1.7978,-16.398,0.12255,0.3106,-6.104,3.1146,0.0,0.0,128.0,683.0
911790.0,5.0,1.2517,-13.658,0.13076,0.1156,-3.704,3.1146,0.0,0.0,128.0,672.0
911830.0,5.0,0.8268,-11.042,0.13313,0.0146,-1.304,3.1146,0.0,0.0,128.0,676.0
911870.0,6.0,0.4679,-9.308,0.1332,-0.0102,-1.088,3.1146,0.0,0.0,128.0,715.0
911910.0,6.0,-0.1488,-13.786,0.13166,-0.069,-1.5,3.1146,0.0,0.0,128.0,693.0
911951.0,2.0,-0.4602,-9.702,0.12761,-0.1444,-2.76,1.4556,0.0,0.0,128.0,731.0
911991.0,2.0,-0.5062,-2.893,0.11918,-0.304,-5.16,0.9227,0.0,0.0,128.0,744.0
912032.0,2.0,-0.698,-4.251,0.10223,-0.5474,-5.506,0.8853,0.0,0.0,128.0,726.0
912072.0,2.0,-1.0032,-6.995,0.07714,-0.7187,-3.116,0.8497,0.0,0.0,128.0,734.0
912113.0,2.0,-1.2793,-6.482,0.04628,-0.7948,-0.657,0.5529,0.0,0.0,128.0,745.0
912153.0,2.0,-1.692,-8.467,0.01493,-0.7976,-0.417,0.3527,0.0,0.0,128.0,765.0
912194.0,2.0,-2.6691,-20.647,-0.01718,-0.7789,1.56,1.7813,0.0,0.0,128.0,761.0
912234.0,2.0,3.091,-14.498,-0.04605,-0.6727,2.88,0.336,0.0,0.0,128.0,768.0
912275.0,2.0,2.2381,-17.908,-0.07102,-0.5505,4.02,1.4468,0.0,0.0,128.0,767.0
912316.0,2.0,1.9006,-10.398,-0.08966,-0.3761,3.36,0.3655,0.0,0.0,128.0,758.0
912357.0,2.0,1.5647,-8.632,-0.1017,-0.1995,5.5,0.508,0.0,0.0,128.0,744.0
912397.0,2.0,1.4527,-3.652,-0.1047,0.0697,7.9,0.2152,0.0,0.0,128.0,738.0
912438.0,2.0,1.3361,-2.746,-0.09533,0.3954,6.963,0.324,0.0,0.0,128.0,709.0
912478.0,2.0,1.3929,0.822,-0.07508,0.625,4.573,0.1877,0.0,0.0,128.0,719.0
912518.0,2.0,1.5294,2.825,-0.04763,0.7587,2.173,0.1029,0.0,0.0,128.0,732.0
912559.0,2.0,1.8239,6.352,-0.01601,0.7999,0.079,0.0209,0.0,0.0,128.0,716.0
912599.0,2.0,2.1905,8.738,0.01553,0.8,0.0,-0.0998,0.0,0.0,128.0,738.0
912640.0,5.0,2.597,9.88,0.04778,0.7973,-0.54,-0.3637,0.0,0.0,128.0,674.0
912680.0,5.0,-3.0143,15.89,0.07823,0.7265,-2.94,-0.3637,0.0,0.0,128.0,675.0
912720.0,5.0,-2.5663,13.198,0.10399,0.5597,-5.34,-0.3637,0.0,0.0,128.0,673.0
912760.0,5.0,-2.123,11.811,0.12143,0.3095,-6.06,-0.3637,0.0,0.0,128.0,674.0
912801.0,5.0,-1.7748,8.46,0.1296,0.1157,-3.721,-0.3637,0.0,0.0,128.0,666.0
912841.0,5.0,-1.7518,2.474,0.13196,0.0146,-1.324,-0.3637,0.0,0.0,128.0,673.0
912881.0,6.0,-1.781,-0.638,0.13204,-0.0104,-1.097,-0.3637,0.0,0.0,128.0,710.0
912921.0,6.0,-2.0847,-5.381,0.1305,-0.0692,-1.5,-0.3637,0.0,0.0,128.0,721.0
912961.0,2.0,-2.2381,-4.014,0.1263,-0.1629,-3.48,-0.5161,0.0,0.0,128.0,737.0
913001.0,2.0,-2.9391,-14.246,0.11663,-0.3513,-5.88,0.3073,0.0,0.0,128.0,738.0
913042.0,2.0,2.821,-13.585,0.09746,-0.5944,-4.966,0.2259,0.0,0.0,128.0,743.0
913083.0,2.0,2.3132,-11.753,0.07016,-0.7466,-2.515,0.2068,0.0,0.0,128.0,730.0
913124.0,2.0,1.8991,-10.429,0.03863,-0.7994,-0.175,0.3893,0.0,0.0,128.0,738.0
913164.0,2.0,1.623,-7.571,0.00713,-0.7999,0.029,0.3419,0.0,0.0,128.0,752.0
913205.0,2.0,1.4327,-4.846,-0.02445,-0.747,2.489,0.3036,0.0,0.0,128.0,732.0
913246.0,0.0,1.4051,-1.147,-0.04343,0.0,0.0,0.174,0.0,0.0,128.0,549.0
913286.0,0.0,1.3223,-1.581,-0.04343,0.0,0.0,0.174,0.0,0.0,128.0,564.0
913326.0,0.0,1.4726,2.716,-0.04343,0.0,0.0,0.174,0.0,0.0,128.0,549.0
913367.0,0.0,1.6613,4.447,-0.04343,0.0,0.0,0.174,0.0,0.0,128.0,555.0
913407.0,0.0,2.0417,8.056,-0.04343,0.0,0.0,0.174,0.0,0.0,128.0,557.0
913447.0,0.0,2.459,10.597,-0.04343,0.0,0.0,0.174,0.0,0.0,128.0,564.0
913488.0,0.0,3.1278,14.951,-0.04343,0.0,0.0,0.174,0.0,0.0,128.0,558.0
913528.0,0.0,-2.5403,17.248,-0.04343,0.0,0.0,0.174,0.0,0.0,128.0,556.0
913568.0,0.0,-1.9773,15.743,-0.04343,0.0,0.0,0.174,0.0,0.0,128.0,556.0
913609.0,0.0,-1.5064,10.492,-0.04343,0.0,0.0,0.174,0.0,0.0,128.0,550.0
913649.0,0.0,-1.3023,5.888,-0.04343,0.0,0.0,0.174,0.0,0.0,128.0,550.0
913689.0,0.0,-1.2441,2.019,-0.04343,0.0,0.0,0.174,0.0,0.0,128.0,550.0
913730.0,0.0,-1.3346,-1.244,-0.04343,0.0,0.0,0.174,0.0,0.0,128.0,543.0
913770.0,0.0,-1.4956,-3.512,-0.04343,0.0,0.0,0.174,0.0,0.0,128.0,550.0
913810.0,0.0,-1.5217,-1.086,-0.04343,0.0,0.0,0.174,0.0,0.0,128.0,550.0
913850.0,0.0,-1.8853,-6.45,-0.04343,0.0,0.0,0.174,0.0,0.0,128.0,556.0
913891.0,0.0,-2.6737,-17.766,-0.04343,0.0,0.0,0.174,0.0,0.0,128.0,550.0
913931.0,0.0,2.9805,-15.674,-0.04343,0.0,0.0,0.174,0.0,0.0,128.0,557.0
913971.0,0.0,2.3976,-14.907,-0.04343,0.0,0.0,0.174,0.0,0.0,128.0,557.0
914012.0,0.0,2.1875,-7.239,-0.04343,0.0,0.0,0.174,0.0,0.0,128.0,557.0
914052.0,0.0,1.873,-7.293,-0.04343,0.0,0.0,0.174,0.0,0.0,128.0,557.0
914092.0,0.0,1.6291,-6.371,-0.04343,0.0,0.0,0.174,0.0,0.0,128.0,556.0
914133.0,0.0,1.6168,-1.691,-0.04343,0.0,0.0,0.174,0.0,0.0,128.0,557.0
914173.0,0.0,1.7104,1.657,-0.04343,0.0,0.0,0.174,0.0,0.0,128.0,571.0
914213.0,0.0,1.9512,5.032,-0.04343,0.0,0.0,0.174,0.0,0.0,128.0,555.0
914254.0,0.0,2.2565,7.016,-0.04343,0.0,0.0,0.174,0.0,0.0,128.0,549.0
914294.0,0.0,2.5832,7.637,-0.04343,0.0,0.0,0.174,0.0,0.0,128.0,550.0
914334.0,0.0,-3.0158,15.445,-0.04343,0.0,0.0,0.174,0.0,0.0,128.0,571.0
914374.0,0.0,-2.4989,13.595,-0.04343,0.0,0.0,0.174,0.0,0.0,128.0,551.0
914415.0,0.0,-2.0064,13.593,-0.04343,0.0,0.0,0.174,0.0,0.0,128.0,557.0
914455.0,0.0,-1.5509,15.978,-0.04343,0.0,0.0,0.174,0.0,0.0,128.0,550.0
914495.0,0.0,-1.5555,4.143,-0.04343,0.0,0.0,0.174,0.0,0.0,128.0,544.0
914536.0,0.0,-1.511,1.601,-0.04343,0.0,0.0,0.174,0.0,0.0,128.0,542.0
914576.0,0.0,-1.5232,0.04,-0.04343,0.0,0.0,0.174,0.0,0.0,128.0,543.0
914616.0,0.0,-1.6475,-2.211,-0.04343,0.0,0.0,0.174,0.0,0.0,128.0,556.0
914656.0,0.0,-1.7733,-3.875,-0.04343,0.0,0.0,0.174,0.0,0.0,128.0,557.0
914696.0,0.0,-2.6553,-16.482,-0.04343,0.0,0.0,0.174,0.0,0.0,128.0,557.0
914736.0,0.0,-3.071,-11.878,-0.04343,0.0,0.0,0.174,0.0,0.0,128.0,557.0
914777.0,0.0,2.7029,-12.005,-0.04343,0.0,0.0,0.174,0.0,0.0,128.0,557.0
914817.0,0.0,2.3393,-8.435,-0.04343,0.0,0.0,0.174,0.0,0.0,128.0,557.0
914857.0,0.0,2.008,-8.663,-0.04343,0.0,0.0,0.174,0.0,0.0,128.0,564.0
914897.0,0.0,1.919,-3.598,-0.04343,0.0,0.0,0.174,0.0,0.0,128.0,564.0
914938.0,0.0,1.853,-1.926,-0.04343,0.0,0.0,0.174,0.0,0.0,128.0,564.0
914978.0,0.0,1.9343,1.175,-0.04343,0.0,0.0,0.174,0.0,0.0,128.0,549.0
915018.0,0.0,2.1261,4.058,-0.04343,0.0,0.0,0.174,0.0,0.0,128.0,557.0
915059.0,0.0,2.4099,6.604,-0.04343,0.0,0.0,0.174,0.0,0.0,128.0,551.0
915099.0,0.0,2.6891,7.199,-0.04343,0.0,0.0,0.174,0.0,0.0,128.0,557.0
915139.0,0.0,-2.9299,14.791,-0.04343,0.0,0.0,0.174,0.0,0.0,128.0,557.0
915179.0,0.0,-2.4528,14.134,-0.04343,0.0,0.0,0.174,0.0,0.0,128.0,556.0
915219.0,0.0,-1.9926,11.918,-0.04343,0.0,0.0,0.174,0.0,0.0,128.0,557.0
915260.0,0.0,-1.7012,10.096,-0.04343,0.0,0.0,0.174,0.0,0.0,128.0,550.0
915300.0,0.0,-1.6552,2.994,-0.04343,0.0,0.0,0.174,0.0,0.0,128.0,550.0
915340.0,0.0,-1.6613,0.983,-0.04343,0.0,0.0,0.174,0.0,0.0,128.0,558.0
915380.0,0.0,-1.7779,-2.279,-0.04343,0.0,0.0,0.174,0.0,0.0,128.0,556.0
915420.0,0.0,-1.9635,-3.956,-0.04343,0.0,0.0,0.174,0.0,0.0,128.0,555.0
915460.0,0.0,-2.5004,-11.203,-0.04343,0.0,0.0,0.174,0.0,0.0,128.0,557.0
915501.0,0.0,-2.8747,-10.404,-0.04343,0.0,0.0,0.174,0.0,0.0,128.0,556.0
915541.0,0.0,2.9437,-10.607,-0.04343,0.0,0.0,0.174,0.0,0.0,128.0,571.0
915581.0,0.0,2.5219,-11.144,-0.04343,0.0,0.0,0.174,0.0,0.0,128.0,551.0
915622.0,0.0,2.2427,-8.077,-0.04343,0.0,0.0,0.174,0.0,0.0,128.0,551.0
915662.0,0.0,2.0847,-4.106,-0.04343,0.0,0.0,0.174,0.0,0.0,128.0,556.0
915702.0,0.0,2.0187,-2.018,-0.04343,0.0,0.0,0.174,0.0,0.0,128.0,556.0
915742.0,0.0,2.0617,0.342,-0.04343,0.0,0.0,0.174,0.0,0.0,128.0,571.0
915782.0,0.0,2.1997,2.834,-0.04343,0.0,0.0,0.174,0.0,0.0,128.0,557.0
915823.0,0.0,2.4559,5.685,-0.04343,0.0,0.0,0.174,0.0,0.0,128.0,551.0
915863.0,0.0,2.7013,5.109,-0.04343,0.0,0.0,0.174,0.0,0.0,128.0,556.0
915903.0,0.0,-3.0143,12.764,-0.04343,0.0,0.0,0.174,0.0,0.0,128.0,557.0
915943.0,0.0,-2.5295,11.461,-0.04343,0.0,0.0,0.174,0.0,0.0,128.0,551.0
915983.0,0.0,-2.4513,4.639,-0.04343,0.0,0.0,0.174,0.0,0.0,128.0,557.0
916024.0,0.0,-1.7902,14.666,-0.04343,0.0,0.0,0.174,0.0,0.0,128.0,556.0
916064.0,0.0,-1.8224,2.551,-0.04343,0.0,0.0,0.174,0.0,0.0,128.0,557.0
916104.0,0.0,-1.8254,1.124,-0.04343,0.0,0.0,0.174,0.0,0.0,128.0,556.0
916145.0,0.0,-1.9666,-2.392,-0.04343,0.0,0.0,0.174,0.0,0.0,128.0,556.0
916185.0,0.0,-2.0923,-3.125,-0.04343,0.0,0.0,0.174,0.0,0.0,128.0,557.0
916225.0,0.0,-2.6185,-10.589,-0.04343,0.0,0.0,0.174,0.0,0.0,128.0,549.0
916265.0,0.0,-2.9468,-9.28,-0.04343,0.0,0.0,0.174,0.0,0.0,128.0,557.0
916306.0,0.0,2.9284,-9.67,-0.04343,0.0,0.0,0.174,0.0,0.0,128.0,557.0
916346.0,0.0,2.5019,-10.727,-0.04343,0.0,0.0,0.174,0.0,0.0,128.0,557.0
916386.0,0.0,2.3301,-6.386,-0.04343,0.0,0.0,0.174,0.0,0.0,128.0,557.0
916427.0,0.0,2.1414,-5.808,-0.04343,0.0,0.0,0.174,0.0,0.0,128.0,556.0
916467.0,0.0,2.1583,-0.638,-0.04343,0.0,0.0,0.174,0.0,0.0,128.0,552.0
916507.0,0.0,2.2166,1.089,-0.04343,0.0,0.0,0.174,0.0,0.0,128.0,550.0
916548.0,0.0,2.3731,3.294,-0.04343,0.0,0.0,0.174,0.0,0.0,128.0,557.0
916588.0,0.0,2.6231,5.653,-0.04343,0.0,0.0,0.174,0.0,0.0,128.0,564.0
916628.0,0.0,2.89,5.759,-0.04343,0.0,0.0,0.174,0.0,0.0,128.0,556.0
916668.0,0.0,-2.8655,12.039,-0.04343,0.0,0.0,0.174,0.0,0.0,128.0,556.0
916709.0,0.0,-2.505,9.118,-0.04343,0.0,0.0,0.174,0.0,0.0,128.0,550.0
916749.0,0.0,-2.4943,2.017,-0.04343,0.0,0.0,0.174,0.0,0.0,128.0,551.0
916789.0,0.0,-1.8853,11.043,-0.04343,0.0,0.0,0.174,0.0,0.0,128.0,556.0
916829.0,0.0,-2.0341,-1.152,-0.04343,0.0,0.0,0.174,0.0,0.0,128.0,563.0
916870.0,0.0,-2.0064,-0.965,-0.04343,0.0,0.0,0.174,0.0,0.0,128.0,564.0
916910.0,0.0,-2.2105,-4.928,-0.04343,0.0,0.0,0.174,0.0,0.0,128.0,558.0
916950.0,0.0,-2.413,-4.816,-0.04343,0.0,0.0,0.174,0.0,0.0,128.0,556.0
916990.0,0.0,-2.8256,-9.364,-0.04343,0.0,0.0,0.174,0.0,0.0,128.0,556.0
917030.0,0.0,3.1339,-8.259,-0.04343,0.0,0.0,0.174,0.0,0.0,128.0,562.0
917071.0,0.0,2.7627,-9.235,-0.04343,0.0,0.0,0.174,0.0,0.0,128.0,549.0
917111.0,0.0,2.5571,-5.525,-0.04343,0.0,0.0,0.174,0.0,0.0,128.0,557.0
917151.0,0.0,2.3516,-4.079,-0.04343,0.0,0.0,0.174,0.0,0.0,128.0,558.0
917192.0,0.0,2.2872,-2.003,-0.04343,0.0,0.0,0.174,0.0,0.0,128.0,558.0
917232.0,0.0,2.2994,-0.249,-0.04343,0.0,0.0,0.174,0.0,0.0,128.0,556.0
917272.0,0.0,2.3961,1.877,-0.04343,0.0,0.0,0.174,0.0,0.0,128.0,557.0
917313.0,0.0,2.571,3.916,-0.04343,0.0,0.0,0.174,0.0,0.0,128.0,557.0
917353.0,0.0,2.7811,4.686,-0.04343,0.0,0.0,0.174,0.0,0.0,128.0,557.0
917393.0,0.0,-3.1109,9.332,-0.04343,0.0,0.0,0.174,0.0,0.0,128.0,564.0
917434.0,0.0,-2.7704,9.473,-0.04343,0.0,0.0,0.174,0.0,0.0,128.0,564.0
917474.0,0.0,-2.4666,7.257,-0.04343,0.0,0.0,0.174,0.0,0.0,128.0,564.0
917514.0,0.0,-2.0755,9.366,-0.04343,0.0,0.0,0.174,0.0,0.0,128.0,577.0
917554.0,0.0,-2.1997,-1.05,-0.04343,0.0,0.0,0.174,0.0,0.0,128.0,557.0
917595.0,0.0,-2.1123,0.912,-0.04343,0.0,0.0,0.174,0.0,0.0,128.0,557.0
917635.0,0.0,-2.3194,-3.899,-0.04343,0.0,0.0,0.174,0.0,0.0,128.0,571.0
917675.0,0.0,-2.4007,-2.77,-0.04343,0.0,0.0,0.174,0.0,0.0,128.0,557.0
917716.0,0.0,-2.7842,-8.042,-0.04343,0.0,0.0,0.174,0.0,0.0,128.0,557.0
917756.0,0.0,-3.0496,-7.045,-0.04343,0.0,0.0,0.174,0.0,0.0,128.0,557.0
917796.0,0.0,2.8609,-8.537,-0.04343,0.0,0.0,0.174,0.0,0.0,128.0,550.0
917836.0,0.0,2.6216,-6.921,-0.04343,0.0,0.0,0.174,0.0,0.0,128.0,556.0
917877.0,0.0,2.4053,-6.179,-0.04343,0.0,0.0,0.174,0.0,0.0,128.0,557.0
917917.0,0.0,2.3961,-1.815,-0.04343,0.0,0.0,0.174,0.0,0.0,128.0,571.0
917957.0,0.0,2.4053,0.105,-0.04343,0.0,0.0,0.174,0.0,0.0,128.0,557.0
917998.0,0.0,2.482,1.596,-0.04343,0.0,0.0,0.174,0.0,0.0,128.0,557.0
918038.0,0.0,2.6369,3.412,-0.04343,0.0,0.0,0.174,0.0,0.0,128.0,558.0
918078.0,0.0,2.7612,2.938,-0.04343,0.0,0.0,0.174,0.0,0.0,128.0,557.0
918118.0,0.0,-3.1048,8.679,-0.04343,0.0,0.0,0.174,0.0,0.0,128.0,556.0
918158.0,0.0,-2.8103,7.176,-0.04343,0.0,0.0,0.174,0.0,0.0,128.0,550.0
918199.0,0.0,-2.7443,3.169,-0.04343,0.0,0.0,0.174,0.0,0.0,128.0,556.0
918239.0,0.0,-2.2258,10.824,-0.04343,0.0,0.0,0.174,0.0,0.0,128.0,571.0
918279.0,0.0,-2.2519,2.448,-0.04343,0.0,0.0,0.174,0.0,0.0,128.0,557.0
918320.0,0.0,-2.3209,-1.377,-0.04343,0.0,0.0,0.174,0.0,0.0,128.0,557.0
918360.0,0.0,-2.4191,-1.867,-0.04343,0.0,0.0,0.174,0.0,0.0,128.0,557.0
918400.0,0.0,-2.6216,-4.313,-0.04343,0.0,0.0,0.174,0.0,0.0,128.0,552.0
918440.0,0.0,-2.867,-5.902,-0.04343,0.0,0.0,0.174,0.0,0.0,128.0,571.0
918480.0,0.0,-3.0664,-4.84,-0.04343,0.0,0.0,0.174,0.0,0.0,128.0,556.0
918521.0,0.0,2.8701,-8.191,-0.04343,0.0,0.0,0.174,0.0,0.0,128.0,556.0
918561.0,0.0,2.6139,-7.554,-0.04343,0.0,0.0,0.174,0.0,0.0,128.0,551.0
918601.0,0.0,2.5127,-3.52,-0.04343,0.0,0.0,0.174,0.0,0.0,128.0,571.0
918641.0,0.0,2.3531,-4.257,-0.04343,0.0,0.0,0.174,0.0,0.0,128.0,551.0
918681.0,0.0,2.4866,1.132,-0.04343,0.0,0.0,0.174,0.0,0.0,128.0,557.0
918722.0,0.0,2.5802,2.269,-0.04343,0.0,0.0,0.174,0.0,0.0,128.0,551.0
918762.0,0.0,2.732,3.434,-0.04343,0.0,0.0,0.174,0.0,0.0,128.0,557.0
918802.0,0.0,2.8057,2.131,-0.04343,0.0,0.0,0.174,0.0,0.0,128.0,557.0
918842.0,0.0,-3.0956,7.631,-0.04343,0.0,0.0,0.174,0.0,0.0,128.0,558.0
918883.0,0.0,-2.8363,6.515,-0.04343,0.0,0.0,0.174,0.0,0.0,128.0,557.0
918923.0,0.0,-2.7903,2.297,-0.04343,0.0,0.0,0.174,0.0,0.0,128.0,563.0
918963.0,0.0,-2.393,8.472,-0.04343,0.0,0.0,0.174,0.0,0.0,128.0,556.0
919003.0,0.0,-2.2273,6.537,-0.04343,0.0,0.0,0.174,0.0,0.0,128.0,550.0
919044.0,0.0,-2.4237,-2.721,-0.04343,0.0,0.0,0.174,0.0,0.0,128.0,556.0
919084.0,0.0,-2.5418,-2.67,-0.04343,0.0,0.0,0.174,0.0,0.0,128.0,557.0
919124.0,0.0,-2.6553,-2.631,-0.04343,0.0,0.0,0.174,0.0,0.0,128.0,557.0
919164.0,0.0,-2.8747,-4.913,-0.04343,0.0,0.0,0.174,0.0,0.0,128.0,550.0
919204.0,0.0,-3.1078,-5.529,-0.04343,0.0,0.0,0.174,0.0,0.0,128.0,556.0
919245.0,0.0,2.91,-6.457,-0.04343,0.0,0.0,0.174,0.0,0.0,128.0,557.0
919285.0,0.0,2.7121,-5.399,-0.04343,0.0,0.0,0.174,0.0,0.0,128.0,551.0
919325.0,0.0,2.5403,-4.814,-0.04343,0.0,0.0,0.174,0.0,0.0,128.0,557.0
919365.0,0.0,2.5326,-1.655,-0.04343,0.0,0.0,0.174,0.0,0.0,128.0,565.0
919406.0,0.0,2.5817,0.194,-0.04343,0.0,0.0,0.174,0.0,0.0,128.0,564.0
919446.0,0.0,2.6891,2.252,-0.04343,0.0,0.0,0.174,0.0,0.0,128.0,556.0
919486.0,0.0,2.8302,3.316,-0.04343,0.0,0.0,0.174,0.0,0.0,128.0,557.0
919527.0,0.0,2.9284,2.766,-0.04343,0.0,0.0,0.174,0.0,0.0,128.0,557.0
919567.0,0.0,-3.1186,5.115,-0.04343,0.0,0.0,0.174,0.0,0.0,128.0,557.0
919607.0,0.0,-2.7888,7.767,-0.04343,0.0,0.0,0.174,0.0,0.0,128.0,557.0
919647.0,0.0,-2.7029,3.14,-0.04343,0.0,0.0,0.174,0.0,0.0,128.0,565.0
919688.0,0.0,-2.482,5.226,-0.04343,0.0,0.0,0.174,0.0,0.0,128.0,557.0
919728.0,0.0,-2.4206,2.491,-0.04343,0.0,0.0,0.174,0.0,0.0,128.0,556.0
919768.0,0.0,-2.6139,-2.894,-0.04343,0.0,0.0,0.174,0.0,0.0,128.0,556.0
919809.0,0.0,-2.7029,-2.576,-0.04343,0.0,0.0,0.174,0.0,0.0,128.0,556.0
919849.0,0.0,-2.8425,-3.257,-0.04343,0.0,0.0,0.174,0.0,0.0,128.0,552.0
919889.0,0.0,-2.9483,-2.551,-0.04343,0.0,0.0,0.174,0.0,0.0,128.0,571.0
919929.0,0.0,3.0542,-6.267,-0.04343,0.0,0.0,0.174,0.0,0.0,128.0,557.0
919970.0,0.0,2.8563,-5.178,-0.04343,0.0,0.0,0.174,0.0,0.0,128.0,557.0
920010.0,0.0,2.8195,-1.898,-0.04343,0.0,0.0,0.174,0.0,0.0,128.0,557.0
920050.0,0.0,2.5832,-4.809,-0.04343,0.0,0.0,0.174,0.0,0.0,128.0,557.0
920090.0,0.0,2.6047,-0.979,-0.04343,0.0,0.0,0.174,0.0,0.0,128.0,551.0
920131.0,0.0,2.7151,1.745,-0.04343,0.0,0.0,0.174,0.0,0.0,128.0,551.0
920171.0,0.0,2.8179,2.48,-0.04343,0.0,0.0,0.174,0.0,0.0,128.0,558.0
920211.0,0.0,2.936,2.879,-0.04343,0.0,0.0,0.174,0.0,0.0,128.0,557.0
920251.0,0.0,2.9836,1.428,-0.04343,0.0,0.0,0.174,0.0,0.0,128.0,556.0
920291.0,0.0,-3.0127,5.809,-0.04343,0.0,0.0,0.174,0.0,0.0,128.0,549.0
920332.0,0.0,-2.755,6.712,-0.04343,0.0,0.0,0.174,0.0,0.0,128.0,550.0
920372.0,0.0,-2.7105,1.809,-0.04343,0.0,0.0,0.174,0.0,0.0,128.0,556.0
920412.0,0.0,-2.5403,4.065,-0.04343,0.0,0.0,0.174,0.0,0.0,128.0,556.0
920452.0,0.0,-2.5081,1.445,-0.04343,0.0,0.0,0.174,0.0,0.0,128.0,571.0
920492.0,0.0,-2.7197,-3.888,-0.04343,0.0,0.0,0.174,0.0,0.0,128.0,550.0
920533.0,0.0,-2.8317,-3.007,-0.04343,0.0,0.0,0.174,0.0,0.0,128.0,556.0
920573.0,0.0,-2.9621,-3.248,-0.04343,0.0,0.0,0.174,0.0,0.0,128.0,557.0
920613.0,0.0,-3.0588,-2.294,-0.04343,0.0,0.0,0.174,0.0,0.0,128.0,549.0
920653.0,0.0,2.9851,-5.34,-0.04343,0.0,0.0,0.174,0.0,0.0,128.0,557.0
920694.0,0.0,2.8072,-4.689,-0.04343,0.0,0.0,0.174,0.0,0.0,128.0,556.0
920734.0,0.0,2.7995,-0.779,-0.04343,0.0,0.0,0.174,0.0,0.0,128.0,571.0
920774.0,0.0,2.6691,-2.735,-0.04343,0.0,0.0,0.174,0.0,0.0,128.0,551.0
920815.0,0.0,2.7121,0.587,-0.04343,0.0,0.0,0.174,0.0,0.0,128.0,550.0
920855.0,0.0,2.8271,2.323,-0.04343,0.0,0.0,0.174,0.0,0.0,128.0,557.0
920895.0,0.0,2.9483,2.833,-0.04343,0.0,0.0,0.174,0.0,0.0,128.0,556.0
920935.0,0.0,3.0419,2.543,-0.04343,0.0,0.0,0.174,0.0,0.0,128.0,556.0
920976.0,0.0,3.1293,1.798,-0.04343,0.0,0.0,0.174,0.0,0.0,128.0,557.0
921016.0,0.0,-2.9146,5.409,-0.04343,0.0,0.0,0.174,0.0,0.0,128.0,557.0
921056.0,0.0,-2.6967,5.68,-0.04343,0.0,0.0,0.174,0.0,0.0,128.0,556.0
921096.0,0.0,-2.6829,1.136,-0.04343,0.0,0.0,0.174,0.0,0.0,128.0,556.0
921137.0,0.0,-2.6507,1.007,-0.04343,0.0,0.0,0.174,0.0,0.0,128.0,557.0
921177.0,0.0,-2.6891,-1.202,-0.04343,0.0,0.0,0.174,0.0,0.0,128.0,571.0
921217.0,0.0,-2.8517,-3.333,-0.04343,0.0,0.0,0.174,0.0,0.0,128.0,556.0
921258.0,0.0,-2.9637,-3.002,-0.04343,0.0,0.0,0.174,0.0,0.0,128.0,557.0
921298.0,0.0,-3.0388,-2.157,-0.04343,0.0,0.0,0.174,0.0,0.0,128.0,557.0
921338.0,0.0,3.0971,-3.389,-0.04343,0.0,0.0,0.174,0.0,0.0,128.0,571.0
921378.0,0.0,2.9713,-3.491,-0.04343,0.0,0.0,0.174,0.0,0.0,128.0,557.0
921419.0,0.0,2.8333,-3.424,-0.04343,0.0,0.0,0.174,0.0,0.0,128.0,556.0
921459.0,0.0,2.7351,-2.744,-0.04343,0.0,0.0,0.174,0.0,0.0,128.0,557.0
921499.0,0.0,2.752,-0.724,-0.04343,0.0,0.0,0.174,0.0,0.0,128.0,557.0
921539.0,0.0,2.8655,2.381,-0.04343,0.0,0.0,0.174,0.0,0.0,128.0,556.0
921579.0,0.0,2.956,2.396,-0.04343,0.0,0.0,0.174,0.0,0.0,128.0,556.0
921620.0,0.0,3.0311,2.027,-0.04343,0.0,0.0,0.174,0.0,0.0,128.0,557.0
921660.0,0.0,3.045,0.537,-0.04343,0.0,0.0,0.174,0.0,0.0,128.0,557.0
921700.0,0.0,-3.0219,4.353,-0.04343,0.0,0.0,0.174,0.0,0.0,128.0,557.0
921740.0,0.0,-2.8287,4.877,-0.04343,0.0,0.0,0.174,0.0,0.0,128.0,556.0
921781.0,0.0,-2.7642,2.102,-0.04343,0.0,0.0,0.174,0.0,0.0,128.0,556.0
921821.0,0.0,-2.7458,0.934,-0.04343,0.0,0.0,0.174,0.0,0.0,128.0,556.0
921861.0,0.0,-2.6845,1.357,-0.04343,0.0,0.0,0.174,0.0,0.0,128.0,557.0
921901.0,0.0,-2.8946,-3.797,-0.04343,0.0,0.0,0.174,0.0,0.0,128.0,557.0
921941.0,0.0,-2.9836,-2.715,-0.04343,0.0,0.0,0.174,0.0,0.0,128.0,556.0
921981.0,0.0,-3.045,-1.826,-0.04343,0.0,0.0,0.174,0.0,0.0,128.0,557.0
922022.0,0.0,-3.114,-1.504,-0.04343,0.0,0.0,0.174,0.0,0.0,128.0,556.0
922062.0,0.0,2.9989,-3.886,-0.04343,0.0,0.0,0.174,0.0,0.0,128.0,557.0
922102.0,0.0,2.8931,-3.191,-0.04343,0.0,0.0,0.174,0.0,0.0,128.0,557.0
922142.0,0.0,2.9176,0.092,-0.04343,0.0,0.0,0.174,0.0,0.0,128.0,556.0
922182.0,0.0,2.7382,-3.472,-0.04343,0.0,0.0,0.174,0.0,0.0,128.0,562.0
922223.0,0.0,2.8762,2.105,-0.04343,0.0,0.0,0.174,0.0,0.0,128.0,557.0
922263.0,0.0,2.9851,2.587,-0.04343,0.0,0.0,0.174,0.0,0.0,128.0,557.0
922303.0,0.0,3.0572,1.899,-0.04343,0.0,0.0,0.174,0.0,0.0,128.0,557.0
922344.0,0.0,3.0557,0.41,-0.04343,0.0,0.0,0.174,0.0,0.0,128.0,550.0
922384.0,0.0,-3.0818,3.0,-0.04343,0.0,0.0,0.174,0.0,0.0,128.0,557.0
922424.0,0.0,-2.9652,2.912,-0.04343,0.0,0.0,0.174,0.0,0.0,128.0,556.0
922464.0,0.0,-2.8777,2.293,-0.04343,0.0,0.0,0.174,0.0,0.0,128.0,556.0
922505.0,0.0,-2.7044,4.037,-0.04343,0.0,0.0,0.174,0.0,0.0,128.0,556.0
922545.0,0.0,-2.7949,-1.001,-0.04343,0.0,0.0,0.174,0.0,0.0,128.0,557.0
922585.0,0.0,-2.8762,-1.586,-0.04343,0.0,0.0,0.174,0.0,0.0,128.0,564.0
922626.0,0.0,-3.0235,-3.348,-0.04343,0.0,0.0,0.174,0.0,0.0,128.0,557.0
922666.0,0.0,-3.1002,-2.28,-0.04343,0.0,0.0,0.174,0.0,0.0,128.0,564.0
922706.0,0.0,-3.1078,-0.616,-0.04343,0.0,0.0,0.174,0.0,0.0,128.0,550.0
922746.0,0.0,3.0496,-2.557,-0.04343,0.0,0.0,0.174,0.0,0.0,128.0,556.0
922786.0,0.0,2.9821,-2.223,-0.04343,0.0,0.0,0.174,0.0,0.0,128.0,551.0
922826.0,0.0,2.9054,-2.086,-0.04343,0.0,0.0,0.174,0.0,0.0,128.0,557.0
922867.0,0.0,2.8609,-1.144,-0.04343,0.0,0.0,0.174,0.0,0.0,128.0,557.0
922907.0,0.0,2.8762,-0.383,-0.04343,0.0,0.0,0.174,0.0,0.0,128.0,557.0
922947.0,0.0,3.0403,3.482,-0.04343,0.0,0.0,0.174,0.0,0.0,128.0,557.0
922988.0,0.0,3.1278,2.602,-0.04343,0.0,0.0,0.174,0.0,0.0,128.0,556.0
923028.0,0.0,3.1217,0.469,-0.04343,0.0,0.0,0.174,0.0,0.0,128.0,557.0
923068.0,0.0,-3.094,1.362,-0.04343,0.0,0.0,0.174,0.0,0.0,128.0,551.0
923108.0,0.0,-2.9498,3.542,-0.04343,0.0,0.0,0.174,0.0,0.0,128.0,558.0
923149.0,0.0,-2.8762,2.243,-0.04343,0.0,0.0,0.174,0.0,0.0,128.0,557.0
923189.0,0.0,-2.9729,-1.124,-0.04343,0.0,0.0,0.174,0.0,0.0,128.0,558.0
923229.0,0.0,-2.7504,3.994,-0.04343,0.0,0.0,0.174,0.0,0.0,128.0,550.0
923269.0,0.0,-2.8731,-1.346,-0.04343,0.0,0.0,0.174,0.0,0.0,128.0,576.0
923309.0,0.0,-3.0634,-4.067,-0.04343,0.0,0.0,0.174,0.0,0.0,128.0,556.0
923349.0,0.0,-3.1401,-2.415,-0.04343,0.0,0.0,0.174,0.0,0.0,128.0,557.0
923390.0,0.0,-3.137,-0.404,-0.04343,0.0,0.0,0.174,0.0,0.0,128.0,556.0
923430.0,0.0,3.0986,-0.952,-0.04343,0.0,0.0,0.174,0.0,0.0,128.0,557.0
923470.0,0.0,3.0173,-1.917,-0.04343,0.0,0.0,0.174,0.0,0.0,128.0,557.0
923511.0,0.0,2.9836,-0.824,-0.04343,0.0,0.0,0.174,0.0,0.0,128.0,557.0
923551.0,0.0,2.9698,-0.396,-0.04343,0.0,0.0,0.174,0.0,0.0,128.0,557.0
923591.0,0.0,2.91,-1.197,-0.04343,0.0,0.0,0.174,0.0,0.0,128.0,558.0
923632.0,0.0,3.0296,2.078,-0.04343,0.0,0.0,0.174,0.0,0.0,128.0,564.0
923672.0,0.0,-3.117,3.128,-0.04343,0.0,0.0,0.174,0.0,0.0,128.0,550.0
923712.0,0.0,-3.1109,0.87,-0.04343,0.0,0.0,0.174,0.0,0.0,128.0,549.0
923752.0,0.0,-3.1293,-0.727,-0.04343,0.0,0.0,0.174,0.0,0.0,128.0,563.0
923793.0,0.0,-2.9729,3.18,-0.04343,0.0,0.0,0.174,0.0,0.0,128.0,557.0
923833.0,0.0,-2.9897,0.037,-0.04343,0.0,0.0,0.174,0.0,0.0,128.0,557.0
923873.0,0.0,-2.9115,1.538,-0.04343,0.0,0.0,0.174,0.0,0.0,128.0,557.0
923913.0,0.0,-2.8854,0.765,-0.04343,0.0,0.0,0.174,0.0,0.0,128.0,564.0
923954.0,0.0,-2.9637,-0.99,-0.04343,0.0,0.0,0.174,0.0,0.0,128.0,564.0
923994.0,0.0,-3.0956,-3.216,-0.04343,0.0,0.0,0.174,0.0,0.0,128.0,550.0
924034.0,0.0,3.1278,-2.139,-0.04343,0.0,0.0,0.174,0.0,0.0,128.0,552.0
924074.0,0.0,-3.1401,-0.102,-0.04343,0.0,0.0,0.174,0.0,0.0,128.0,563.0
924115.0,0.0,3.1078,-0.538,-0.04343,0.0,0.0,0.174,0.0,0.0,128.0,549.0
924155.0,0.0,3.0618,-1.183,-0.04343,0.0,0.0,0.174,0.0,0.0,128.0,557.0
924195.0,0.0,3.0219,-0.995,-0.04343,0.0,0.0,0.174,0.0,0.0,128.0,557.0
924235.0,0.0,3.0066,-0.456,-0.04343,0.0,0.0,0.174,0.0,0.0,128.0,551.0
924275.0,0.0,3.0127,0.161,-0.04343,0.0,0.0,0.174,0.0,0.0,128.0,557.0
924316.0,0.0,3.0419,0.583,-0.04343,0.0,0.0,0.174,0.0,0.0,128.0,557.0
924356.0,0.0,-3.1063,2.89,-0.04343,0.0,0.0,0.174,0.0,0.0,128.0,557.0
924396.0,0.0,-3.1247,0.29,-0.04343,0.0,0.0,0.174,0.0,0.0,128.0,557.0
924436.0,0.0,-3.0879,0.685,-0.04343,0.0,0.0,0.174,0.0,0.0,128.0,551.0
924476.0,0.0,-3.0511,1.178,-0.04343,0.0,0.0,0.174,0.0,0.0,128.0,557.0
924517.0,0.0,-2.9897,1.339,-0.04343,0.0,0.0,0.174,0.0,0.0,128.0,551.0
924557.0,0.0,-2.9943,0.363,-0.04343,0.0,0.0,0.174,0.0,0.0,128.0,557.0
924597.0,0.0,-2.9544,0.798,-0.04343,0.0,0.0,0.174,0.0,0.0,128.0,557.0
924637.0,0.0,-3.0204,-1.015,-0.04343,0.0,0.0,0.174,0.0,0.0,128.0,551.0
924678.0,0.0,-3.0986,-1.688,-0.04343,0.0,0.0,0.174,0.0,0.0,128.0,552.0
924718.0,0.0,3.1201,-1.663,-0.04343,0.0,0.0,0.174,0.0,0.0,128.0,557.0
924758.0,0.0,-3.137,0.235,-0.04343,0.0,0.0,0.174,0.0,0.0,128.0,563.0
924799.0,0.0,3.091,-0.999,-0.04343,0.0,0.0,0.174,0.0,0.0,128.0,556.0
924839.0,0.0,3.0879,-0.354,-0.04343,0.0,0.0,0.174,0.0,0.0,128.0,557.0
924879.0,0.0,3.0603,-0.553,-0.04343,0.0,0.0,0.174,0.0,0.0,128.0,557.0
924920.0,0.0,3.0434,-0.446,-0.04343,0.0,0.0,0.174,0.0,0.0,128.0,557.0
924960.0,0.0,3.0342,-0.265,-0.04343,0.0,0.0,0.174,0.0,0.0,128.0,557.0
925000.0,0.0,3.0726,0.678,-0.04343,0.0,0.0,0.174,0.0,0.0,128.0,557.0
925040.0,0.0,-3.1032,2.283,-0.04343,0.0,0.0,0.174,0.0,0.0,128.0,556.0
925080.0,0.0,-3.0526,1.586,-0.04343,0.0,0.0,0.174,0.0,0.0,128.0,557.0
925121.0,0.0,-3.0756,-0.085,-0.04343,0.0,0.0,0.174,0.0,0.0,128.0,557.0
925161.0,0.0,-3.0664,0.34,-0.04343,0.0,0.0,0.174,0.0,0.0,128.0,557.0
925201.0,0.0,-3.0434,0.475,-0.04343,0.0,0.0,0.174,0.0,0.0,128.0,558.0
925242.0,0.0,-3.0526,0.021,-0.04343,0.0,0.0,0.174,0.0,0.0,128.0,550.0
925282.0,0.0,-3.0588,-0.07,-0.04343,0.0,0.0,0.174,0.0,0.0,128.0,557.0
925322.0,0.0,-3.1063,-0.964,-0.04343,0.0,0.0,0.174,0.0,0.0,128.0,557.0
925362.0,0.0,3.1078,-1.57,-0.04343,0.0,0.0,0.174,0.0,0.0,128.0,557.0
925402.0,0.0,3.0864,-0.828,-0.04343,0.0,0.0,0.174,0.0,0.0,128.0,557.0
925443.0,0.0,3.1232,0.686,-0.04343,0.0,0.0,0.174,0.0,0.0,128.0,556.0
925483.0,0.0,3.1385,0.462,-0.04343,0.0,0.0,0.174,0.0,0.0,128.0,557.0
925523.0,0.0,-3.1124,0.749,-0.04343,0.0,0.0,0.174,0.0,0.0,128.0,559.0
925563.0,0.0,-3.091,0.564,-0.04343,0.0,0.0,0.174,0.0,0.0,128.0,564.0
925604.0,0.0,-3.0818,0.308,-0.04343,0.0,0.0,0.174,0.0,0.0,128.0,564.0
925644.0,0.0,-3.091,-0.1,-0.04343,0.0,0.0,0.174,0.0,0.0,128.0,563.0
925684.0,0.0,-3.1201,-0.609,-0.04343,0.0,0.0,0.174,0.0,0.0,128.0,556.0
925724.0,0.0,3.1309,-0.775,-0.04343,0.0,0.0,0.174,0.0,0.0,128.0,550.0
925764.0,0.0,3.114,-0.515,-0.04343,0.0,0.0,0.174,0.0,0.0,128.0,557.0
925805.0,0.0,3.1201,0.017,-0.04343,0.0,0.0,0.174,0.0,0.0,128.0,550.0
925845.0,0.0,-3.1385,0.488,-0.04343,0.0,0.0,0.174,0.0,0.0,128.0,557.0
925885.0,0.0,-3.1124,0.639,-0.04343,0.0,0.0,0.174,0.0,0.0,128.0,557.0
925925.0,0.0,-3.0971,0.44,-0.04343,0.0,0.0,0.174,0.0,0.0,128.0,549.0
925965.0,0.0,-3.1017,0.015,-0.04343,0.0,0.0,0.174,0.0,0.0,128.0,556.0
926006.0,0.0,-3.1201,-0.379,-0.04343,0.0,0.0,0.174,0.0,0.0,128.0,551.0
926046.0,0.0,3.1385,-0.565,-0.04343,0.0,0.0,0.174,0.0,0.0,128.0,551.0
926086.0,0.0,3.1263,-0.399,-0.04343,0.0,0.0,0.174,0.0,0.0,128.0,571.0
926126.0,0.0,3.1278,-0.036,-0.04343,0.0,0.0,0.174,0.0,0.0,128.0,557.0
926167.0,0.0,-3.1385,0.332,-0.04343,0.0,0.0,0.174,0.0,0.0,128.0,557.0
926207.0,0.0,-3.1201,0.449,-0.04343,0.0,0.0,0.174,0.0,0.0,128.0,557.0
926247.0,0.0,-3.1094,0.298,-0.04343,0.0,0.0,0.174,0.0,0.0,128.0,557.0
926288.0,0.0,-3.1124,-0.018,-0.04343,0.0,0.0,0.174,0.0,0.0,128.0,557.0
926328.0,0.0,-3.1278,-0.294,-0.04343,0.0,0.0,0.174,0.0,0.0,128.0,557.0
926368.0,0.0,3.1401,-0.372,-0.04343,0.0,0.0,0.174,0.0,0.0,128.0,549.0
926408.0,0.0,3.1339,-0.217,-0.04343,0.0,0.0,0.174,0.0,0.0,128.0,557.0
926449.0,0.0,3.1385,0.051,-0.04343,0.0,0.0,0.174,0.0,0.0,128.0,557.0
926489.0,0.0,-3.1324,0.264,-0.04343,0.0,0.0,0.174,0.0,0.0,128.0,557.0
926529.0,0.0,-3.1217,0.262,-0.04343,0.0,0.0,0.174,0.0,0.0,128.0,564.0
926570.0,0.0,-3.1186,0.117,-0.04343,0.0,0.0,0.174,0.0,0.0,128.0,557.0
926610.0,0.0,-3.1263,-0.109,-0.04343,0.0,0.0,0.174,0.0,0.0,128.0,558.0
926650.0,0.0,-3.137,-0.24,-0.04343,0.0,0.0,0.174,0.0,0.0,128.0,556.0
926690.0,0.0,3.1401,-0.196,-0.04343,0.0,0.0,0.174,0.0,0.0,128.0,557.0
926730.0,0.0,-3.1416,-0.018,-0.04343,0.0,0.0,0.174,0.0,0.0,128.0,563.0
926771.0,0.0,-3.1355,0.129,-0.04343,0.0,0.0,0.174,0.0,0.0,128.0,557.0
926811.0,0.0,-3.1278,0.181,-0.04343,0.0,0.0,0.174,0.0,0.0,128.0,557.0
926851.0,0.0,-3.1247,0.101,-0.04343,0.0,0.0,0.174,0.0,0.0,128.0,549.0
926891.0,0.0,-3.1293,-0.052,-0.04343,0.0,0.0,0.174,0.0,0.0,128.0,557.0
926932.0,0.0,-3.1355,-0.143,-0.04343,0.0,0.0,0.174,0.0,0.0,128.0,557.0
926972.0,0.0,-3.1385,-0.104,-0.04343,0.0,0.0,0.174,0.0,0.0,128.0,551.0
927012.0,0.0,-3.1385,-0.004,-0.04343,0.0,0.0,0.174,0.0,0.0,128.0,564.0
927053.0,0.0,-3.1339,0.082,-0.04343,0.0,0.0,0.174,0.0,0.0,128.0,564.0
927093.0,0.0,-3.1293,0.114,-0.04343,0.0,0.0,0.174,0.0,0.0,128.0,563.0
927133.0,0.0,-3.1293,0.031,-0.04343,0.0,0.0,0.174,0.0,0.0,128.0,556.0
927173.0,0.0,-3.1324,-0.059,-0.04343,0.0,0.0,0.174,0.0,0.0,128.0,556.0
927214.0,0.0,-3.1355,-0.093,-0.04343,0.0,0.0,0.174,0.0,0.0,128.0,557.0
927254.0,0.0,-3.137,-0.042,-0.04343,0.0,0.0,0.174,0.0,0.0,128.0,557.0
927294.0,0.0,-3.1355,0.016,-0.04343,0.0,0.0,0.174,0.0,0.0,128.0,557.0
927335.0,0.0,-3.1324,0.077,-0.04343,0.0,0.0,0.174,0.0,0.0,128.0,550.0
927375.0,0.0,-3.1309,0.052,-0.04343,0.0,0.0,0.174,0.0,0.0,128.0,557.0
927415.0,0.0,-3.1309,0.004,-0.04343,0.0,0.0,0.174,0.0,0.0,128.0,550.0
927455.0,0.0,-3.1339,-0.056,-0.04343,0.0,0.0,0.174,0.0,0.0,128.0,550.0
927495.0,0.0,-3.1355,-0.05,-0.04343,0.0,0.0,0.174,0.0,0.0,128.0,557.0
927536.0,0.0,-3.1355,0.002,-0.04343,0.0,0.0,0.174,0.0,0.0,128.0,550.0
927576.0,0.0,-3.1339,0.037,-0.04343,0.0,0.0,0.174,0.0,0.0,128.0,550.0
927616.0,0.0,-3.1324,0.036,-0.04343,0.0,0.0,0.174,0.0,0.0,128.0,557.0
927656.0,0.0,-3.1324,0.015,-0.04343,0.0,0.0,0.174,0.0,0.0,128.0,557.0
927696.0,0.0,-3.1339,-0.029,-0.04343,0.0,0.0,0.174,0.0,0.0,128.0,571.0
927736.0,0.0,-3.1339,-0.031,-0.04343,0.0,0.0,0.174,0.0,0.0,128.0,557.0
927777.0,0.0,-3.1355,-0.018,-0.04343,0.0,0.0,0.174,0.0,0.0,128.0,550.0
927817.0,0.0,-3.1339,0.03,-0.04343,0.0,0.0,0.174,0.0,0.0,128.0,556.0
927857.0,0.0,-3.1339,0.032,-0.04343,0.0,0.0,0.174,0.0,0.0,128.0,557.0
927898.0,0.0,-3.1324,0.012,-0.04343,0.0,0.0,0.174,0.0,0.0,128.0,550.0
927938.0,0.0,-3.1339,-0.021,-0.04343,0.0,0.0,0.174,0.0,0.0,128.0,557.0
927978.0,0.0,-3.1339,-0.022,-0.04343,0.0,0.0,0.174,0.0,0.0,128.0,557.0
928018.0,0.0,-3.1355,-0.009,-0.04343,0.0,0.0,0.174,0.0,0.0,128.0,559.0
928059.0,0.0,-3.1339,0.013,-0.04343,0.0,0.0,0.174,0.0,0.0,128.0,558.0
928099.0,0.0,-3.1339,0.016,-0.04343,0.0,0.0,0.174,0.0,0.0,128.0,564.0
928139.0,0.0,-3.1339,0.002,-0.04343,0.0,0.0,0.174,0.0,0.0,128.0,558.0
928179.0,0.0,-3.1324,-0.016,-0.04343,0.0,0.0,0.174,0.0,0.0,128.0,556.0
928273.0,0.0,-3.1339,0.001,-0.04343,0.0,0.0,0.174,0.0,0.0,128.0,655.0
928314.0,0.0,-3.1339,0.003,-0.04343,0.0,0.0,0.174,0.0,0.0,128.0,551.0
928354.0,0.0,-3.1339,0.013,-0.04343,0.0,0.0,0.174,0.0,0.0,128.0,557.0
928394.0,0.0,-3.1339,-0.011,-0.04343,0.0,0.0,0.174,0.0,0.0,128.0,557.0
928434.0,0.0,-3.1339,-0.012,-0.04343,0.0,0.0,0.174,0.0,0.0,128.0,543.0
928474.0,0.0,-3.1339,-0.006,-0.04343,0.0,0.0,0.174,0.0,0.0,128.0,550.0
928515.0,0.0,-3.1339,0.002,-0.04343,0.0,0.0,0.174,0.0,0.0,128.0,550.0
928555.0,0.0,-3.1339,0.009,-0.04343,0.0,0.0,0.174,0.0,0.0,128.0,557.0
928595.0,0.0,-3.1339,0.008,-0.04343,0.0,0.0,0.174,0.0,0.0,128.0,557.0
928635.0,0.0,-3.1339,-0.004,-0.04343,0.0,0.0,0.174,0.0,0.0,128.0,557.0
928675.0,0.0,-3.1339,-0.008,-0.04343,0.0,0.0,0.174,0.0,0.0,128.0,544.0
928716.0,0.0,-3.1339,-0.002,-0.04343,0.0,0.0,0.174,0.0,0.0,128.0,549.0
928756.0,0.0,-3.1339,0.001,-0.04343,0.0,0.0,0.174,0.0,0.0,128.0,544.0
928796.0,0.0,-3.1339,0.014,-0.04343,0.0,0.0,0.174,0.0,0.0,128.0,559.0
928836.0,0.0,-3.1324,0.008,-0.04343,0.0,0.0,0.174,0.0,0.0,128.0,564.0
928877.0,0.0,-3.1339,-0.004,-0.04343,0.0,0.0,0.174,0.0,0.0,128.0,558.0
928917.0,0.0,-3.1339,-0.005,-0.04343,0.0,0.0,0.174,0.0,0.0,128.0,557.0
928957.0,0.0,-3.1339,-0.0,-0.04343,0.0,0.0,0.174,0.0,0.0,128.0,549.0
928997.0,0.0,-3.1339,0.001,-0.04343,0.0,0.0,0.174,0.0,0.0,128.0,550.0
929038.0,0.0,-3.1339,0.004,-0.04343,0.0,0.0,0.174,0.0,0.0,128.0,549.0
929078.0,0.0,-3.1339,0.001,-0.04343,0.0,0.0,0.174,0.0,0.0,128.0,557.0
929118.0,0.0,-3.1339,-0.006,-0.04343,0.0,0.0,0.174,0.0,0.0,128.0,551.0
929158.0,0.0,-3.1355,-0.009,-0.04343,0.0,0.0,0.174,0.0,0.0,128.0,571.0
929198.0,0.0,-3.1339,-0.004,-0.04343,0.0,0.0,0.174,0.0,0.0,128.0,550.0
929239.0,0.0,-3.1339,-0.001,-0.04343,0.0,0.0,0.174,0.0,0.0,128.0,550.0
929279.0,0.0,-3.1339,0.002,-0.04343,0.0,0.0,0.174,0.0,0.0,128.0,557.0
929319.0,0.0,-3.1339,0.001,-0.04343,0.0,0.0,0.174,0.0,0.0,128.0,557.0
929359.0,0.0,-3.1339,-0.003,-0.04343,0.0,0.0,0.174,0.0,0.0,128.0,544.0
929399.0,0.0,-3.1355,-0.009,-0.04343,0.0,0.0,0.174,0.0,0.0,128.0,557.0
929440.0,0.0,-3.1339,0.002,-0.04343,0.0,0.0,0.174,0.0,0.0,128.0,549.0
929480.0,0.0,-3.1339,-0.002,-0.04343,0.0,0.0,0.174,0.0,0.0,128.0,550.0
929520.0,0.0,-3.1339,0.001,-0.04343,0.0,0.0,0.174,0.0,0.0,128.0,537.0
929560.0,0.0,-3.1339,-0.003,-0.04343,0.0,0.0,0.174,0.0,0.0,128.0,550.0
929601.0,0.0,-3.1339,-0.001,-0.04343,0.0,0.0,0.174,0.0,0.0,128.0,550.0
929641.0,0.0,-3.1339,-0.002,-0.04343,0.0,0.0,0.174,0.0,0.0,128.0,550.0
929681.0,0.0,-3.1339,0.002,-0.04343,0.0,0.0,0.174,0.0,0.0,128.0,557.0
929722.0,0.0,-3.1339,-0.001,-0.04343,0.0,0.0,0.174,0.0,0.0,128.0,550.0
929762.0,0.0,-3.1339,-0.002,-0.04343,0.0,0.0,0.174,0.0,0.0,128.0,550.0
929802.0,0.0,-3.1339,-0.002,-0.04343,0.0,0.0,0.174,0.0,0.0,128.0,549.0
929842.0,0.0,-3.1339,-0.0,-0.04343,0.0,0.0,0.174,0.0,0.0,128.0,549.0
929883.0,0.0,-3.1339,-0.001,-0.04343,0.0,0.0,0.174,0.0,0.0,128.0,550.0
929923.0,0.0,-3.1339,-0.002,-0.04343,0.0,0.0,0.174,0.0,0.0,128.0,549.0
929963.0,0.0,-3.1339,-0.003,-0.04343,0.0,0.0,0.174,0.0,0.0,128.0,550.0
930003.0,0.0,-3.1339,0.004,-0.04343,0.0,0.0,0.174,0.0,0.0,128.0,549.0
930043.0,0.0,-3.1339,0.002,-0.04343,0.0,0.0,0.174,0.0,0.0,128.0,549.0
930084.0,0.0,-3.1339,-0.001,-0.04343,0.0,0.0,0.174,0.0,0.0,128.0,550.0
930124.0,0.0,-3.1339,0.003,-0.04343,0.0,0.0,0.174,0.0,0.0,128.0,544.0
930164.0,0.0,-3.1339,-0.003,-0.04343,0.0,0.0,0.174,0.0,0.0,128.0,550.0
930204.0,0.0,-3.1339,-0.002,-0.04343,0.0,0.0,0.174,0.0,0.0,128.0,550.0
930244.0,0.0,-3.1339,-0.002,-0.04343,0.0,0.0,0.174,0.0,0.0,128.0,542.0
930284.0,0.0,-3.1339,-0.002,-0.04343,0.0,0.0,0.174,0.0,0.0,128.0,550.0
930325.0,0.0,-3.1339,-0.002,-0.04343,0.0,0.0,0.174,0.0,0.0,128.0,550.0
930365.0,0.0,-3.1339,0.001,-0.04343,0.0,0.0,0.174,0.0,0.0,128.0,556.0
930405.0,0.0,-3.1339,0.001,-0.04343,0.0,0.0,0.174,0.0,0.0,128.0,549.0
930445.0,0.0,-3.1339,-0.003,-0.04343,0.0,0.0,0.174,0.0,0.0,128.0,550.0
930486.0,0.0,-3.1339,-0.001,-0.04343,0.0,0.0,0.174,0.0,0.0,128.0,549.0
930526.0,0.0,-3.1339,-0.002,-0.04343,0.0,0.0,0.174,0.0,0.0,128.0,550.0
930566.0,0.0,-3.1339,0.0,-0.04343,0.0,0.0,0.174,0.0,0.0,128.0,549.0
930606.0,0.0,-3.1339,-0.0,-0.04343,0.0,0.0,0.174,0.0,0.0,128.0,550.0
930647.0,0.0,-3.1339,-0.004,-0.04343,0.0,0.0,0.174,0.0,0.0,128.0,549.0
930687.0,0.0,-3.1324,0.006,-0.04343,0.0,0.0,0.174,0.0,0.0,128.0,551.0
930727.0,0.0,-3.1339,-0.002,-0.04343,0.0,0.0,0.174,0.0,0.0,128.0,550.0
930767.0,0.0,-3.1324,0.007,-0.04343,0.0,0.0,0.174,0.0,0.0,128.0,549.0
930808.0,0.0,-3.1339,-0.001,-0.04343,0.0,0.0,0.174,0.0,0.0,128.0,550.0
930848.0,0.0,-3.1339,0.0,-0.04343,0.0,0.0,0.174,0.0,0.0,128.0,543.0
930888.0,0.0,-3.1339,-0.003,-0.04343,0.0,0.0,0.174,0.0,0.0,128.0,550.0
930928.0,0.0,-3.1339,-0.002,-0.04343,0.0,0.0,0.174,0.0,0.0,128.0,542.0
930968.0,0.0,-3.1339,-0.001,-0.04343,0.0,0.0,0.174,0.0,0.0,128.0,550.0
931009.0,0.0,-3.1339,-0.0,-0.04343,0.0,0.0,0.174,0.0,0.0,128.0,549.0
931049.0,0.0,-3.1339,-0.0,-0.04343,0.0,0.0,0.174,0.0,0.0,128.0,564.0
931089.0,0.0,-3.1339,-0.004,-0.04343,0.0,0.0,0.174,0.0,0.0,128.0,550.0
931130.0,0.0,-3.1339,-0.002,-0.04343,0.0,0.0,0.174,0.0,0.0,128.0,549.0
931170.0,0.0,-3.1339,0.0,-0.04343,0.0,0.0,0.174,0.0,0.0,128.0,544.0
931210.0,0.0,-3.1339,0.003,-0.04343,0.0,0.0,0.174,0.0,0.0,128.0,564.0
931250.0,0.0,-3.1339,-0.001,-0.04343,0.0,0.0,0.174,0.0,0.0,128.0,549.0
931291.0,0.0,-3.1339,-0.001,-0.04343,0.0,0.0,0.174,0.0,0.0,128.0,550.0
931331.0,0.0,-3.1339,-0.002,-0.04343,0.0,0.0,0.174,0.0,0.0,128.0,550.0
931371.0,0.0,-3.1339,-0.002,-0.04343,0.0,0.0,0.174,0.0,0.0,128.0,542.0
931411.0,0.0,-3.1339,-0.001,-0.04343,0.0,0.0,0.174,0.0,0.0,128.0,550.0
931452.0,0.0,-3.1339,0.006,-0.04343,0.0,0.0,0.174,0.0,0.0,128.0,551.0
931492.0,0.0,-3.1339,-0.003,-0.04343,0.0,0.0,0.174,0.0,0.0,128.0,550.0
931532.0,0.0,-3.1324,0.002,-0.04343,0.0,0.0,0.174,0.0,0.0,128.0,570.0
931572.0,0.0,-3.1339,-0.003,-0.04343,0.0,0.0,0.174,0.0,0.0,128.0,549.0
931612.0,0.0,-3.1339,0.0,-0.04343,0.0,0.0,0.174,0.0,0.0,128.0,542.0
931652.0,0.0,-3.1339,-0.002,-0.04343,0.0,0.0,0.174,0.0,0.0,128.0,549.0
931693.0,0.0,-3.1339,0.003,-0.04343,0.0,0.0,0.174,0.0,0.0,128.0,550.0
931733.0,0.0,-3.1339,-0.002,-0.04343,0.0,0.0,0.174,0.0,0.0,128.0,550.0
931773.0,0.0,-3.1339,0.0,-0.04343,0.0,0.0,0.174,0.0,0.0,128.0,537.0
931813.0,0.0,-3.1339,-0.001,-0.04343,0.0,0.0,0.174,0.0,0.0,128.0,550.0
931854.0,0.0,-3.1339,-0.001,-0.04343,0.0,0.0,0.174,0.0,0.0,128.0,550.0
931894.0,0.0,-3.1339,0.007,-0.04343,0.0,0.0,0.174,0.0,0.0,128.0,551.0
931934.0,0.0,-3.1339,0.001,-0.04343,0.0,0.0,0.174,0.0,0.0,128.0,550.0
931974.0,0.0,-3.1339,-0.003,-0.04343,0.0,0.0,0.174,0.0,0.0,128.0,550.0
932015.0,0.0,-3.1339,-0.0,-0.04343,0.0,0.0,0.174,0.0,0.0,128.0,550.0
932055.0,0.0,-3.1339,-0.002,-0.04343,0.0,0.0,0.174,0.0,0.0,128.0,550.0
932095.0,0.0,-3.1339,-0.001,-0.04343,0.0,0.0,0.174,0.0,0.0,128.0,557.0
932136.0,0.0,-3.1339,-0.002,-0.04343,0.0,0.0,0.174,0.0,0.0,128.0,549.0
932176.0,0.0,-3.1339,-0.001,-0.04343,0.0,0.0,0.174,0.0,0.0,128.0,550.0
932216.0,0.0,-3.1339,-0.0,-0.04343,0.0,0.0,0.174,0.0,0.0,128.0,550.0
932256.0,0.0,-3.1339,0.0,-0.04343,0.0,0.0,0.174,0.0,0.0,128.0,570.0
932296.0,0.0,-3.1339,-0.002,-0.04343,0.0,0.0,0.174,0.0,0.0,128.0,537.0
932336.0,0.0,-3.1339,0.006,-0.04343,0.0,0.0,0.174,0.0,0.0,128.0,550.0
932377.0,0.0,-3.1339,0.002,-0.04343,0.0,0.0,0.174,0.0,0.0,128.0,550.0
932417.0,0.0,-3.1339,0.002,-0.04343,0.0,0.0,0.174,0.0,0.0,128.0,550.0
932457.0,0.0,-3.1339,-0.002,-0.04343,0.0,0.0,0.174,0.0,0.0,128.0,550.0
932498.0,0.0,-3.1339,-0.001,-0.04343,0.0,0.0,0.174,0.0,0.0,128.0,550.0
932538.0,0.0,-3.1339,-0.0,-0.04343,0.0,0.0,0.174,0.0,0.0,128.0,550.0
932578.0,0.0,-3.1339,0.002,-0.04343,0.0,0.0,0.174,0.0,0.0,128.0,542.0
932618.0,0.0,-3.1339,-0.003,-0.04343,0.0,0.0,0.174,0.0,0.0,128.0,550.0
932659.0,0.0,-3.1339,-0.001,-0.04343,0.0,0.0,0.174,0.0,0.0,128.0,549.0
932699.0,0.0,-3.1339,-0.001,-0.04343,0.0,0.0,0.174,0.0,0.0,128.0,550.0
932739.0,0.0,-3.1339,-0.001,-0.04343,0.0,0.0,0.174,0.0,0.0,128.0,549.0
932779.0,0.0,-3.1339,0.005,-0.04343,0.0,0.0,0.174,0.0,0.0,128.0,557.0
932820.0,0.0,-3.1339,-0.001,-0.04343,0.0,0.0,0.174,0.0,0.0,128.0,543.0
932860.0,0.0,-3.1339,-0.002,-0.04343,0.0,0.0,0.174,0.0,0.0,128.0,550.0
932900.0,0.0,-3.1339,-0.001,-0.04343,0.0,0.0,0.174,0.0,0.0,128.0,544.0
932941.0,0.0,-3.1339,0.004,-0.04343,0.0,0.0,0.174,0.0,0.0,128.0,544.0
932981.0,0.0,-3.1339,-0.001,-0.04343,0.0,0.0,0.174,0.0,0.0,128.0,549.0
933021.0,0.0,-3.1339,0.001,-0.04343,0.0,0.0,0.174,0.0,0.0,128.0,550.0
933061.0,0.0,-3.1339,-0.001,-0.04343,0.0,0.0,0.174,0.0,0.0,128.0,556.0
933101.0,0.0,-3.1339,-0.0,-0.04343,0.0,0.0,0.174,0.0,0.0,128.0,550.0
933142.0,0.0,-3.1339,-0.003,-0.04343,0.0,0.0,0.174,0.0,0.0,128.0,549.0
933182.0,0.0,-3.1339,-0.0,-0.04343,0.0,0.0,0.174,0.0,0.0,128.0,550.0
933222.0,0.0,-3.1339,-0.0,-0.04343,0.0,0.0,0.174,0.0,0.0,128.0,550.0
933262.0,0.0,-3.1339,-0.001,-0.04343,0.0,0.0,0.174,0.0,0.0,128.0,550.0
933302.0,0.0,-3.1339,0.005,-0.04343,0.0,0.0,0.174,0.0,0.0,128.0,564.0
933343.0,0.0,-3.1339,-0.004,-0.04343,0.0,0.0,0.174,0.0,0.0,128.0,551.0
933383.0,0.0,-3.1339,-0.001,-0.04343,0.0,0.0,0.174,0.0,0.0,128.0,558.0
933423.0,0.0,-3.1339,-0.001,-0.04343,0.0,0.0,0.174,0.0,0.0,128.0,557.0
933463.0,0.0,-3.1339,0.003,-0.04343,0.0,0.0,0.174,0.0,0.0,128.0,549.0
933503.0,0.0,-3.1339,0.003,-0.04343,0.0,0.0,0.174,0.0,0.0,128.0,550.0
933544.0,0.0,-3.1339,-0.002,-0.04343,0.0,0.0,0.174,0.0,0.0,128.0,544.0
933584.0,0.0,-3.1339,0.001,-0.04343,0.0,0.0,0.174,0.0,0.0,128.0,550.0
933624.0,0.0,-3.1339,-0.002,-0.04343,0.0,0.0,0.174,0.0,0.0,128.0,550.0
933664.0,0.0,-3.1339,0.0,-0.04343,0.0,0.0,0.174,0.0,0.0,128.0,549.0
933704.0,0.0,-3.1339,-0.001,-0.04343,0.0,0.0,0.174,0.0,0.0,128.0,543.0
933744.0,0.0,-3.1339,0.001,-0.04343,0.0,0.0,0.174,0.0,0.0,128.0,549.0
933785.0,0.0,-3.1339,-0.0,-0.04343,0.0,0.0,0.174,0.0,0.0,128.0,550.0
933825.0,0.0,-3.1324,0.007,-0.04343,0.0,0.0,0.174,0.0,0.0,128.0,557.0
933865.0,0.0,-3.1339,-0.003,-0.04343,0.0,0.0,0.174,0.0,0.0,128.0,557.0
933906.0,0.0,-3.1339,0.002,-0.04343,0.0,0.0,0.174,0.0,0.0,128.0,557.0
933946.0,0.0,-3.1339,-0.002,-0.04343,0.0,0.0,0.174,0.0,0.0,128.0,543.0
933986.0,0.0,-3.1339,-0.001,-0.04343,0.0,0.0,0.174,0.0,0.0,128.0,549.0
934026.0,0.0,-3.1324,0.009,-0.04343,0.0,0.0,0.174,0.0,0.0,128.0,557.0
934067.0,0.0,-3.1339,-0.003,-0.04343,0.0,0.0,0.174,0.0,0.0,128.0,550.0
934107.0,0.0,-3.1339,-0.002,-0.04343,0.0,0.0,0.174,0.0,0.0,128.0,550.0
934147.0,0.0,-3.1339,-0.003,-0.04343,0.0,0.0,0.174,0.0,0.0,128.0,570.0
934187.0,0.0,-3.1339,-0.001,-0.04343,0.0,0.0,0.174,0.0,0.0,128.0,549.0
934228.0,0.0,-3.1339,-0.003,-0.04343,0.0,0.0,0.174,0.0,0.0,128.0,542.0
934268.0,0.0,-3.1339,0.001,-0.04343,0.0,0.0,0.174,0.0,0.0,128.0,550.0
934308.0,0.0,-3.1339,-0.002,-0.04343,0.0,0.0,0.174,0.0,0.0,128.0,550.0
934348.0,0.0,-3.1339,0.009,-0.04343,0.0,0.0,0.174,0.0,0.0,128.0,557.0
934388.0,0.0,-3.1339,0.002,-0.04343,0.0,0.0,0.174,0.0,0.0,128.0,550.0
934428.0,0.0,-3.1339,0.003,-0.04343,0.0,0.0,0.174,0.0,0.0,128.0,558.0
934469.0,0.0,-3.1339,-0.004,-0.04343,0.0,0.0,0.174,0.0,0.0,128.0,550.0
934509.0,0.0,-3.1339,-0.002,-0.04343,0.0,0.0,0.174,0.0,0.0,128.0,550.0
934549.0,0.0,-3.1339,-0.001,-0.04343,0.0,0.0,0.174,0.0,0.0,128.0,564.0
934589.0,0.0,-3.1324,0.002,-0.04343,0.0,0.0,0.174,0.0,0.0,128.0,556.0
934629.0,0.0,-3.1339,-0.003,-0.04343,0.0,0.0,0.174,0.0,0.0,128.0,551.0
934670.0,0.0,-3.1339,-0.003,-0.04343,0.0,0.0,0.174,0.0,0.0,128.0,550.0
934710.0,0.0,-3.1339,0.002,-0.04343,0.0,0.0,0.174,0.0,0.0,128.0,549.0
934750.0,0.0,-3.1339,-0.001,-0.04343,0.0,0.0,0.174,0.0,0.0,128.0,550.0
934790.0,0.0,-3.1339,0.002,-0.04343,0.0,0.0,0.174,0.0,0.0,128.0,556.0
934830.0,0.0,-3.1339,-0.002,-0.04343,0.0,0.0,0.174,0.0,0.0,128.0,549.0
934871.0,0.0,-3.1339,-0.003,-0.04343,0.0,0.0,0.174,0.0,0.0,128.0,550.0
934911.0,0.0,-3.1339,-0.002,-0.04343,0.0,0.0,0.174,0.0,0.0,128.0,549.0
934951.0,0.0,-3.1339,0.0,-0.04343,0.0,0.0,0.174,0.0,0.0,128.0,544.0
934991.0,0.0,-3.1339,0.0,-0.04343,0.0,0.0,0.174,0.0,0.0,128.0,549.0
935032.0,0.0,-3.1339,0.002,-0.04343,0.0,0.0,0.174,0.0,0.0,128.0,550.0
935072.0,0.0,-3.1339,0.001,-0.04343,0.0,0.0,0.174,0.0,0.0,128.0,558.0
935112.0,0.0,-3.1339,-0.002,-0.04343,0.0,0.0,0.174,0.0,0.0,128.0,557.0
935152.0,0.0,-3.1339,0.001,-0.04343,0.0,0.0,0.174,0.0,0.0,128.0,563.0
935192.0,0.0,-3.1339,-0.002,-0.04343,0.0,0.0,0.174,0.0,0.0,128.0,549.0
935232.0,0.0,-3.1339,-0.002,-0.04343,0.0,0.0,0.174,0.0,0.0,128.0,550.0
935272.0,0.0,-3.1339,0.004,-0.04343,0.0,0.0,0.174,0.0,0.0,128.0,557.0
935313.0,0.0,-3.1339,-0.004,-0.04343,0.0,0.0,0.174,0.0,0.0,128.0,549.0
935353.0,0.0,-3.1339,-0.002,-0.04343,0.0,0.0,0.174,0.0,0.0,128.0,550.0
935393.0,0.0,-3.1339,0.004,-0.04343,0.0,0.0,0.174,0.0,0.0,128.0,550.0
935433.0,0.0,-3.1339,0.005,-0.04343,0.0,0.0,0.174,0.0,0.0,128.0,552.0
935474.0,0.0,-3.1339,-0.003,-0.04343,0.0,0.0,0.174,0.0,0.0,128.0,550.0
935514.0,0.0,-3.1339,-0.001,-0.04343,0.0,0.0,0.174,0.0,0.0,128.0,550.0
935554.0,0.0,-3.1339,-0.001,-0.04343,0.0,0.0,0.174,0.0,0.0,128.0,549.0
935594.0,0.0,-3.1324,0.009,-0.04343,0.0,0.0,0.174,0.0,0.0,128.0,549.0
935635.0,0.0,-3.1339,-0.002,-0.04343,0.0,0.0,0.174,0.0,0.0,128.0,543.0
935675.0,0.0,-3.1339,-0.002,-0.04343,0.0,0.0,0.174,0.0,0.0,128.0,550.0
935715.0,0.0,-3.1339,-0.001,-0.04343,0.0,0.0,0.174,0.0,0.0,128.0,550.0
935755.0,0.0,-3.1339,0.003,-0.04343,0.0,0.0,0.174,0.0,0.0,128.0,549.0
935795.0,0.0,-3.1339,0.002,-0.04343,0.0,0.0,0.174,0.0,0.0,128.0,550.0
935836.0,0.0,-3.1339,-0.001,-0.04343,0.0,0.0,0.174,0.0,0.0,128.0,549.0
935876.0,0.0,-3.1339,0.006,-0.04343,0.0,0.0,0.174,0.0,0.0,128.0,557.0
935916.0,0.0,-3.1339,-0.002,-0.04343,0.0,0.0,0.174,0.0,0.0,128.0,550.0
935956.0,0.0,-3.1339,0.002,-0.04343,0.0,0.0,0.174,0.0,0.0,128.0,549.0
935996.0,0.0,-3.1339,-0.003,-0.04343,0.0,0.0,0.174,0.0,0.0,128.0,542.0
936037.0,0.0,-3.1339,-0.003,-0.04343,0.0,0.0,0.174,0.0,0.0,128.0,544.0
936077.0,0.0,-3.1339,-0.001,-0.04343,0.0,0.0,0.174,0.0,0.0,128.0,549.0
936117.0,0.0,-3.1339,-0.001,-0.04343,0.0,0.0,0.174,0.0,0.0,128.0,550.0
936157.0,0.0,-3.1339,-0.001,-0.04343,0.0,0.0,0.174,0.0,0.0,128.0,550.0
936198.0,0.0,-3.1339,-0.002,-0.04343,0.0,0.0,0.174,0.0,0.0,128.0,542.0
936238.0,0.0,-3.1339,0.001,-0.04343,0.0,0.0,0.174,0.0,0.0,128.0,549.0
936278.0,0.0,-3.1339,-0.003,-0.04343,0.0,0.0,0.174,0.0,0.0,128.0,544.0
936318.0,0.0,-3.1339,0.001,-0.04343,0.0,0.0,0.174,0.0,0.0,128.0,543.0
936358.0,0.0,-3.1339,0.002,-0.04343,0.0,0.0,0.174,0.0,0.0,128.0,551.0
936399.0,0.0,-3.1339,0.007,-0.04343,0.0,0.0,0.174,0.0,0.0,128.0,564.0
936439.0,0.0,-3.1339,0.0,-0.04343,0.0,0.0,0.174,0.0,0.0,128.0,557.0
936479.0,0.0,-3.1339,0.002,-0.04343,0.0,0.0,0.174,0.0,0.0,128.0,542.0
936520.0,0.0,-3.1339,0.003,-0.04343,0.0,0.0,0.174,0.0,0.0,128.0,544.0
936560.0,0.0,-3.1339,-0.001,-0.04343,0.0,0.0,0.174,0.0,0.0,128.0,550.0
936600.0,0.0,-3.1339,-0.001,-0.04343,0.0,0.0,0.174,0.0,0.0,128.0,556.0
936640.0,0.0,-3.1339,-0.003,-0.04343,0.0,0.0,0.174,0.0,0.0,128.0,542.0
936680.0,0.0,-3.1339,-0.001,-0.04343,0.0,0.0,0.174,0.0,0.0,128.0,550.0
936721.0,0.0,-3.1339,-0.0,-0.04343,0.0,0.0,0.174,0.0,0.0,128.0,550.0
936761.0,0.0,-3.1339,-0.001,-0.04343,0.0,0.0,0.174,0.0,0.0,128.0,550.0
936801.0,0.0,-3.1339,-0.0,-0.04343,0.0,0.0,0.174,0.0,0.0,128.0,544.0
936841.0,0.0,-3.1324,0.003,-0.04343,0.0,0.0,0.174,0.0,0.0,128.0,557.0
936881.0,0.0,-3.1339,-0.003,-0.04343,0.0,0.0,0.174,0.0,0.0,128.0,556.0
936921.0,0.0,-3.1339,-0.0,-0.04343,0.0,0.0,0.174,0.0,0.0,128.0,542.0
936962.0,0.0,-3.1339,-0.0,-0.04343,0.0,0.0,0.174,0.0,0.0,128.0,544.0
937002.0,0.0,-3.1339,-0.001,-0.04343,0.0,0.0,0.174,0.0,0.0,128.0,551.0
937042.0,0.0,-3.1339,-0.002,-0.04343,0.0,0.0,0.174,0.0,0.0,128.0,556.0
937082.0,0.0,-3.1339,0.001,-0.04343,0.0,0.0,0.174,0.0,0.0,128.0,550.0
937123.0,0.0,-3.1339,-0.002,-0.04343,0.0,0.0,0.174,0.0,0.0,128.0,549.0
937163.0,0.0,-3.1339,0.003,-0.04343,0.0,0.0,0.174,0.0,0.0,128.0,550.0
937203.0,0.0,-3.1339,-0.001,-0.04343,0.0,0.0,0.174,0.0,0.0,128.0,544.0
937243.0,0.0,-3.1339,0.0,-0.04343,0.0,0.0,0.174,0.0,0.0,128.0,549.0
937283.0,0.0,-3.1339,-0.002,-0.04343,0.0,0.0,0.174,0.0,0.0,128.0,550.0
937323.0,0.0,-3.1339,-0.002,-0.04343,0.0,0.0,0.174,0.0,0.0,128.0,549.0
937364.0,0.0,-3.1339,-0.001,-0.04343,0.0,0.0,0.174,0.0,0.0,128.0,550.0
937404.0,0.0,-3.1339,-0.001,-0.04343,0.0,0.0,0.174,0.0,0.0,128.0,550.0
937444.0,0.0,-3.1339,-0.001,-0.04343,0.0,0.0,0.174,0.0,0.0,128.0,542.0
937484.0,0.0,-3.1339,-0.002,-0.04343,0.0,0.0,0.174,0.0,0.0,128.0,550.0
937525.0,0.0,-3.1339,-0.001,-0.04343,0.0,0.0,0.174,0.0,0.0,128.0,550.0
937565.0,0.0,-3.1324,0.008,-0.04343,0.0,0.0,0.174,0.0,0.0,128.0,557.0
937605.0,0.0,-3.1339,-0.002,-0.04343,0.0,0.0,0.174,0.0,0.0,128.0,551.0
937645.0,0.0,-3.1339,-0.001,-0.04343,0.0,0.0,0.174,0.0,0.0,128.0,551.0
937685.0,0.0,-3.1339,0.003,-0.04343,0.0,0.0,0.174,0.0,0.0,128.0,557.0
937726.0,0.0,-3.1339,-0.002,-0.04343,0.0,0.0,0.174,0.0,0.0,128.0,551.0
937766.0,0.0,-3.1339,-0.0,-0.04343,0.0,0.0,0.174,0.0,0.0,128.0,557.0
937806.0,0.0,-3.1339,0.0,-0.04343,0.0,0.0,0.174,0.0,0.0,128.0,570.0
937846.0,0.0,-3.1339,0.002,-0.04343,0.0,0.0,0.174,0.0,0.0,128.0,542.0
937886.0,0.0,-3.1339,-0.001,-0.04343,0.0,0.0,0.174,0.0,0.0,128.0,550.0
937927.0,0.0,-3.1339,-0.001,-0.04343,0.0,0.0,0.174,0.0,0.0,128.0,550.0
937967.0,0.0,-3.1339,0.002,-0.04343,0.0,0.0,0.174,0.0,0.0,128.0,549.0
938007.0,0.0,-3.1339,-0.002,-0.04343,0.0,0.0,0.174,0.0,0.0,128.0,550.0
938047.0,0.0,-3.1339,0.003,-0.04343,0.0,0.0,0.174,0.0,0.0,128.0,549.0
938087.0,0.0,-3.1339,0.002,-0.04343,0.0,0.0,0.174,0.0,0.0,128.0,557.0
938128.0,0.0,-3.1339,-0.003,-0.04343,0.0,0.0,0.174,0.0,0.0,128.0,550.0
938168.0,0.0,-3.1339,-0.001,-0.04343,0.0,0.0,0.174,0.0,0.0,128.0,544.0
938208.0,0.0,-3.1339,0.001,-0.04343,0.0,0.0,0.174,0.0,0.0,128.0,550.0
938248.0,0.0,-3.1339,0.004,-0.04343,0.0,0.0,0.174,0.0,0.0,128.0,542.0
938288.0,0.0,-3.1339,-0.0,-0.04343,0.0,0.0,0.174,0.0,0.0,128.0,550.0
938329.0,0.0,-3.1339,0.001,-0.04343,0.0,0.0,0.174,0.0,0.0,128.0,550.0
938369.0,0.0,-3.1339,-0.001,-0.04343,0.0,0.0,0.174,0.0,0.0,128.0,550.0
938409.0,0.0,-3.1339,-0.0,-0.04343,0.0,0.0,0.174,0.0,0.0,128.0,544.0
938450.0,0.0,-3.1339,-0.0,-0.04343,0.0,0.0,0.174,0.0,0.0,128.0,544.0
938490.0,0.0,-3.1339,-0.001,-0.04343,0.0,0.0,0.174,0.0,0.0,128.0,550.0
938530.0,0.0,-3.1339,-0.004,-0.04343,0.0,0.0,0.174,0.0,0.0,128.0,550.0
938571.0,0.0,-3.1339,-0.003,-0.04343,0.0,0.0,0.174,0.0,0.0,128.0,550.0
938611.0,0.0,-3.1339,-0.001,-0.04343,0.0,0.0,0.174,0.0,0.0,128.0,550.0
938651.0,0.0,-3.1339,-0.001,-0.04343,0.0,0.0,0.174,0.0,0.0,128.0,544.0
938691.0,0.0,-3.1339,0.001,-0.04343,0.0,0.0,0.174,0.0,0.0,128.0,564.0
938731.0,0.0,-3.1339,-0.005,-0.04343,0.0,0.0,0.174,0.0,0.0,128.0,544.0
938772.0,0.0,-3.1339,-0.0,-0.04343,0.0,0.0,0.174,0.0,0.0,128.0,549.0
938812.0,0.0,-3.1339,-0.006,-0.04343,0.0,0.0,0.174,0.0,0.0,128.0,550.0
938852.0,0.0,-3.1339,0.001,-0.04343,0.0,0.0,0.174,0.0,0.0,128.0,550.0
938893.0,0.0,-3.1339,-0.0,-0.04343,0.0,0.0,0.174,0.0,0.0,128.0,550.0
938933.0,0.0,-3.1339,0.003,-0.04343,0.0,0.0,0.174,0.0,0.0,128.0,557.0
938973.0,0.0,-3.1339,-0.003,-0.04343,0.0,0.0,0.174,0.0,0.0,128.0,556.0
939013.0,0.0,-3.1339,-0.002,-0.04343,0.0,0.0,0.174,0.0,0.0,128.0,551.0
939054.0,0.0,-3.1324,0.006,-0.04343,0.0,0.0,0.174,0.0,0.0,128.0,557.0
939094.0,0.0,-3.1339,0.001,-0.04343,0.0,0.0,0.174,0.0,0.0,128.0,550.0
939134.0,0.0,-3.1324,0.007,-0.04343,0.0,0.0,0.174,0.0,0.0,128.0,556.0
939174.0,0.0,-3.1339,-0.002,-0.04343,0.0,0.0,0.174,0.0,0.0,128.0,549.0
939215.0,0.0,-3.1339,-0.0,-0.04343,0.0,0.0,0.174,0.0,0.0,128.0,550.0
939255.0,0.0,-3.1339,-0.001,-0.04343,0.0,0.0,0.174,0.0,0.0,128.0,550.0
939295.0,0.0,-3.1339,0.0,-0.04343,0.0,0.0,0.174,0.0,0.0,128.0,549.0
939335.0,0.0,-3.1339,-0.002,-0.04343,0.0,0.0,0.174,0.0,0.0,128.0,550.0
939376.0,0.0,-3.1339,-0.001,-0.04343,0.0,0.0,0.174,0.0,0.0,128.0,550.0
939416.0,0.0,-3.1324,0.005,-0.04343,0.0,0.0,0.174,0.0,0.0,128.0,557.0
939456.0,0.0,-3.1339,0.002,-0.04343,0.0,0.0,0.174,0.0,0.0,128.0,557.0
939497.0,0.0,-3.1339,-0.001,-0.04343,0.0,0.0,0.174,0.0,0.0,128.0,550.0
939537.0,0.0,-3.1339,-0.001,-0.04343,0.0,0.0,0.174,0.0,0.0,128.0,550.0
939577.0,0.0,-3.1339,0.0,-0.04343,0.0,0.0,0.174,0.0,0.0,128.0,550.0
939617.0,0.0,-3.1339,-0.001,-0.04343,0.0,0.0,0.174,0.0,0.0,128.0,544.0
939658.0,0.0,-3.1339,-0.001,-0.04343,0.0,0.0,0.174,0.0,0.0,128.0,549.0
939698.0,0.0,-3.1339,0.0,-0.04343,0.0,0.0,0.174,0.0,0.0,128.0,550.0
939738.0,0.0,-3.1339,0.001,-0.04343,0.0,0.0,0.174,0.0,0.0,128.0,551.0
939778.0,0.0,-3.1339,-0.001,-0.04343,0.0,0.0,0.174,0.0,0.0,128.0,550.0
939818.0,0.0,-3.1324,0.005,-0.04343,0.0,0.0,0.174,0.0,0.0,128.0,556.0
939859.0,0.0,-3.1339,0.003,-0.04343,0.0,0.0,0.174,0.0,0.0,128.0,552.0
939899.0,0.0,-3.1339,-0.003,-0.04343,0.0,0.0,0.174,0.0,0.0,128.0,544.0
939939.0,0.0,-3.1339,-0.001,-0.04343,0.0,0.0,0.174,0.0,0.0,128.0,558.0
939980.0,0.0,-3.1339,-0.001,-0.04343,0.0,0.0,0.174,0.0,0.0,128.0,557.0
940020.0,0.0,-3.1339,0.0,-0.04343,0.0,0.0,0.174,0.0,0.0,128.0,563.0
940060.0,0.0,-3.1339,-0.001,-0.04343,0.0,0.0,0.174,0.0,0.0,128.0,542.0
940100.0,0.0,-3.1339,-0.001,-0.04343,0.0,0.0,0.174,0.0,0.0,128.0,549.0
940141.0,0.0,-3.1339,-0.0,-0.04343,0.0,0.0,0.174,0.0,0.0,128.0,543.0
940181.0,0.0,-3.1339,0.003,-0.04343,0.0,0.0,0.174,0.0,0.0,128.0,550.0
940221.0,0.0,-3.1339,-0.0,-0.04343,0.0,0.0,0.174,0.0,0.0,128.0,542.0
940261.0,0.0,-3.1339,0.004,-0.04343,0.0,0.0,0.174,0.0,0.0,128.0,550.0
940302.0,0.0,-3.1339,0.002,-0.04343,0.0,0.0,0.174,0.0,0.0,128.0,549.0
940342.0,0.0,-3.1339,-0.002,-0.04343,0.0,0.0,0.174,0.0,0.0,128.0,550.0
940382.0,0.0,-3.1339,-0.001,-0.04343,0.0,0.0,0.174,0.0,0.0,128.0,542.0
940423.0,0.0,-3.1339,-0.001,-0.04343,0.0,0.0,0.174,0.0,0.0,128.0,542.0
940463.0,0.0,-3.1339,-0.0,-0.04343,0.0,0.0,0.174,0.0,0.0,128.0,557.0
940503.0,0.0,-3.1339,-0.001,-0.04343,0.0,0.0,0.174,0.0,0.0,128.0,550.0
940543.0,0.0,-3.1339,-0.001,-0.04343,0.0,0.0,0.174,0.0,0.0,128.0,549.0
940584.0,0.0,-3.1339,-0.0,-0.04343,0.0,0.0,0.174,0.0,0.0,128.0,550.0
940624.0,0.0,-3.1339,0.005,-0.04343,0.0,0.0,0.174,0.0,0.0,128.0,557.0
940664.0,0.0,-3.1339,-0.002,-0.04343,0.0,0.0,0.174,0.0,0.0,128.0,544.0
940704.0,0.0,-3.1339,-0.001,-0.04343,0.0,0.0,0.174,0.0,0.0,128.0,550.0
940744.0,0.0,-3.1324,0.006,-0.04343,0.0,0.0,0.174,0.0,0.0,128.0,564.0
940785.0,0.0,-3.1339,-0.002,-0.04343,0.0,0.0,0.174,0.0,0.0,128.0,557.0
940825.0,0.0,-3.1339,0.003,-0.04343,0.0,0.0,0.174,0.0,0.0,128.0,543.0
940865.0,0.0,-3.1339,-0.001,-0.04343,0.0,0.0,0.174,0.0,0.0,128.0,542.0
940905.0,0.0,-3.1339,-0.0,-0.04343,0.0,0.0,0.174,0.0,0.0,128.0,549.0
940946.0,0.0,-3.1339,0.002,-0.04343,0.0,0.0,0.174,0.0,0.0,128.0,544.0
940986.0,0.0,-3.1339,-0.001,-0.04343,0.0,0.0,0.174,0.0,0.0,128.0,550.0
941026.0,0.0,-3.1324,0.006,-0.04343,0.0,0.0,0.174,0.0,0.0,128.0,557.0
941066.0,0.0,-3.1339,-0.001,-0.04343,0.0,0.0,0.174,0.0,0.0,128.0,556.0
941106.0,0.0,-3.1339,-0.004,-0.04343,0.0,0.0,0.174,0.0,0.0,128.0,550.0
941147.0,0.0,-3.1339,-0.002,-0.04343,0.0,0.0,0.174,0.0,0.0,128.0,550.0
941187.0,0.0,-3.1339,-0.001,-0.04343,0.0,0.0,0.174,0.0,0.0,128.0,549.0
941227.0,0.0,-3.1339,-0.0,-0.04343,0.0,0.0,0.174,0.0,0.0,128.0,550.0
941267.0,0.0,-3.1324,0.009,-0.04343,0.0,0.0,0.174,0.0,0.0,128.0,558.0
941307.0,0.0,-3.1339,-0.001,-0.04343,0.0,0.0,0.174,0.0,0.0,128.0,564.0
941347.0,0.0,-3.1339,-0.0,-0.04343,0.0,0.0,0.174,0.0,0.0,128.0,543.0
941387.0,0.0,-3.1339,0.0,-0.04343,0.0,0.0,0.174,0.0,0.0,128.0,550.0
941428.0,0.0,-3.1339,-0.002,-0.04343,0.0,0.0,0.174,0.0,0.0,128.0,550.0
941468.0,0.0,-3.1339,-0.001,-0.04343,0.0,0.0,0.174,0.0,0.0,128.0,544.0
941508.0,0.0,-3.1339,0.001,-0.04343,0.0,0.0,0.174,0.0,0.0,128.0,550.0
941548.0,0.0,-3.1339,0.002,-0.04343,0.0,0.0,0.174,0.0,0.0,128.0,550.0
941589.0,0.0,-3.1339,-0.001,-0.04343,0.0,0.0,0.174,0.0,0.0,128.0,550.0
941629.0,0.0,-3.1339,0.001,-0.04343,0.0,0.0,0.174,0.0,0.0,128.0,550.0
941669.0,0.0,-3.1339,0.002,-0.04343,0.0,0.0,0.174,0.0,0.0,128.0,549.0
941709.0,0.0,-3.1339,0.002,-0.04343,0.0,0.0,0.174,0.0,0.0,128.0,550.0
941750.0,0.0,-3.1339,-0.001,-0.04343,0.0,0.0,0.174,0.0,0.0,128.0,550.0
941790.0,0.0,-3.1339,-0.001,-0.04343,0.0,0.0,0.174,0.0,0.0,128.0,550.0
941830.0,0.0,-3.1339,-0.001,-0.04343,0.0,0.0,0.174,0.0,0.0,128.0,542.0
941870.0,0.0,-3.1339,0.004,-0.04343,0.0,0.0,0.174,0.0,0.0,128.0,550.0
941911.0,0.0,-3.1339,-0.001,-0.04343,0.0,0.0,0.174,0.0,0.0,128.0,550.0
941951.0,0.0,-3.1339,-0.001,-0.04343,0.0,0.0,0.174,0.0,0.0,128.0,550.0
941991.0,0.0,-3.1339,-0.001,-0.04343,0.0,0.0,0.174,0.0,0.0,128.0,550.0
942031.0,0.0,-3.1339,-0.002,-0.04343,0.0,0.0,0.174,0.0,0.0,128.0,557.0
942072.0,0.0,-3.1339,-0.001,-0.04343,0.0,0.0,0.174,0.0,0.0,128.0,550.0
942112.0,0.0,-3.1355,-0.006,-0.04343,0.0,0.0,0.174,0.0,0.0,128.0,557.0
942152.0,0.0,-3.1339,0.001,-0.04343,0.0,0.0,0.174,0.0,0.0,128.0,544.0
942192.0,0.0,-3.1339,-0.002,-0.04343,0.0,0.0,0.174,0.0,0.0,128.0,552.0
942232.0,0.0,-3.1339,-0.0,-0.04343,0.0,0.0,0.174,0.0,0.0,128.0,551.0
942273.0,0.0,-3.1339,-0.002,-0.04343,0.0,0.0,0.174,0.0,0.0,128.0,551.0
942313.0,0.0,-3.1339,0.006,-0.04343,0.0,0.0,0.174,0.0,0.0,128.0,557.0
942353.0,0.0,-3.1339,-0.001,-0.04343,0.0,0.0,0.174,0.0,0.0,128.0,557.0
942393.0,0.0,-3.1324,0.005,-0.04343,0.0,0.0,0.174,0.0,0.0,128.0,549.0
942434.0,0.0,-3.1339,0.002,-0.04343,0.0,0.0,0.174,0.0,0.0,128.0,549.0
942474.0,0.0,-3.1339,-0.001,-0.04343,0.0,0.0,0.174,0.0,0.0,128.0,550.0
942514.0,0.0,-3.1324,0.005,-0.04343,0.0,0.0,0.174,0.0,0.0,128.0,556.0
942554.0,0.0,-3.1339,-0.003,-0.04343,0.0,0.0,0.174,0.0,0.0,128.0,550.0
942595.0,0.0,-3.1339,0.0,-0.04343,0.0,0.0,0.174,0.0,0.0,128.0,550.0
942635.0,0.0,-3.1339,-0.001,-0.04343,0.0,0.0,0.174,0.0,0.0,128.0,550.0
942675.0,0.0,-3.1339,-0.002,-0.04343,0.0,0.0,0.174,0.0,0.0,128.0,551.0
942715.0,0.0,-3.1339,-0.001,-0.04343,0.0,0.0,0.174,0.0,0.0,128.0,550.0
942755.0,0.0,-3.1339,-0.0,-0.04343,0.0,0.0,0.174,0.0,0.0,128.0,550.0
942796.0,0.0,-3.1339,0.002,-0.04343,0.0,0.0,0.174,0.0,0.0,128.0,549.0
942836.0,0.0,-3.1339,0.0,-0.04343,0.0,0.0,0.174,0.0,0.0,128.0,550.0
942876.0,0.0,-3.1339,-0.002,-0.04343,0.0,0.0,0.174,0.0,0.0,128.0,542.0
942916.0,0.0,-3.1339,0.004,-0.04343,0.0,0.0,0.174,0.0,0.0,128.0,550.0
942957.0,0.0,-3.1339,-0.001,-0.04343,0.0,0.0,0.174,0.0,0.0,128.0,550.0
942997.0,0.0,-3.1339,-0.0,-0.04343,0.0,0.0,0.174,0.0,0.0,128.0,550.0
943037.0,0.0,-3.1339,0.003,-0.04343,0.0,0.0,0.174,0.0,0.0,128.0,543.0
943078.0,0.0,-3.1339,-0.002,-0.04343,0.0,0.0,0.174,0.0,0.0,128.0,549.0
943118.0,0.0,-3.1339,0.004,-0.04343,0.0,0.0,0.174,0.0,0.0,128.0,550.0
943158.0,0.0,-3.1339,-0.001,-0.04343,0.0,0.0,0.174,0.0,0.0,128.0,556.0
943198.0,0.0,-3.1339,-0.002,-0.04343,0.0,0.0,0.174,0.0,0.0,128.0,550.0
943239.0,0.0,-3.1339,0.0,-0.04343,0.0,0.0,0.174,0.0,0.0,128.0,550.0
943279.0,0.0,-3.1339,-0.001,-0.04343,0.0,0.0,0.174,0.0,0.0,128.0,544.0
943319.0,0.0,-3.1339,0.002,-0.04343,0.0,0.0,0.174,0.0,0.0,128.0,550.0
943359.0,0.0,-3.1339,-0.002,-0.04343,0.0,0.0,0.174,0.0,0.0,128.0,550.0
943400.0,0.0,-3.1339,-0.002,-0.04343,0.0,0.0,0.174,0.0,0.0,128.0,550.0
943440.0,0.0,-3.1339,-0.001,-0.04343,0.0,0.0,0.174,0.0,0.0,128.0,550.0
943480.0,0.0,-3.1339,-0.001,-0.04343,0.0,0.0,0.174,0.0,0.0,128.0,550.0
943520.0,0.0,-3.1339,-0.001,-0.04343,0.0,0.0,0.174,0.0,0.0,128.0,549.0
943561.0,0.0,-3.1339,0.003,-0.04343,0.0,0.0,0.174,0.0,0.0,128.0,550.0
943601.0,0.0,-3.1339,-0.001,-0.04343,0.0,0.0,0.174,0.0,0.0,128.0,550.0
943641.0,0.0,-3.1339,-0.001,-0.04343,0.0,0.0,0.174,0.0,0.0,128.0,550.0
943681.0,0.0,-3.1339,-0.003,-0.04343,0.0,0.0,0.174,0.0,0.0,128.0,549.0
943721.0,0.0,-3.1339,0.003,-0.04343,0.0,0.0,0.174,0.0,0.0,128.0,550.0
943762.0,0.0,-3.1339,-0.001,-0.04343,0.0,0.0,0.174,0.0,0.0,128.0,550.0
943802.0,0.0,-3.1339,0.0,-0.04343,0.0,0.0,0.174,0.0,0.0,128.0,551.0
943842.0,0.0,-3.1339,0.001,-0.04343,0.0,0.0,0.174,0.0,0.0,128.0,557.0
943882.0,0.0,-3.1339,-0.003,-0.04343,0.0,0.0,0.174,0.0,0.0,128.0,551.0
943923.0,0.0,-3.1339,0.003,-0.04343,0.0,0.0,0.174,0.0,0.0,128.0,557.0
943963.0,0.0,-3.1339,-0.002,-0.04343,0.0,0.0,0.174,0.0,0.0,128.0,543.0
944003.0,0.0,-3.1339,-0.001,-0.04343,0.0,0.0,0.174,0.0,0.0,128.0,550.0
944043.0,0.0,-3.1324,0.005,-0.04343,0.0,0.0,0.174,0.0,0.0,128.0,557.0
944084.0,0.0,-3.1339,0.001,-0.04343,0.0,0.0,0.174,0.0,0.0,128.0,550.0
944124.0,0.0,-3.1339,-0.002,-0.04343,0.0,0.0,0.174,0.0,0.0,128.0,543.0
944164.0,0.0,-3.1339,0.006,-0.04343,0.0,0.0,0.174,0.0,0.0,128.0,551.0
944204.0,0.0,-3.1339,0.001,-0.04343,0.0,0.0,0.174,0.0,0.0,128.0,550.0
944244.0,0.0,-3.1339,0.0,-0.04343,0.0,0.0,0.174,0.0,0.0,128.0,542.0
944284.0,0.0,-3.1339,0.001,-0.04343,0.0,0.0,0.174,0.0,0.0,128.0,550.0
944325.0,0.0,-3.1339,-0.002,-0.04343,0.0,0.0,0.174,0.0,0.0,128.0,549.0
944365.0,0.0,-3.1339,-0.006,-0.04343,0.0,0.0,0.174,0.0,0.0,128.0,557.0
944405.0,0.0,-3.1339,-0.001,-0.04343,0.0,0.0,0.174,0.0,0.0,128.0,550.0
944445.0,0.0,-3.1324,0.006,-0.04343,0.0,0.0,0.174,0.0,0.0,128.0,556.0
944486.0,0.0,-3.1339,-0.004,-0.04343,0.0,0.0,0.174,0.0,0.0,128.0,550.0
944526.0,0.0,-3.1339,-0.001,-0.04343,0.0,0.0,0.174,0.0,0.0,128.0,550.0
944566.0,0.0,-3.1339,0.0,-0.04343,0.0,0.0,0.174,0.0,0.0,128.0,549.0
944606.0,0.0,-3.1339,-0.001,-0.04343,0.0,0.0,0.174,0.0,0.0,128.0,550.0
944647.0,0.0,-3.1339,0.001,-0.04343,0.0,0.0,0.174,0.0,0.0,128.0,548.0
944687.0,0.0,-3.1339,-0.001,-0.04343,0.0,0.0,0.174,0.0,0.0,128.0,557.0
944727.0,0.0,-3.1339,0.004,-0.04343,0.0,0.0,0.174,0.0,0.0,128.0,550.0
944767.0,0.0,-3.1339,-0.001,-0.04343,0.0,0.0,0.174,0.0,0.0,128.0,550.0
944808.0,0.0,-3.1339,0.0,-0.04343,0.0,0.0,0.174,0.0,0.0,128.0,550.0
944848.0,0.0,-3.1339,-0.0,-0.04343,0.0,0.0,0.174,0.0,0.0,128.0,544.0
944888.0,0.0,-3.1339,0.0,-0.04343,0.0,0.0,0.174,0.0,0.0,128.0,543.0
944928.0,0.0,-3.1339,-0.002,-0.04343,0.0,0.0,0.174,0.0,0.0,128.0,550.0
944968.0,0.0,-3.1339,-0.0,-0.04343,0.0,0.0,0.174,0.0,0.0,128.0,551.0
945009.0,0.0,-3.1339,0.0,-0.04343,0.0,0.0,0.174,0.0,0.0,128.0,550.0
945049.0,0.0,-3.1339,0.008,-0.04343,0.0,0.0,0.174,0.0,0.0,128.0,564.0
945089.0,0.0,-3.1324,0.013,-0.04343,0.0,0.0,0.174,0.0,0.0,128.0,563.0
945129.0,0.0,-3.1339,-0.003,-0.04343,0.0,0.0,0.174,0.0,0.0,128.0,550.0
945170.0,0.0,-3.1339,-0.0,-0.04343,0.0,0.0,0.174,0.0,0.0,128.0,549.0
945210.0,0.0,-3.1339,-0.001,-0.04343,0.0,0.0,0.174,0.0,0.0,128.0,550.0
945250.0,0.0,-3.1339,-0.001,-0.04343,0.0,0.0,0.174,0.0,0.0,128.0,550.0
945290.0,0.0,-3.1339,-0.001,-0.04343,0.0,0.0,0.174,0.0,0.0,128.0,557.0
945331.0,0.0,-3.1324,0.004,-0.04343,0.0,0.0,0.174,0.0,0.0,128.0,557.0
945371.0,0.0,-3.1339,-0.002,-0.04343,0.0,0.0,0.174,0.0,0.0,128.0,569.0
945411.0,0.0,-3.1324,0.004,-0.04343,0.0,0.0,0.174,0.0,0.0,128.0,549.0
945452.0,0.0,-3.1339,-0.002,-0.04343,0.0,0.0,0.174,0.0,0.0,128.0,550.0
945492.0,0.0,-3.1339,0.001,-0.04343,0.0,0.0,0.174,0.0,0.0,128.0,550.0
945532.0,0.0,-3.1339,-0.004,-0.04343,0.0,0.0,0.174,0.0,0.0,128.0,550.0
945572.0,0.0,-3.1339,0.003,-0.04343,0.0,0.0,0.174,0.0,0.0,128.0,550.0
945613.0,0.0,-3.1339,0.003,-0.04343,0.0,0.0,0.174,0.0,0.0,128.0,549.0
945653.0,0.0,-3.1339,-0.001,-0.04343,0.0,0.0,0.174,0.0,0.0,128.0,549.0
945693.0,0.0,-3.1339,-0.001,-0.04343,0.0,0.0,0.174,0.0,0.0,128.0,556.0
945733.0,0.0,-3.1339,0.007,-0.04343,0.0,0.0,0.174,0.0,0.0,128.0,557.0
945774.0,0.0,-3.1339,-0.003,-0.04343,0.0,0.0,0.174,0.0,0.0,128.0,542.0
945814.0,0.0,-3.1339,-0.004,-0.04343,0.0,0.0,0.174,0.0,0.0,128.0,544.0
945854.0,0.0,-3.1339,-0.001,-0.04343,0.0,0.0,0.174,0.0,0.0,128.0,550.0
945894.0,0.0,-3.1339,-0.001,-0.04343,0.0,0.0,0.174,0.0,0.0,128.0,549.0
945934.0,0.0,-3.1339,0.001,-0.04343,0.0,0.0,0.174,0.0,0.0,128.0,550.0
945975.0,0.0,-3.1339,-0.005,-0.04343,0.0,0.0,0.174,0.0,0.0,128.0,550.0
946015.0,0.0,-3.1339,-0.001,-0.04343,0.0,0.0,0.174,0.0,0.0,128.0,544.0
946055.0,0.0,-3.1339,-0.001,-0.04343,0.0,0.0,0.174,0.0,0.0,128.0,558.0
946095.0,0.0,-3.1339,0.008,-0.04343,0.0,0.0,0.174,0.0,0.0,128.0,564.0
946135.0,0.0,-3.1339,-0.006,-0.04343,0.0,0.0,0.174,0.0,0.0,128.0,551.0
946176.0,0.0,-3.1339,0.004,-0.04343,0.0,0.0,0.174,0.0,0.0,128.0,550.0
946216.0,0.0,-3.1339,-0.0,-0.04343,0.0,0.0,0.174,0.0,0.0,128.0,543.0
946256.0,0.0,-3.1339,-0.003,-0.04343,0.0,0.0,0.174,0.0,0.0,128.0,542.0
946296.0,0.0,-3.1339,-0.002,-0.04343,0.0,0.0,0.174,0.0,0.0,128.0,549.0
946337.0,0.0,-3.1339,-0.002,-0.04343,0.0,0.0,0.174,0.0,0.0,128.0,542.0
946377.0,0.0,-3.1339,-0.001,-0.04343,0.0,0.0,0.174,0.0,0.0,128.0,549.0
946417.0,0.0,-3.1339,-0.002,-0.04343,0.0,0.0,0.174,0.0,0.0,128.0,550.0
946457.0,0.0,-3.1339,-0.0,-0.04343,0.0,0.0,0.174,0.0,0.0,128.0,537.0
946497.0,0.0,-3.1339,-0.001,-0.04343,0.0,0.0,0.174,0.0,0.0,128.0,543.0
946537.0,0.0,-3.1339,0.007,-0.04343,0.0,0.0,0.174,0.0,0.0,128.0,557.0
946578.0,0.0,-3.1339,-0.006,-0.04343,0.0,0.0,0.174,0.0,0.0,128.0,543.0
946618.0,0.0,-3.1339,-0.002,-0.04343,0.0,0.0,0.174,0.0,0.0,128.0,544.0
946658.0,0.0,-3.1339,-0.001,-0.04343,0.0,0.0,0.174,0.0,0.0,128.0,564.0
946698.0,0.0,-3.1324,0.006,-0.04343,0.0,0.0,0.174,0.0,0.0,128.0,557.0
946739.0,0.0,-3.1339,-0.002,-0.04343,0.0,0.0,0.174,0.0,0.0,128.0,550.0
946779.0,0.0,-3.1339,-0.003,-0.04343,0.0,0.0,0.174,0.0,0.0,128.0,550.0
946819.0,0.0,-3.1339,-0.001,-0.04343,0.0,0.0,0.174,0.0,0.0,128.0,550.0
946860.0,0.0,-3.1339,-0.002,-0.04343,0.0,0.0,0.174,0.0,0.0,128.0,549.0
946900.0,0.0,-3.1339,-0.001,-0.04343,0.0,0.0,0.174,0.0,0.0,128.0,543.0
946940.0,0.0,-3.1339,-0.003,-0.04343,0.0,0.0,0.174,0.0,0.0,128.0,556.0
946980.0,0.0,-3.1339,0.001,-0.04343,0.0,0.0,0.174,0.0,0.0,128.0,550.0
947021.0,0.0,-3.1339,-0.001,-0.04343,0.0,0.0,0.174,0.0,0.0,128.0,550.0
947061.0,0.0,-3.1339,-0.0,-0.04343,0.0,0.0,0.174,0.0,0.0,128.0,550.0
947101.0,0.0,-3.1339,-0.003,-0.04343,0.0,0.0,0.174,0.0,0.0,128.0,537.0
947141.0,0.0,-3.1339,-0.003,-0.04343,0.0,0.0,0.174,0.0,0.0,128.0,550.0
947182.0,0.0,-3.1339,-0.001,-0.04343,0.0,0.0,0.174,0.0,0.0,128.0,544.0
947222.0,0.0,-3.1339,0.0,-0.04343,0.0,0.0,0.174,0.0,0.0,128.0,550.0
947262.0,0.0,-3.1339,0.005,-0.04343,0.0,0.0,0.174,0.0,0.0,128.0,544.0
947303.0,0.0,-3.1339,-0.005,-0.04343,0.0,0.0,0.174,0.0,0.0,128.0,550.0
947343.0,0.0,-3.1339,0.0,-0.04343,0.0,0.0,0.174,0.0,0.0,128.0,549.0
947383.0,0.0,-3.1339,-0.001,-0.04343,0.0,0.0,0.174,0.0,0.0,128.0,550.0
947423.0,0.0,-3.1339,-0.0,-0.04343,0.0,0.0,0.174,0.0,0.0,128.0,558.0
947464.0,0.0,-3.1339,-0.001,-0.04343,0.0,0.0,0.174,0.0,0.0,128.0,557.0
947504.0,0.0,-3.1324,0.006,-0.04343,0.0,0.0,0.174,0.0,0.0,128.0,556.0
947544.0,0.0,-3.1339,-0.004,-0.04343,0.0,0.0,0.174,0.0,0.0,128.0,549.0
947585.0,0.0,-3.1339,-0.0,-0.04343,0.0,0.0,0.174,0.0,0.0,128.0,550.0
947625.0,0.0,-3.1339,-0.001,-0.04343,0.0,0.0,0.174,0.0,0.0,128.0,544.0
947665.0,0.0,-3.1339,-0.001,-0.04343,0.0,0.0,0.174,0.0,0.0,128.0,550.0
947705.0,0.0,-3.1324,0.005,-0.04343,0.0,0.0,0.174,0.0,0.0,128.0,550.0
947746.0,0.0,-3.1339,-0.002,-0.04343,0.0,0.0,0.174,0.0,0.0,128.0,542.0
947786.0,0.0,-3.1339,-0.001,-0.04343,0.0,0.0,0.174,0.0,0.0,128.0,550.0
947826.0,0.0,-3.1339,-0.001,-0.04343,0.0,0.0,0.174,0.0,0.0,128.0,550.0
947866.0,0.0,-3.1339,-0.0,-0.04343,0.0,0.0,0.174,0.0,0.0,128.0,542.0
947907.0,0.0,-3.1339,-0.003,-0.04343,0.0,0.0,0.174,0.0,0.0,128.0,544.0
947947.0,0.0,-3.1339,0.004,-0.04343,0.0,0.0,0.174,0.0,0.0,128.0,557.0
947987.0,0.0,-3.1339,-0.004,-0.04343,0.0,0.0,0.174,0.0,0.0,128.0,550.0
948027.0,0.0,-3.1339,-0.001,-0.04343,0.0,0.0,0.174,0.0,0.0,128.0,549.0
948067.0,0.0,-3.1339,-0.001,-0.04343,0.0,0.0,0.174,0.0,0.0,128.0,550.0
948108.0,0.0,-3.1339,-0.001,-0.04343,0.0,0.0,0.174,0.0,0.0,128.0,549.0
948148.0,0.0,-3.1339,-0.002,-0.04343,0.0,0.0,0.174,0.0,0.0,128.0,544.0
948188.0,0.0,-3.1339,-0.003,-0.04343,0.0,0.0,0.174,0.0,0.0,128.0,564.0
948228.0,0.0,-3.1339,-0.002,-0.04343,0.0,0.0,0.174,0.0,0.0,128.0,549.0
948269.0,0.0,-3.1339,-0.002,-0.04343,0.0,0.0,0.174,0.0,0.0,128.0,544.0
948309.0,0.0,-3.1339,-0.001,-0.04343,0.0,0.0,0.174,0.0,0.0,128.0,550.0
948349.0,0.0,-3.1339,-0.003,-0.04343,0.0,0.0,0.174,0.0,0.0,128.0,549.0
948389.0,0.0,-3.1339,-0.002,-0.04343,0.0,0.0,0.174,0.0,0.0,128.0,549.0
948429.0,0.0,-3.1339,0.005,-0.04343,0.0,0.0,0.174,0.0,0.0,128.0,557.0
948470.0,0.0,-3.1339,-0.002,-0.04343,0.0,0.0,0.174,0.0,0.0,128.0,550.0
948510.0,0.0,-3.1339,0.001,-0.04343,0.0,0.0,0.174,0.0,0.0,128.0,550.0
948550.0,0.0,-3.1339,-0.001,-0.04343,0.0,0.0,0.174,0.0,0.0,128.0,549.0
948590.0,0.0,-3.1339,-0.002,-0.04343,0.0,0.0,0.174,0.0,0.0,128.0,550.0
948631.0,0.0,-3.1339,-0.001,-0.04343,0.0,0.0,0.174,0.0,0.0,128.0,550.0
948671.0,0.0,-3.1339,-0.0,-0.04343,0.0,0.0,0.174,0.0,0.0,128.0,550.0
948711.0,0.0,-3.1339,-0.0,-0.04343,0.0,0.0,0.174,0.0,0.0,128.0,550.0
948751.0,0.0,-3.1324,0.011,-0.04343,0.0,0.0,0.174,0.0,0.0,128.0,557.0
948791.0,0.0,-3.1339,-0.002,-0.04343,0.0,0.0,0.174,0.0,0.0,128.0,550.0
948831.0,0.0,-3.1339,-0.002,-0.04343,0.0,0.0,0.174,0.0,0.0,128.0,549.0
948871.0,0.0,-3.1339,-0.001,-0.04343,0.0,0.0,0.174,0.0,0.0,128.0,550.0
948912.0,0.0,-3.1339,-0.001,-0.04343,0.0,0.0,0.174,0.0,0.0,128.0,550.0
948952.0,0.0,-3.1339,-0.003,-0.04343,0.0,0.0,0.174,0.0,0.0,128.0,550.0
948992.0,0.0,-3.1339,-0.002,-0.04343,0.0,0.0,0.174,0.0,0.0,128.0,549.0
949032.0,0.0,-3.1339,-0.0,-0.04343,0.0,0.0,0.174,0.0,0.0,128.0,549.0
949073.0,0.0,-3.1339,-0.002,-0.04343,0.0,0.0,0.174,0.0,0.0,128.0,549.0
949113.0,0.0,-3.1339,0.005,-0.04343,0.0,0.0,0.174,0.0,0.0,128.0,557.0
949153.0,0.0,-3.1339,0.0,-0.04343,0.0,0.0,0.174,0.0,0.0,128.0,549.0
949193.0,0.0,-3.1339,-0.001,-0.04343,0.0,0.0,0.174,0.0,0.0,128.0,550.0
949234.0,0.0,-3.1339,0.0,-0.04343,0.0,0.0,0.174,0.0,0.0,128.0,550.0
949274.0,0.0,-3.1339,-0.0,-0.04343,0.0,0.0,0.174,0.0,0.0,128.0,550.0
949314.0,0.0,-3.1355,-0.006,-0.04343,0.0,0.0,0.174,0.0,0.0,128.0,557.0
949354.0,0.0,-3.1339,0.001,-0.04343,0.0,0.0,0.174,0.0,0.0,128.0,557.0
949395.0,0.0,-3.1339,0.003,-0.04343,0.0,0.0,0.174,0.0,0.0,128.0,551.0
949435.0,0.0,-3.1339,-0.001,-0.04343,0.0,0.0,0.174,0.0,0.0,128.0,558.0
949475.0,0.0,-3.1339,-0.0,-0.04343,0.0,0.0,0.174,0.0,0.0,128.0,543.0
949515.0,0.0,-3.1339,0.0,-0.04343,0.0,0.0,0.174,0.0,0.0,128.0,544.0
949556.0,0.0,-3.1339,-0.001,-0.04343,0.0,0.0,0.174,0.0,0.0,128.0,550.0
949596.0,0.0,-3.1339,-0.003,-0.04343,0.0,0.0,0.174,0.0,0.0,128.0,550.0
949636.0,0.0,-3.1339,0.012,-0.04343,0.0,0.0,0.174,0.0,0.0,128.0,557.0
949677.0,0.0,-3.1339,-0.001,-0.04343,0.0,0.0,0.174,0.0,0.0,128.0,550.0
949717.0,0.0,-3.1339,-0.001,-0.04343,0.0,0.0,0.174,0.0,0.0,128.0,544.0
949757.0,0.0,-3.1339,0.005,-0.04343,0.0,0.0,0.174,0.0,0.0,128.0,551.0
949797.0,0.0,-3.1339,0.003,-0.04343,0.0,0.0,0.174,0.0,0.0,128.0,556.0
949837.0,0.0,-3.1339,-0.0,-0.04343,0.0,0.0,0.174,0.0,0.0,128.0,542.0
949877.0,0.0,-3.1339,-0.0,-0.04343,0.0,0.0,0.174,0.0,0.0,128.0,549.0
949918.0,0.0,-3.1339,0.0,-0.04343,0.0,0.0,0.174,0.0,0.0,128.0,549.0
949958.0,0.0,-3.1339,0.001,-0.04343,0.0,0.0,0.174,0.0,0.0,128.0,544.0
949998.0,0.0,-3.1339,-0.001,-0.04343,0.0,0.0,0.174,0.0,0.0,128.0,549.0
950038.0,0.0,-3.1339,0.0,-0.04343,0.0,0.0,0.174,0.0,0.0,128.0,550.0
950078.0,0.0,-3.1339,0.003,-0.04343,0.0,0.0,0.174,0.0,0.0,128.0,550.0
950119.0,0.0,-3.1339,-0.002,-0.04343,0.0,0.0,0.174,0.0,0.0,128.0,550.0
950159.0,0.0,-3.1324,0.007,-0.04343,0.0,0.0,0.174,0.0,0.0,128.0,551.0
950199.0,0.0,-3.1339,-0.003,-0.04343,0.0,0.0,0.174,0.0,0.0,128.0,550.0
950239.0,0.0,-3.1339,-0.0,-0.04343,0.0,0.0,0.174,0.0,0.0,128.0,550.0
950279.0,0.0,-3.1339,-0.0,-0.04343,0.0,0.0,0.174,0.0,0.0,128.0,549.0
950319.0,0.0,-3.1339,0.0,-0.04343,0.0,0.0,0.174,0.0,0.0,128.0,549.0
950360.0,0.0,-3.1339,-0.001,-0.04343,0.0,0.0,0.174,0.0,0.0,128.0,542.0
950400.0,0.0,-3.1339,-0.001,-0.04343,0.0,0.0,0.174,0.0,0.0,128.0,550.0
950440.0,0.0,-3.1339,-0.002,-0.04343,0.0,0.0,0.174,0.0,0.0,128.0,556.0
950480.0,0.0,-3.1339,-0.001,-0.04343,0.0,0.0,0.174,0.0,0.0,128.0,550.0
950521.0,0.0,-3.1339,-0.0,-0.04343,0.0,0.0,0.174,0.0,0.0,128.0,550.0
950561.0,0.0,-3.1339,0.0,-0.04343,0.0,0.0,0.174,0.0,0.0,128.0,556.0
950601.0,0.0,-3.1339,0.001,-0.04343,0.0,0.0,0.174,0.0,0.0,128.0,542.0
950641.0,0.0,-3.1339,0.003,-0.04343,0.0,0.0,0.174,0.0,0.0,128.0,549.0
950682.0,0.0,-3.1339,-0.001,-0.04343,0.0,0.0,0.174,0.0,0.0,128.0,550.0
950722.0,0.0,-3.1339,-0.0,-0.04343,0.0,0.0,0.174,0.0,0.0,128.0,550.0
950762.0,0.0,-3.1324,0.007,-0.04343,0.0,0.0,0.174,0.0,0.0,128.0,549.0
950802.0,0.0,-3.1339,0.002,-0.04343,0.0,0.0,0.174,0.0,0.0,128.0,557.0
950843.0,0.0,-3.1339,-0.001,-0.04343,0.0,0.0,0.174,0.0,0.0,128.0,551.0
950883.0,0.0,-3.1339,0.001,-0.04343,0.0,0.0,0.174,0.0,0.0,128.0,550.0
950923.0,0.0,-3.1339,-0.0,-0.04343,0.0,0.0,0.174,0.0,0.0,128.0,551.0
950964.0,0.0,-3.1339,-0.002,-0.04343,0.0,0.0,0.174,0.0,0.0,128.0,550.0
951004.0,0.0,-3.1339,-0.001,-0.04343,0.0,0.0,0.174,0.0,0.0,128.0,550.0
951044.0,0.0,-3.1339,0.001,-0.04343,0.0,0.0,0.174,0.0,0.0,128.0,549.0
951085.0,0.0,-3.1339,-0.003,-0.04343,0.0,0.0,0.174,0.0,0.0,128.0,550.0
951125.0,0.0,-3.1339,-0.001,-0.04343,0.0,0.0,0.174,0.0,0.0,128.0,550.0
951165.0,0.0,-3.1339,0.001,-0.04343,0.0,0.0,0.174,0.0,0.0,128.0,550.0
951205.0,0.0,-3.1339,-0.0,-0.04343,0.0,0.0,0.174,0.0,0.0,128.0,570.0
951245.0,0.0,-3.1339,0.002,-0.04343,0.0,0.0,0.174,0.0,0.0,128.0,549.0
951285.0,0.0,-3.1339,-0.002,-0.04343,0.0,0.0,0.174,0.0,0.0,128.0,557.0
951326.0,0.0,-3.1339,0.004,-0.04343,0.0,0.0,0.174,0.0,0.0,128.0,549.0
951366.0,0.0,-3.1339,-0.0,-0.04343,0.0,0.0,0.174,0.0,0.0,128.0,550.0
951406.0,0.0,-3.1339,-0.0,-0.04343,0.0,0.0,0.174,0.0,0.0,128.0,550.0
951446.0,0.0,-3.1339,-0.0,-0.04343,0.0,0.0,0.174,0.0,0.0,128.0,549.0
951486.0,0.0,-3.1324,0.004,-0.04343,0.0,0.0,0.174,0.0,0.0,128.0,557.0
951527.0,0.0,-3.1339,0.003,-0.04343,0.0,0.0,0.174,0.0,0.0,128.0,550.0
951567.0,0.0,-3.1339,-0.001,-0.04343,0.0,0.0,0.174,0.0,0.0,128.0,550.0
951607.0,0.0,-3.1324,0.008,-0.04343,0.0,0.0,0.174,0.0,0.0,128.0,557.0
951647.0,0.0,-3.1339,-0.002,-0.04343,0.0,0.0,0.174,0.0,0.0,128.0,549.0
951688.0,0.0,-3.1339,0.001,-0.04343,0.0,0.0,0.174,0.0,0.0,128.0,543.0
951728.0,0.0,-3.1324,0.005,-0.04343,0.0,0.0,0.174,0.0,0.0,128.0,557.0
951768.0,0.0,-3.1339,-0.001,-0.04343,0.0,0.0,0.174,0.0,0.0,128.0,550.0
951808.0,0.0,-3.1339,-0.001,-0.04343,0.0,0.0,0.174,0.0,0.0,128.0,542.0
951848.0,0.0,-3.1339,0.007,-0.04343,0.0,0.0,0.174,0.0,0.0,128.0,556.0
951889.0,0.0,-3.1339,0.002,-0.04343,0.0,0.0,0.174,0.0,0.0,128.0,550.0
951929.0,0.0,-3.1339,-0.002,-0.04343,0.0,0.0,0.174,0.0,0.0,128.0,544.0
951969.0,0.0,-3.1339,-0.0,-0.04343,0.0,0.0,0.174,0.0,0.0,128.0,550.0
952009.0,0.0,-3.1339,-0.0,-0.04343,0.0,0.0,0.174,0.0,0.0,128.0,551.0
952050.0,0.0,-3.1339,0.002,-0.04343,0.0,0.0,0.174,0.0,0.0,128.0,557.0
952090.0,0.0,-3.1339,-0.001,-0.04343,0.0,0.0,0.174,0.0,0.0,128.0,569.0
952130.0,0.0,-3.1339,-0.0,-0.04343,0.0,0.0,0.174,0.0,0.0,128.0,544.0
952171.0,0.0,-3.1339,-0.002,-0.04343,0.0,0.0,0.174,0.0,0.0,128.0,550.0
952211.0,0.0,-3.1339,-0.0,-0.04343,0.0,0.0,0.174,0.0,0.0,128.0,550.0
952251.0,0.0,-3.1339,-0.0,-0.04343,0.0,0.0,0.174,0.0,0.0,128.0,544.0
952292.0,0.0,-3.1339,-0.001,-0.04343,0.0,0.0,0.174,0.0,0.0,128.0,550.0
952332.0,0.0,-3.1339,0.006,-0.04343,0.0,0.0,0.174,0.0,0.0,128.0,557.0
952372.0,0.0,-3.1339,-0.0,-0.04343,0.0,0.0,0.174,0.0,0.0,128.0,550.0
952412.0,0.0,-3.1339,-0.001,-0.04343,0.0,0.0,0.174,0.0,0.0,128.0,550.0
952453.0,0.0,-3.1339,-0.002,-0.04343,0.0,0.0,0.174,0.0,0.0,128.0,550.0
952493.0,0.0,-3.1339,-0.003,-0.04343,0.0,0.0,0.174,0.0,0.0,128.0,556.0
952533.0,0.0,-3.1339,-0.003,-0.04343,0.0,0.0,0.174,0.0,0.0,128.0,550.0
952574.0,0.0,-3.1339,-0.002,-0.04343,0.0,0.0,0.174,0.0,0.0,128.0,544.0
952614.0,0.0,-3.1339,-0.0,-0.04343,0.0,0.0,0.174,0.0,0.0,128.0,550.0
952654.0,0.0,-3.1339,0.001,-0.04343,0.0,0.0,0.174,0.0,0.0,128.0,550.0
952694.0,0.0,-3.1339,-0.001,-0.04343,0.0,0.0,0.174,0.0,0.0,128.0,557.0
952735.0,0.0,-3.1339,-0.001,-0.04343,0.0,0.0,0.174,0.0,0.0,128.0,549.0
952775.0,0.0,-3.1339,-0.001,-0.04343,0.0,0.0,0.174,0.0,0.0,128.0,549.0
952815.0,0.0,-3.1339,0.003,-0.04343,0.0,0.0,0.174,0.0,0.0,128.0,550.0
952855.0,0.0,-3.1339,-0.001,-0.04343,0.0,0.0,0.174,0.0,0.0,128.0,557.0
952896.0,0.0,-3.1355,-0.007,-0.04343,0.0,0.0,0.174,0.0,0.0,128.0,551.0
952936.0,0.0,-3.1339,0.001,-0.04343,0.0,0.0,0.174,0.0,0.0,128.0,550.0
952976.0,0.0,-3.1339,-0.001,-0.04343,0.0,0.0,0.174,0.0,0.0,128.0,548.0
953017.0,0.0,-3.1339,-0.001,-0.04343,0.0,0.0,0.174,0.0,0.0,128.0,543.0
953057.0,0.0,-3.1339,-0.001,-0.04343,0.0,0.0,0.174,0.0,0.0,128.0,550.0
953097.0,0.0,-3.1339,-0.0,-0.04343,0.0,0.0,0.174,0.0,0.0,128.0,550.0
953137.0,0.0,-3.1339,0.0,-0.04343,0.0,0.0,0.174,0.0,0.0,128.0,542.0
953178.0,0.0,-3.1339,-0.001,-0.04343,0.0,0.0,0.174,0.0,0.0,128.0,544.0
953218.0,0.0,-3.1339,-0.001,-0.04343,0.0,0.0,0.174,0.0,0.0,128.0,550.0
953258.0,0.0,-3.1339,-0.001,-0.04343,0.0,0.0,0.174,0.0,0.0,128.0,550.0
953298.0,0.0,-3.1339,-0.0,-0.04343,0.0,0.0,0.174,0.0,0.0,128.0,542.0
953338.0,0.0,-3.1339,0.0,-0.04343,0.0,0.0,0.174,0.0,0.0,128.0,550.0
953379.0,0.0,-3.1339,0.0,-0.04343,0.0,0.0,0.174,0.0,0.0,128.0,549.0
953419.0,0.0,-3.1339,-0.0,-0.04343,0.0,0.0,0.174,0.0,0.0,128.0,550.0
953459.0,0.0,-3.1339,0.001,-0.04343,0.0,0.0,0.174,0.0,0.0,128.0,551.0
953500.0,0.0,-3.1339,-0.0,-0.04343,0.0,0.0,0.174,0.0,0.0,128.0,557.0
953540.0,0.0,-3.1339,0.0,-0.04343,0.0,0.0,0.174,0.0,0.0,128.0,543.0
953580.0,0.0,-3.1339,0.001,-0.04343,0.0,0.0,0.174,0.0,0.0,128.0,544.0
953620.0,0.0,-3.1339,-0.002,-0.04343,0.0,0.0,0.174,0.0,0.0,128.0,550.0
953661.0,0.0,-3.1339,-0.002,-0.04343,0.0,0.0,0.174,0.0,0.0,128.0,549.0
953701.0,0.0,-3.1339,0.0,-0.04343,0.0,0.0,0.174,0.0,0.0,128.0,550.0
953741.0,0.0,-3.1339,-0.001,-0.04343,0.0,0.0,0.174,0.0,0.0,128.0,549.0
953782.0,0.0,-3.1339,0.001,-0.04343,0.0,0.0,0.174,0.0,0.0,128.0,549.0
953822.0,0.0,-3.1339,0.0,-0.04343,0.0,0.0,0.174,0.0,0.0,128.0,550.0
953862.0,0.0,-3.1339,-0.001,-0.04343,0.0,0.0,0.174,0.0,0.0,128.0,550.0
953902.0,0.0,-3.1339,0.001,-0.04343,0.0,0.0,0.174,0.0,0.0,128.0,557.0
953943.0,0.0,-3.1339,-0.001,-0.04343,0.0,0.0,0.174,0.0,0.0,128.0,542.0
953983.0,0.0,-3.1339,0.003,-0.04343,0.0,0.0,0.174,0.0,0.0,128.0,550.0
954023.0,0.0,-3.1339,0.0,-0.04343,0.0,0.0,0.174,0.0,0.0,128.0,549.0
954063.0,0.0,-3.1339,-0.001,-0.04343,0.0,0.0,0.174,0.0,0.0,128.0,544.0
954103.0,0.0,-3.1339,-0.001,-0.04343,0.0,0.0,0.174,0.0,0.0,128.0,550.0
954144.0,0.0,-3.1339,-0.0,-0.04343,0.0,0.0,0.174,0.0,0.0,128.0,550.0
954184.0,0.0,-3.1339,0.002,-0.04343,0.0,0.0,0.174,0.0,0.0,128.0,550.0
954224.0,0.0,-3.1339,0.002,-0.04343,0.0,0.0,0.174,0.0,0.0,128.0,551.0
954265.0,0.0,-3.1339,0.004,-0.04343,0.0,0.0,0.174,0.0,0.0,128.0,551.0
954305.0,0.0,-3.1324,0.007,-0.04343,0.0,0.0,0.174,0.0,0.0,128.0,557.0
954345.0,0.0,-3.1339,-0.002,-0.04343,0.0,0.0,0.174,0.0,0.0,128.0,550.0
954385.0,0.0,-3.1339,-0.001,-0.04343,0.0,0.0,0.174,0.0,0.0,128.0,549.0
954425.0,0.0,-3.1339,0.002,-0.04343,0.0,0.0,0.174,0.0,0.0,128.0,550.0
954466.0,0.0,-3.1339,0.001,-0.04343,0.0,0.0,0.174,0.0,0.0,128.0,550.0
954506.0,0.0,-3.1339,-0.001,-0.04343,0.0,0.0,0.174,0.0,0.0,128.0,550.0
954546.0,0.0,-3.1324,0.005,-0.04343,0.0,0.0,0.174,0.0,0.0,128.0,557.0
954586.0,0.0,-3.1339,-0.002,-0.04343,0.0,0.0,0.174,0.0,0.0,128.0,550.0
954627.0,0.0,-3.1339,0.003,-0.04343,0.0,0.0,0.174,0.0,0.0,128.0,549.0
954667.0,0.0,-3.1339,0.002,-0.04343,0.0,0.0,0.174,0.0,0.0,128.0,556.0
954707.0,0.0,-3.1339,0.004,-0.04343,0.0,0.0,0.174,0.0,0.0,128.0,542.0
954748.0,0.0,-3.1339,0.004,-0.04343,0.0,0.0,0.174,0.0,0.0,128.0,544.0
954788.0,0.0,-3.1339,-0.002,-0.04343,0.0,0.0,0.174,0.0,0.0,128.0,550.0
954828.0,0.0,-3.1339,-0.002,-0.04343,0.0,0.0,0.174,0.0,0.0,128.0,550.0
954868.0,0.0,-3.1339,-0.001,-0.04343,0.0,0.0,0.174,0.0,0.0,128.0,542.0
954908.0,0.0,-3.1339,0.0,-0.04343,0.0,0.0,0.174,0.0,0.0,128.0,550.0
954948.0,0.0,-3.1339,0.001,-0.04343,0.0,0.0,0.174,0.0,0.0,128.0,550.0
954989.0,0.0,-3.1339,-0.002,-0.04343,0.0,0.0,0.174,0.0,0.0,128.0,549.0
955029.0,0.0,-3.1339,-0.002,-0.04343,0.0,0.0,0.174,0.0,0.0,128.0,550.0
955069.0,0.0,-3.1339,-0.002,-0.04343,0.0,0.0,0.174,0.0,0.0,128.0,550.0
955110.0,0.0,-3.1339,0.001,-0.04343,0.0,0.0,0.174,0.0,0.0,128.0,543.0
955150.0,0.0,-3.1339,-0.001,-0.04343,0.0,0.0,0.174,0.0,0.0,128.0,556.0
955190.0,0.0,-3.1339,0.002,-0.04343,0.0,0.0,0.174,0.0,0.0,128.0,550.0
955231.0,0.0,-3.1339,-0.001,-0.04343,0.0,0.0,0.174,0.0,0.0,128.0,550.0
955271.0,0.0,-3.1339,0.001,-0.04343,0.0,0.0,0.174,0.0,0.0,128.0,543.0
955311.0,0.0,-3.1339,0.003,-0.04343,0.0,0.0,0.174,0.0,0.0,128.0,550.0
955351.0,0.0,-3.1339,-0.002,-0.04343,0.0,0.0,0.174,0.0,0.0,128.0,550.0
955392.0,0.0,-3.1339,-0.001,-0.04343,0.0,0.0,0.174,0.0,0.0,128.0,550.0
955432.0,0.0,-3.1339,0.004,-0.04343,0.0,0.0,0.174,0.0,0.0,128.0,550.0
955472.0,0.0,-3.1339,-0.001,-0.04343,0.0,0.0,0.174,0.0,0.0,128.0,549.0
955512.0,0.0,-3.1339,-0.001,-0.04343,0.0,0.0,0.174,0.0,0.0,128.0,549.0
955553.0,0.0,-3.1339,-0.0,-0.04343,0.0,0.0,0.174,0.0,0.0,128.0,550.0
955593.0,0.0,-3.1339,-0.0,-0.04343,0.0,0.0,0.174,0.0,0.0,128.0,550.0
955633.0,0.0,-3.1339,0.003,-0.04343,0.0,0.0,0.174,0.0,0.0,128.0,549.0
955673.0,0.0,-3.1339,-0.001,-0.04343,0.0,0.0,0.174,0.0,0.0,128.0,550.0
955714.0,0.0,-3.1339,-0.002,-0.04343,0.0,0.0,0.174,0.0,0.0,128.0,550.0
955754.0,0.0,-3.1339,0.0,-0.04343,0.0,0.0,0.174,0.0,0.0,128.0,550.0
955794.0,0.0,-3.1324,0.004,-0.04343,0.0,0.0,0.174,0.0,0.0,128.0,557.0
955835.0,0.0,-3.1339,-0.001,-0.04343,0.0,0.0,0.174,0.0,0.0,128.0,549.0
955875.0,0.0,-3.1339,0.004,-0.04343,0.0,0.0,0.174,0.0,0.0,128.0,550.0
955915.0,0.0,-3.1339,-0.002,-0.04343,0.0,0.0,0.174,0.0,0.0,128.0,551.0
955955.0,0.0,-3.1339,0.004,-0.04343,0.0,0.0,0.174,0.0,0.0,128.0,551.0
955996.0,0.0,-3.1339,-0.002,-0.04343,0.0,0.0,0.174,0.0,0.0,128.0,557.0
956036.0,0.0,-3.1339,-0.002,-0.04343,0.0,0.0,0.174,0.0,0.0,128.0,543.0
956076.0,0.0,-3.1339,-0.001,-0.04343,0.0,0.0,0.174,0.0,0.0,128.0,549.0
956116.0,0.0,-3.1339,0.001,-0.04343,0.0,0.0,0.174,0.0,0.0,128.0,549.0
956157.0,0.0,-3.1339,-0.002,-0.04343,0.0,0.0,0.174,0.0,0.0,128.0,550.0
956197.0,0.0,-3.1339,-0.0,-0.04343,0.0,0.0,0.174,0.0,0.0,128.0,543.0
956237.0,0.0,-3.1339,0.0,-0.04343,0.0,0.0,0.174,0.0,0.0,128.0,550.0
956277.0,0.0,-3.1339,-0.001,-0.04343,0.0,0.0,0.174,0.0,0.0,128.0,542.0
956317.0,0.0,-3.1339,0.003,-0.04343,0.0,0.0,0.174,0.0,0.0,128.0,549.0
956357.0,0.0,-3.1339,0.004,-0.04343,0.0,0.0,0.174,0.0,0.0,128.0,557.0
956398.0,0.0,-3.1339,-0.002,-0.04343,0.0,0.0,0.174,0.0,0.0,128.0,550.0
956438.0,0.0,-3.1339,-0.003,-0.04343,0.0,0.0,0.174,0.0,0.0,128.0,550.0
956478.0,0.0,-3.1339,-0.001,-0.04343,0.0,0.0,0.174,0.0,0.0,128.0,550.0
956518.0,0.0,-3.1339,-0.002,-0.04343,0.0,0.0,0.174,0.0,0.0,128.0,549.0
956558.0,0.0,-3.1339,0.002,-0.04343,0.0,0.0,0.174,0.0,0.0,128.0,550.0
956599.0,0.0,-3.1339,0.004,-0.04343,0.0,0.0,0.174,0.0,0.0,128.0,550.0
956639.0,0.0,-3.1339,-0.001,-0.04343,0.0,0.0,0.174,0.0,0.0,128.0,550.0
956679.0,0.0,-3.1339,-0.0,-0.04343,0.0,0.0,0.174,0.0,0.0,128.0,542.0
956720.0,0.0,-3.1339,0.001,-0.04343,0.0,0.0,0.174,0.0,0.0,128.0,544.0
956760.0,0.0,-3.1339,0.0,-0.04343,0.0,0.0,0.174,0.0,0.0,128.0,550.0
956800.0,0.0,-3.1339,0.004,-0.04343,0.0,0.0,0.174,0.0,0.0,128.0,545.0
956841.0,0.0,-3.1339,0.004,-0.04343,0.0,0.0,0.174,0.0,0.0,128.0,550.0
956881.0,0.0,-3.1339,-0.001,-0.04343,0.0,0.0,0.174,0.0,0.0,128.0,550.0
956921.0,0.0,-3.1339,-0.001,-0.04343,0.0,0.0,0.174,0.0,0.0,128.0,544.0
956962.0,0.0,-3.1339,-0.0,-0.04343,0.0,0.0,0.174,0.0,0.0,128.0,544.0
957002.0,0.0,-3.1339,0.001,-0.04343,0.0,0.0,0.174,0.0,0.0,128.0,550.0
957042.0,0.0,-3.1339,-0.001,-0.04343,0.0,0.0,0.174,0.0,0.0,128.0,549.0
957082.0,0.0,-3.1339,0.005,-0.04343,0.0,0.0,0.174,0.0,0.0,128.0,551.0
957123.0,0.0,-3.1339,-0.001,-0.04343,0.0,0.0,0.174,0.0,0.0,128.0,550.0
957163.0,0.0,-3.1339,-0.002,-0.04343,0.0,0.0,0.174,0.0,0.0,128.0,550.0
957203.0,0.0,-3.1339,0.001,-0.04343,0.0,0.0,0.174,0.0,0.0,128.0,544.0
957244.0,0.0,-3.1339,-0.001,-0.04343,0.0,0.0,0.174,0.0,0.0,128.0,544.0
957284.0,0.0,-3.1339,-0.001,-0.04343,0.0,0.0,0.174,0.0,0.0,128.0,550.0
957324.0,0.0,-3.1339,-0.001,-0.04343,0.0,0.0,0.174,0.0,0.0,128.0,550.0
957365.0,0.0,-3.1339,-0.003,-0.04343,0.0,0.0,0.174,0.0,0.0,128.0,550.0
957405.0,0.0,-3.1339,-0.001,-0.04343,0.0,0.0,0.174,0.0,0.0,128.0,550.0
957445.0,0.0,-3.1339,0.002,-0.04343,0.0,0.0,0.174,0.0,0.0,128.0,550.0
957485.0,0.0,-3.1339,-0.001,-0.04343,0.0,0.0,0.174,0.0,0.0,128.0,549.0
957525.0,0.0,-3.1339,-0.003,-0.04343,0.0,0.0,0.174,0.0,0.0,128.0,550.0
957566.0,0.0,-3.1339,-0.005,-0.04343,0.0,0.0,0.174,0.0,0.0,128.0,550.0
957606.0,0.0,-3.1324,0.004,-0.04343,0.0,0.0,0.174,0.0,0.0,128.0,557.0
957646.0,0.0,-3.1339,-0.002,-0.04343,0.0,0.0,0.174,0.0,0.0,128.0,550.0
957686.0,0.0,-3.1339,-0.002,-0.04343,0.0,0.0,0.174,0.0,0.0,128.0,557.0
957727.0,0.0,-3.1339,-0.001,-0.04343,0.0,0.0,0.174,0.0,0.0,128.0,549.0
957767.0,0.0,-3.1339,-0.001,-0.04343,0.0,0.0,0.174,0.0,0.0,128.0,556.0
957807.0,0.0,-3.1339,0.004,-0.04343,0.0,0.0,0.174,0.0,0.0,128.0,551.0
957848.0,0.0,-3.1339,-0.002,-0.04343,0.0,0.0,0.174,0.0,0.0,128.0,550.0
957888.0,0.0,-3.1339,-0.001,-0.04343,0.0,0.0,0.174,0.0,0.0,128.0,550.0
957928.0,0.0,-3.1339,-0.003,-0.04343,0.0,0.0,0.174,0.0,0.0,128.0,549.0
957968.0,0.0,-3.1339,-0.001,-0.04343,0.0,0.0,0.174,0.0,0.0,128.0,549.0
958009.0,0.0,-3.1339,-0.0,-0.04343,0.0,0.0,0.174,0.0,0.0,128.0,549.0
958049.0,0.0,-3.1339,-0.0,-0.04343,0.0,0.0,0.174,0.0,0.0,128.0,551.0
958089.0,0.0,-3.1339,-0.002,-0.04343,0.0,0.0,0.174,0.0,0.0,128.0,557.0
958130.0,0.0,-3.1339,-0.003,-0.04343,0.0,0.0,0.174,0.0,0.0,128.0,557.0
958170.0,0.0,-3.1339,-0.001,-0.04343,0.0,0.0,0.174,0.0,0.0,128.0,549.0
958210.0,0.0,-3.1339,-0.0,-0.04343,0.0,0.0,0.174,0.0,0.0,128.0,550.0
958251.0,0.0,-3.1339,-0.001,-0.04343,0.0,0.0,0.174,0.0,0.0,128.0,544.0
958291.0,0.0,-3.1339,-0.0,-0.04343,0.0,0.0,0.174,0.0,0.0,128.0,550.0
958331.0,0.0,-3.1339,-0.002,-0.04343,0.0,0.0,0.174,0.0,0.0,128.0,542.0
958372.0,0.0,-3.1339,-0.001,-0.04343,0.0,0.0,0.174,0.0,0.0,128.0,543.0
958412.0,0.0,-3.1339,-0.0,-0.04343,0.0,0.0,0.174,0.0,0.0,128.0,550.0
958452.0,0.0,-3.1339,-0.001,-0.04343,0.0,0.0,0.174,0.0,0.0,128.0,549.0
958492.0,0.0,-3.1339,-0.001,-0.04343,0.0,0.0,0.174,0.0,0.0,128.0,544.0
958532.0,0.0,-3.1339,-0.0,-0.04343,0.0,0.0,0.174,0.0,0.0,128.0,550.0
958573.0,0.0,-3.1339,0.001,-0.04343,0.0,0.0,0.174,0.0,0.0,128.0,544.0
958613.0,0.0,-3.1339,-0.001,-0.04343,0.0,0.0,0.174,0.0,0.0,128.0,550.0
958653.0,0.0,-3.1324,0.005,-0.04343,0.0,0.0,0.174,0.0,0.0,128.0,551.0
958693.0,0.0,-3.1339,-0.0,-0.04343,0.0,0.0,0.174,0.0,0.0,128.0,550.0
958733.0,0.0,-3.1339,0.005,-0.04343,0.0,0.0,0.174,0.0,0.0,128.0,550.0
958773.0,0.0,-3.1339,-0.003,-0.04343,0.0,0.0,0.174,0.0,0.0,128.0,557.0
958814.0,0.0,-3.1339,-0.001,-0.04343,0.0,0.0,0.174,0.0,0.0,128.0,557.0
958854.0,0.0,-3.1339,-0.0,-0.04343,0.0,0.0,0.174,0.0,0.0,128.0,563.0
958894.0,0.0,-3.1339,-0.0,-0.04343,0.0,0.0,0.174,0.0,0.0,128.0,549.0
958934.0,0.0,-3.1339,-0.002,-0.04343,0.0,0.0,0.174,0.0,0.0,128.0,550.0
958975.0,0.0,-3.1339,0.001,-0.04343,0.0,0.0,0.174,0.0,0.0,128.0,550.0
959015.0,0.0,-3.1339,-0.001,-0.04343,0.0,0.0,0.174,0.0,0.0,128.0,550.0
959055.0,0.0,-3.1339,0.002,-0.04343,0.0,0.0,0.174,0.0,0.0,128.0,550.0
959095.0,0.0,-3.1339,-0.002,-0.04343,0.0,0.0,0.174,0.0,0.0,128.0,549.0
959135.0,0.0,-3.1339,-0.001,-0.04343,0.0,0.0,0.174,0.0,0.0,128.0,550.0
959176.0,0.0,-3.1339,-0.0,-0.04343,0.0,0.0,0.174,0.0,0.0,128.0,550.0
959216.0,0.0,-3.1324,0.008,-0.04343,0.0,0.0,0.174,0.0,0.0,128.0,557.0
959256.0,0.0,-3.1339,-0.0,-0.04343,0.0,0.0,0.174,0.0,0.0,128.0,550.0
959297.0,0.0,-3.1339,0.003,-0.04343,0.0,0.0,0.174,0.0,0.0,128.0,549.0
959337.0,0.0,-3.1339,-0.001,-0.04343,0.0,0.0,0.174,0.0,0.0,128.0,550.0
959377.0,0.0,-3.1339,-0.001,-0.04343,0.0,0.0,0.174,0.0,0.0,128.0,550.0
959418.0,0.0,-3.1339,-0.001,-0.04343,0.0,0.0,0.174,0.0,0.0,128.0,549.0
959458.0,0.0,-3.1339,-0.001,-0.04343,0.0,0.0,0.174,0.0,0.0,128.0,550.0
959498.0,0.0,-3.1339,-0.0,-0.04343,0.0,0.0,0.174,0.0,0.0,128.0,542.0
959538.0,0.0,-3.1339,0.004,-0.04343,0.0,0.0,0.174,0.0,0.0,128.0,557.0
959579.0,0.0,-3.1339,0.003,-0.04343,0.0,0.0,0.174,0.0,0.0,128.0,551.0
959619.0,0.0,-3.1339,-0.002,-0.04343,0.0,0.0,0.174,0.0,0.0,128.0,550.0
959659.0,0.0,-3.1339,-0.001,-0.04343,0.0,0.0,0.174,0.0,0.0,128.0,556.0
959700.0,0.0,-3.1324,0.006,-0.04343,0.0,0.0,0.174,0.0,0.0,128.0,557.0
959740.0,0.0,-3.1339,0.01,-0.04343,0.0,0.0,0.174,0.0,0.0,128.0,551.0
959780.0,0.0,-3.1339,-0.006,-0.04343,0.0,0.0,0.174,0.0,0.0,128.0,550.0
959820.0,0.0,-3.1339,0.002,-0.04343,0.0,0.0,0.174,0.0,0.0,128.0,558.0
959860.0,0.0,-3.1339,0.0,-0.04343,0.0,0.0,0.174,0.0,0.0,128.0,551.0
959901.0,0.0,-3.1339,-0.001,-0.04343,0.0,0.0,0.174,0.0,0.0,128.0,551.0
959941.0,0.0,-3.1324,0.007,-0.04343,0.0,0.0,0.174,0.0,0.0,128.0,564.0
959981.0,0.0,-3.1339,-0.003,-0.04343,0.0,0.0,0.174,0.0,0.0,128.0,543.0
960021.0,0.0,-3.1339,-0.001,-0.04343,0.0,0.0,0.174,0.0,0.0,128.0,549.0
960061.0,0.0,-3.1339,-0.001,-0.04343,0.0,0.0,0.174,0.0,0.0,128.0,550.0
960102.0,0.0,-3.1339,0.004,-0.04343,0.0,0.0,0.174,0.0,0.0,128.0,544.0
960142.0,0.0,-3.1339,-0.001,-0.04343,0.0,0.0,0.174,0.0,0.0,128.0,550.0
960182.0,0.0,-3.1339,0.0,-0.04343,0.0,0.0,0.174,0.0,0.0,128.0,549.0
960222.0,0.0,-3.1339,-0.001,-0.04343,0.0,0.0,0.174,0.0,0.0,128.0,550.0
960263.0,0.0,-3.1339,-0.0,-0.04343,0.0,0.0,0.174,0.0,0.0,128.0,550.0
960303.0,0.0,-3.1339,-0.001,-0.04343,0.0,0.0,0.174,0.0,0.0,128.0,550.0
960343.0,0.0,-3.1339,-0.001,-0.04343,0.0,0.0,0.174,0.0,0.0,128.0,550.0
960383.0,0.0,-3.1339,-0.002,-0.04343,0.0,0.0,0.174,0.0,0.0,128.0,564.0
960423.0,0.0,-3.1339,-0.002,-0.04343,0.0,0.0,0.174,0.0,0.0,128.0,549.0
960464.0,0.0,-3.1339,-0.0,-0.04343,0.0,0.0,0.174,0.0,0.0,128.0,550.0
960504.0,0.0,-3.1339,-0.001,-0.04343,0.0,0.0,0.174,0.0,0.0,128.0,544.0
960544.0,0.0,-3.1324,0.011,-0.04343,0.0,0.0,0.174,0.0,0.0,128.0,557.0
960584.0,0.0,-3.1339,0.002,-0.04343,0.0,0.0,0.174,0.0,0.0,128.0,550.0
960624.0,0.0,-3.1339,-0.002,-0.04343,0.0,0.0,0.174,0.0,0.0,128.0,564.0
960664.0,0.0,-3.1339,-0.0,-0.04343,0.0,0.0,0.174,0.0,0.0,128.0,549.0
960705.0,0.0,-3.1339,-0.003,-0.04343,0.0,0.0,0.174,0.0,0.0,128.0,544.0
960745.0,0.0,-3.1339,0.003,-0.04343,0.0,0.0,0.174,0.0,0.0,128.0,550.0
960785.0,0.0,-3.1339,0.001,-0.04343,0.0,0.0,0.174,0.0,0.0,128.0,550.0
960825.0,0.0,-3.1339,0.003,-0.04343,0.0,0.0,0.174,0.0,0.0,128.0,550.0
960865.0,0.0,-3.1339,-0.002,-0.04343,0.0,0.0,0.174,0.0,0.0,128.0,570.0
960905.0,0.0,-3.1339,-0.0,-0.04343,0.0,0.0,0.174,0.0,0.0,128.0,550.0
960946.0,0.0,-3.1339,-0.003,-0.04343,0.0,0.0,0.174,0.0,0.0,128.0,550.0
960986.0,0.0,-3.1339,0.002,-0.04343,0.0,0.0,0.174,0.0,0.0,128.0,557.0
961026.0,0.0,-3.1339,-0.003,-0.04343,0.0,0.0,0.174,0.0,0.0,128.0,550.0
961066.0,0.0,-3.1339,-0.0,-0.04343,0.0,0.0,0.174,0.0,0.0,128.0,550.0
961107.0,0.0,-3.1339,0.005,-0.04343,0.0,0.0,0.174,0.0,0.0,128.0,549.0
961147.0,0.0,-3.1339,-0.001,-0.04343,0.0,0.0,0.174,0.0,0.0,128.0,544.0
961187.0,0.0,-3.1339,-0.0,-0.04343,0.0,0.0,0.174,0.0,0.0,128.0,543.0
961227.0,0.0,-3.1339,-0.002,-0.04343,0.0,0.0,0.174,0.0,0.0,128.0,551.0
961267.0,0.0,-3.1324,0.005,-0.04343,0.0,0.0,0.174,0.0,0.0,128.0,558.0
961308.0,0.0,-3.1339,-0.002,-0.04343,0.0,0.0,0.174,0.0,0.0,128.0,557.0
961348.0,0.0,-3.1339,0.011,-0.04343,0.0,0.0,0.174,0.0,0.0,128.0,565.0
961388.0,0.0,-3.1339,-0.003,-0.04343,0.0,0.0,0.174,0.0,0.0,128.0,543.0
961428.0,0.0,-3.1339,0.004,-0.04343,0.0,0.0,0.174,0.0,0.0,128.0,548.0
961469.0,0.0,-3.1339,-0.001,-0.04343,0.0,0.0,0.174,0.0,0.0,128.0,550.0
961509.0,0.0,-3.1339,-0.001,-0.04343,0.0,0.0,0.174,0.0,0.0,128.0,564.0
961549.0,0.0,-3.1339,-0.0,-0.04343,0.0,0.0,0.174,0.0,0.0,128.0,550.0
961590.0,0.0,-3.1339,-0.003,-0.04343,0.0,0.0,0.174,0.0,0.0,128.0,550.0
961630.0,0.0,-3.1339,-0.002,-0.04343,0.0,0.0,0.174,0.0,0.0,128.0,549.0
961670.0,0.0,-3.1339,-0.001,-0.04343,0.0,0.0,0.174,0.0,0.0,128.0,550.0
961710.0,0.0,-3.1339,0.002,-0.04343,0.0,0.0,0.174,0.0,0.0,128.0,550.0
961750.0,0.0,-3.1339,-0.001,-0.04343,0.0,0.0,0.174,0.0,0.0,128.0,543.0
961791.0,0.0,-3.1339,0.003,-0.04343,0.0,0.0,0.174,0.0,0.0,128.0,550.0
961831.0,0.0,-3.1339,-0.004,-0.04343,0.0,0.0,0.174,0.0,0.0,128.0,550.0
961871.0,0.0,-3.1339,-0.001,-0.04343,0.0,0.0,0.174,0.0,0.0,128.0,542.0
961911.0,0.0,-3.1339,0.0,-0.04343,0.0,0.0,0.174,0.0,0.0,128.0,549.0
961952.0,0.0,-3.1339,-0.003,-0.04343,0.0,0.0,0.174,0.0,0.0,128.0,550.0
961992.0,0.0,-3.1324,0.005,-0.04343,0.0,0.0,0.174,0.0,0.0,128.0,551.0
962032.0,0.0,-3.1339,-0.001,-0.04343,0.0,0.0,0.174,0.0,0.0,128.0,550.0
962072.0,0.0,-3.1339,-0.0,-0.04343,0.0,0.0,0.174,0.0,0.0,128.0,549.0
962112.0,0.0,-3.1339,-0.0,-0.04343,0.0,0.0,0.174,0.0,0.0,128.0,544.0
962153.0,0.0,-3.1339,0.001,-0.04343,0.0,0.0,0.174,0.0,0.0,128.0,544.0
962193.0,0.0,-3.1339,-0.002,-0.04343,0.0,0.0,0.174,0.0,0.0,128.0,550.0
962233.0,0.0,-3.1339,0.001,-0.04343,0.0,0.0,0.174,0.0,0.0,128.0,550.0
962273.0,0.0,-3.1339,0.004,-0.04343,0.0,0.0,0.174,0.0,0.0,128.0,542.0
962313.0,0.0,-3.1339,0.001,-0.04343,0.0,0.0,0.174,0.0,0.0,128.0,549.0
962354.0,0.0,-3.1339,-0.001,-0.04343,0.0,0.0,0.174,0.0,0.0,128.0,550.0
962394.0,0.0,-3.1339,0.001,-0.04343,0.0,0.0,0.174,0.0,0.0,128.0,550.0
962434.0,0.0,-3.1339,-0.001,-0.04343,0.0,0.0,0.174,0.0,0.0,128.0,550.0
962475.0,0.0,-3.1339,-0.002,-0.04343,0.0,0.0,0.174,0.0,0.0,128.0,550.0
962515.0,0.0,-3.1339,-0.0,-0.04343,0.0,0.0,0.174,0.0,0.0,128.0,556.0
962555.0,0.0,-3.1339,-0.001,-0.04343,0.0,0.0,0.174,0.0,0.0,128.0,550.0
962596.0,0.0,-3.1339,-0.0,-0.04343,0.0,0.0,0.174,0.0,0.0,128.0,549.0
962636.0,0.0,-3.1324,0.006,-0.04343,0.0,0.0,0.174,0.0,0.0,128.0,571.0
962676.0,0.0,-3.1339,-0.0,-0.04343,0.0,0.0,0.174,0.0,0.0,128.0,550.0
962717.0,0.0,-3.1339,-0.001,-0.04343,0.0,0.0,0.174,0.0,0.0,128.0,550.0
962757.0,0.0,-3.1339,-0.0,-0.04343,0.0,0.0,0.174,0.0,0.0,128.0,556.0
962797.0,0.0,-3.1339,0.007,-0.04343,0.0,0.0,0.174,0.0,0.0,128.0,549.0
962838.0,0.0,-3.1339,-0.003,-0.04343,0.0,0.0,0.174,0.0,0.0,128.0,550.0
962878.0,0.0,-3.1324,0.01,-0.04343,0.0,0.0,0.174,0.0,0.0,128.0,557.0
962918.0,0.0,-3.1339,-0.003,-0.04343,0.0,0.0,0.174,0.0,0.0,128.0,551.0
962958.0,0.0,-3.1339,-0.001,-0.04343,0.0,0.0,0.174,0.0,0.0,128.0,551.0
962999.0,0.0,-3.1339,-0.001,-0.04343,0.0,0.0,0.174,0.0,0.0,128.0,557.0
963039.0,0.0,-3.1339,0.005,-0.04343,0.0,0.0,0.174,0.0,0.0,128.0,550.0
963079.0,0.0,-3.1339,0.002,-0.04343,0.0,0.0,0.174,0.0,0.0,128.0,549.0
963119.0,0.0,-3.1339,-0.001,-0.04343,0.0,0.0,0.174,0.0,0.0,128.0,550.0
963160.0,0.0,-3.1339,-0.0,-0.04343,0.0,0.0,0.174,0.0,0.0,128.0,544.0
963200.0,0.0,-3.1339,0.001,-0.04343,0.0,0.0,0.174,0.0,0.0,128.0,557.0
963240.0,0.0,-3.1339,-0.002,-0.04343,0.0,0.0,0.174,0.0,0.0,128.0,550.0
963280.0,0.0,-3.1339,0.0,-0.04343,0.0,0.0,0.174,0.0,0.0,128.0,550.0
963321.0,0.0,-3.1339,-0.003,-0.04343,0.0,0.0,0.174,0.0,0.0,128.0,551.0
963361.0,0.0,-3.1339,-0.003,-0.04343,0.0,0.0,0.174,0.0,0.0,128.0,550.0
963401.0,0.0,-3.1339,0.004,-0.04343,0.0,0.0,0.174,0.0,0.0,128.0,550.0
963442.0,0.0,-3.1339,0.0,-0.04343,0.0,0.0,0.174,0.0,0.0,128.0,543.0
963482.0,0.0,-3.1339,0.004,-0.04343,0.0,0.0,0.174,0.0,0.0,128.0,542.0
963522.0,0.0,-3.1339,-0.002,-0.04343,0.0,0.0,0.174,0.0,0.0,128.0,550.0
963562.0,0.0,-3.1339,-0.0,-0.04343,0.0,0.0,0.174,0.0,0.0,128.0,549.0
963602.0,0.0,-3.1339,0.0,-0.04343,0.0,0.0,0.174,0.0,0.0,128.0,556.0
963642.0,0.0,-3.1339,0.001,-0.04343,0.0,0.0,0.174,0.0,0.0,128.0,551.0
963682.0,0.0,-3.1339,0.001,-0.04343,0.0,0.0,0.174,0.0,0.0,128.0,543.0
963722.0,0.0,-3.1339,0.002,-0.04343,0.0,0.0,0.174,0.0,0.0,128.0,557.0
963763.0,0.0,-3.1339,-0.001,-0.04343,0.0,0.0,0.174,0.0,0.0,128.0,551.0
963803.0,0.0,-3.1339,0.001,-0.04343,0.0,0.0,0.174,0.0,0.0,128.0,557.0
963843.0,0.0,-3.1339,0.0,-0.04343,0.0,0.0,0.174,0.0,0.0,128.0,549.0
963883.0,0.0,-3.1339,0.003,-0.04343,0.0,0.0,0.174,0.0,0.0,128.0,556.0
963924.0,0.0,-3.1339,-0.005,-0.04343,0.0,0.0,0.174,0.0,0.0,128.0,550.0
963964.0,0.0,-3.1339,0.0,-0.04343,0.0,0.0,0.174,0.0,0.0,128.0,550.0
964004.0,0.0,-3.1339,-0.001,-0.04343,0.0,0.0,0.174,0.0,0.0,128.0,550.0
964045.0,0.0,-3.1339,-0.001,-0.04343,0.0,0.0,0.174,0.0,0.0,128.0,549.0
964085.0,0.0,-3.1339,0.004,-0.04343,0.0,0.0,0.174,0.0,0.0,128.0,571.0
964125.0,0.0,-3.1339,-0.004,-0.04343,0.0,0.0,0.174,0.0,0.0,128.0,549.0
964166.0,0.0,-3.1339,-0.001,-0.04343,0.0,0.0,0.174,0.0,0.0,128.0,550.0
964206.0,0.0,-3.1339,-0.001,-0.04343,0.0,0.0,0.174,0.0,0.0,128.0,550.0
964246.0,0.0,-3.1339,0.004,-0.04343,0.0,0.0,0.174,0.0,0.0,128.0,550.0
964287.0,0.0,-3.1339,-0.002,-0.04343,0.0,0.0,0.174,0.0,0.0,128.0,550.0
964327.0,0.0,-3.1339,0.0,-0.04343,0.0,0.0,0.174,0.0,0.0,128.0,564.0
964367.0,0.0,-3.1339,0.0,-0.04343,0.0,0.0,0.174,0.0,0.0,128.0,550.0
964408.0,0.0,-3.1339,-0.003,-0.04343,0.0,0.0,0.174,0.0,0.0,128.0,550.0
964448.0,0.0,-3.1339,0.0,-0.04343,0.0,0.0,0.174,0.0,0.0,128.0,550.0
964488.0,0.0,-3.1339,0.002,-0.04343,0.0,0.0,0.174,0.0,0.0,128.0,544.0
964528.0,0.0,-3.1339,-0.007,-0.04343,0.0,0.0,0.174,0.0,0.0,128.0,549.0
964569.0,0.0,-3.1339,-0.0,-0.04343,0.0,0.0,0.174,0.0,0.0,128.0,550.0
964609.0,0.0,-3.1339,0.002,-0.04343,0.0,0.0,0.174,0.0,0.0,128.0,544.0
964649.0,0.0,-3.1339,-0.001,-0.04343,0.0,0.0,0.174,0.0,0.0,128.0,564.0
964689.0,0.0,-3.1339,0.009,-0.04343,0.0,0.0,0.174,0.0,0.0,128.0,557.0
964730.0,0.0,-3.1339,0.001,-0.04343,0.0,0.0,0.174,0.0,0.0,128.0,549.0
964770.0,0.0,-3.1339,0.003,-0.04343,0.0,0.0,0.174,0.0,0.0,128.0,550.0
964810.0,0.0,-3.1339,-0.001,-0.04343,0.0,0.0,0.174,0.0,0.0,128.0,550.0
964850.0,0.0,-3.1339,-0.001,-0.04343,0.0,0.0,0.174,0.0,0.0,128.0,550.0
964891.0,0.0,-3.1339,-0.001,-0.04343,0.0,0.0,0.174,0.0,0.0,128.0,550.0
964931.0,0.0,-3.1324,0.007,-0.04343,0.0,0.0,0.174,0.0,0.0,128.0,557.0
964971.0,0.0,-3.1339,-0.004,-0.04343,0.0,0.0,0.174,0.0,0.0,128.0,550.0
965011.0,0.0,-3.1339,-0.001,-0.04343,0.0,0.0,0.174,0.0,0.0,128.0,549.0
965052.0,0.0,-3.1339,-0.0,-0.04343,0.0,0.0,0.174,0.0,0.0,128.0,550.0
965092.0,0.0,-3.1339,0.0,-0.04343,0.0,0.0,0.174,0.0,0.0,128.0,543.0
965132.0,0.0,-3.1339,-0.002,-0.04343,0.0,0.0,0.174,0.0,0.0,128.0,551.0
965172.0,0.0,-3.1339,-0.002,-0.04343,0.0,0.0,0.174,0.0,0.0,128.0,551.0
965213.0,0.0,-3.1339,0.0,-0.04343,0.0,0.0,0.174,0.0,0.0,128.0,557.0
965253.0,0.0,-3.1339,-0.001,-0.04343,0.0,0.0,0.174,0.0,0.0,128.0,558.0
965293.0,0.0,-3.1339,-0.0,-0.04343,0.0,0.0,0.174,0.0,0.0,128.0,557.0
965333.0,0.0,-3.1339,-0.002,-0.04343,0.0,0.0,0.174,0.0,0.0,128.0,543.0
965373.0,0.0,-3.1339,-0.003,-0.04343,0.0,0.0,0.174,0.0,0.0,128.0,543.0
965414.0,0.0,-3.1339,-0.001,-0.04343,0.0,0.0,0.174,0.0,0.0,128.0,550.0
965454.0,0.0,-3.1339,-0.0,-0.04343,0.0,0.0,0.174,0.0,0.0,128.0,543.0
965494.0,0.0,-3.1339,0.0,-0.04343,0.0,0.0,0.174,0.0,0.0,128.0,550.0
965534.0,0.0,-3.1339,-0.001,-0.04343,0.0,0.0,0.174,0.0,0.0,128.0,548.0
965575.0,0.0,-3.1339,-0.001,-0.04343,0.0,0.0,0.174,0.0,0.0,128.0,550.0
965615.0,0.0,-3.1339,-0.002,-0.04343,0.0,0.0,0.174,0.0,0.0,128.0,544.0
965655.0,0.0,-3.1339,0.001,-0.04343,0.0,0.0,0.174,0.0,0.0,128.0,550.0
965695.0,0.0,-3.1339,-0.001,-0.04343,0.0,0.0,0.174,0.0,0.0,128.0,556.0
965735.0,0.0,-3.1339,0.004,-0.04343,0.0,0.0,0.174,0.0,0.0,128.0,550.0
965776.0,0.0,-3.1339,-0.0,-0.04343,0.0,0.0,0.174,0.0,0.0,128.0,549.0
965816.0,0.0,-3.1339,-0.0,-0.04343,0.0,0.0,0.174,0.0,0.0,128.0,549.0
965856.0,0.0,-3.1339,-0.001,-0.04343,0.0,0.0,0.174,0.0,0.0,128.0,550.0
965896.0,0.0,-3.1339,-0.001,-0.04343,0.0,0.0,0.174,0.0,0.0,128.0,570.0
965936.0,0.0,-3.1339,-0.001,-0.04343,0.0,0.0,0.174,0.0,0.0,128.0,544.0
965976.0,0.0,-3.1339,-0.0,-0.04343,0.0,0.0,0.174,0.0,0.0,128.0,549.0
966017.0,0.0,-3.1339,0.003,-0.04343,0.0,0.0,0.174,0.0,0.0,128.0,545.0
966057.0,0.0,-3.1339,-0.002,-0.04343,0.0,0.0,0.174,0.0,0.0,128.0,544.0
966097.0,0.0,-3.1339,-0.0,-0.04343,0.0,0.0,0.174,0.0,0.0,128.0,550.0
966137.0,0.0,-3.1339,0.0,-0.04343,0.0,0.0,0.174,0.0,0.0,128.0,550.0
966177.0,0.0,-3.1339,0.002,-0.04343,0.0,0.0,0.174,0.0,0.0,128.0,542.0
966218.0,0.0,-3.1339,-0.001,-0.04343,0.0,0.0,0.174,0.0,0.0,128.0,544.0
966258.0,0.0,-3.1339,-0.001,-0.04343,0.0,0.0,0.174,0.0,0.0,128.0,544.0
966298.0,0.0,-3.1339,0.005,-0.04343,0.0,0.0,0.174,0.0,0.0,128.0,558.0
966339.0,0.0,-3.1339,-0.001,-0.04343,0.0,0.0,0.174,0.0,0.0,128.0,551.0
966379.0,0.0,-3.1339,0.006,-0.04343,0.0,0.0,0.174,0.0,0.0,128.0,558.0
966419.0,0.0,-3.1339,-0.005,-0.04343,0.0,0.0,0.174,0.0,0.0,128.0,564.0
966459.0,0.0,-3.1339,-0.001,-0.04343,0.0,0.0,0.174,0.0,0.0,128.0,543.0
966499.0,0.0,-3.1339,-0.0,-0.04343,0.0,0.0,0.174,0.0,0.0,128.0,549.0
966539.0,0.0,-3.1324,0.006,-0.04343,0.0,0.0,0.174,0.0,0.0,128.0,556.0
966580.0,0.0,-3.1339,-0.001,-0.04343,0.0,0.0,0.174,0.0,0.0,128.0,550.0
966620.0,0.0,-3.1339,-0.003,-0.04343,0.0,0.0,0.174,0.0,0.0,128.0,550.0
966660.0,0.0,-3.1355,-0.006,-0.04343,0.0,0.0,0.174,0.0,0.0,128.0,557.0
966701.0,0.0,-3.1339,0.0,-0.04343,0.0,0.0,0.174,0.0,0.0,128.0,550.0
966741.0,0.0,-3.1339,0.002,-0.04343,0.0,0.0,0.174,0.0,0.0,128.0,549.0
966781.0,0.0,-3.1339,-0.001,-0.04343,0.0,0.0,0.174,0.0,0.0,128.0,550.0
966821.0,0.0,-3.1339,-0.001,-0.04343,0.0,0.0,0.174,0.0,0.0,128.0,549.0
966862.0,0.0,-3.1339,-0.001,-0.04343,0.0,0.0,0.174,0.0,0.0,128.0,542.0
966902.0,0.0,-3.1339,-0.0,-0.04343,0.0,0.0,0.174,0.0,0.0,128.0,544.0
966942.0,0.0,-3.1339,0.0,-0.04343,0.0,0.0,0.174,0.0,0.0,128.0,564.0
966982.0,0.0,-3.1339,-0.002,-0.04343,0.0,0.0,0.174,0.0,0.0,128.0,549.0
967023.0,0.0,-3.1339,-0.001,-0.04343,0.0,0.0,0.174,0.0,0.0,128.0,550.0
967063.0,0.0,-3.1339,-0.002,-0.04343,0.0,0.0,0.174,0.0,0.0,128.0,550.0
967103.0,0.0,-3.1339,0.002,-0.04343,0.0,0.0,0.174,0.0,0.0,128.0,549.0
967143.0,0.0,-3.1339,0.002,-0.04343,0.0,0.0,0.174,0.0,0.0,128.0,550.0
967184.0,0.0,-3.1339,-0.003,-0.04343,0.0,0.0,0.174,0.0,0.0,128.0,544.0
967224.0,0.0,-3.1339,0.0,-0.04343,0.0,0.0,0.174,0.0,0.0,128.0,550.0
967264.0,0.0,-3.1339,-0.0,-0.04343,0.0,0.0,0.174,0.0,0.0,128.0,550.0
967304.0,0.0,-3.1339,-0.001,-0.04343,0.0,0.0,0.174,0.0,0.0,128.0,549.0
967344.0,0.0,-3.1324,0.008,-0.04343,0.0,0.0,0.174,0.0,0.0,128.0,557.0
967385.0,0.0,-3.1339,-0.005,-0.04343,0.0,0.0,0.174,0.0,0.0,128.0,544.0
967425.0,0.0,-3.1339,-0.004,-0.04343,0.0,0.0,0.174,0.0,0.0,128.0,550.0
967465.0,0.0,-3.1339,-0.001,-0.04343,0.0,0.0,0.174,0.0,0.0,128.0,550.0
967505.0,0.0,-3.1339,0.004,-0.04343,0.0,0.0,0.174,0.0,0.0,128.0,549.0
967546.0,0.0,-3.1339,-0.003,-0.04343,0.0,0.0,0.174,0.0,0.0,128.0,549.0
967586.0,0.0,-3.1339,-0.003,-0.04343,0.0,0.0,0.174,0.0,0.0,128.0,550.0
967626.0,0.0,-3.1339,-0.001,-0.04343,0.0,0.0,0.174,0.0,0.0,128.0,543.0
967666.0,0.0,-3.1339,-0.002,-0.04343,0.0,0.0,0.174,0.0,0.0,128.0,549.0
967707.0,0.0,-3.1339,0.001,-0.04343,0.0,0.0,0.174,0.0,0.0,128.0,550.0
967747.0,0.0,-3.1339,0.002,-0.04343,0.0,0.0,0.174,0.0,0.0,128.0,550.0
967787.0,0.0,-3.1339,0.002,-0.04343,0.0,0.0,0.174,0.0,0.0,128.0,550.0
967828.0,0.0,-3.1339,-0.002,-0.04343,0.0,0.0,0.174,0.0,0.0,128.0,549.0
967868.0,0.0,-3.1339,-0.0,-0.04343,0.0,0.0,0.174,0.0,0.0,128.0,550.0
967908.0,0.0,-3.1339,-0.0,-0.04343,0.0,0.0,0.174,0.0,0.0,128.0,550.0
967948.0,0.0,-3.1339,0.004,-0.04343,0.0,0.0,0.174,0.0,0.0,128.0,558.0
967989.0,0.0,-3.1339,-0.002,-0.04343,0.0,0.0,0.174,0.0,0.0,128.0,542.0
968029.0,0.0,-3.1339,-0.004,-0.04343,0.0,0.0,0.174,0.0,0.0,128.0,550.0
968069.0,0.0,-3.1339,-0.001,-0.04343,0.0,0.0,0.174,0.0,0.0,128.0,556.0
968109.0,0.0,-3.1339,-0.001,-0.04343,0.0,0.0,0.174,0.0,0.0,128.0,549.0
968149.0,0.0,-3.1339,0.002,-0.04343,0.0,0.0,0.174,0.0,0.0,128.0,550.0
968190.0,0.0,-3.1339,-0.001,-0.04343,0.0,0.0,0.174,0.0,0.0,128.0,550.0
968230.0,0.0,-3.1339,-0.003,-0.04343,0.0,0.0,0.174,0.0,0.0,128.0,550.0
968270.0,0.0,-3.1339,-0.002,-0.04343,0.0,0.0,0.174,0.0,0.0,128.0,550.0
968310.0,0.0,-3.1339,-0.001,-0.04343,0.0,0.0,0.174,0.0,0.0,128.0,557.0
968350.0,0.0,-3.1339,0.004,-0.04343,0.0,0.0,0.174,0.0,0.0,128.0,564.0
968391.0,0.0,-3.1324,0.006,-0.04343,0.0,0.0,0.174,0.0,0.0,128.0,564.0
968431.0,0.0,-3.1339,-0.006,-0.04343,0.0,0.0,0.174,0.0,0.0,128.0,543.0
968471.0,0.0,-3.1339,0.001,-0.04343,0.0,0.0,0.174,0.0,0.0,128.0,549.0
968511.0,0.0,-3.1339,0.001,-0.04343,0.0,0.0,0.174,0.0,0.0,128.0,550.0
968552.0,0.0,-3.1339,0.0,-0.04343,0.0,0.0,0.174,0.0,0.0,128.0,549.0
968592.0,0.0,-3.1339,0.001,-0.04343,0.0,0.0,0.174,0.0,0.0,128.0,550.0
968632.0,0.0,-3.1339,-0.002,-0.04343,0.0,0.0,0.174,0.0,0.0,128.0,550.0
968672.0,0.0,-3.1339,-0.0,-0.04343,0.0,0.0,0.174,0.0,0.0,128.0,549.0
968712.0,0.0,-3.1339,-0.001,-0.04343,0.0,0.0,0.174,0.0,0.0,128.0,550.0
968753.0,0.0,-3.1339,0.001,-0.04343,0.0,0.0,0.174,0.0,0.0,128.0,544.0
968793.0,0.0,-3.1339,0.002,-0.04343,0.0,0.0,0.174,0.0,0.0,128.0,550.0
968833.0,0.0,-3.1339,-0.002,-0.04343,0.0,0.0,0.174,0.0,0.0,128.0,544.0
968873.0,0.0,-3.1339,-0.001,-0.04343,0.0,0.0,0.174,0.0,0.0,128.0,564.0
968913.0,0.0,-3.1339,-0.0,-0.04343,0.0,0.0,0.174,0.0,0.0,128.0,549.0
968954.0,0.0,-3.1339,-0.001,-0.04343,0.0,0.0,0.174,0.0,0.0,128.0,544.0
968994.0,0.0,-3.1339,-0.0,-0.04343,0.0,0.0,0.174,0.0,0.0,128.0,550.0
969034.0,0.0,-3.1339,-0.001,-0.04343,0.0,0.0,0.174,0.0,0.0,128.0,550.0
969074.0,0.0,-3.1339,-0.0,-0.04343,0.0,0.0,0.174,0.0,0.0,128.0,550.0
969115.0,0.0,-3.1339,0.0,-0.04343,0.0,0.0,0.174,0.0,0.0,128.0,550.0
969155.0,0.0,-3.1339,0.004,-0.04343,0.0,0.0,0.174,0.0,0.0,128.0,551.0
969195.0,0.0,-3.1339,-0.001,-0.04343,0.0,0.0,0.174,0.0,0.0,128.0,550.0
969235.0,0.0,-3.1324,0.006,-0.04343,0.0,0.0,0.174,0.0,0.0,128.0,556.0
969275.0,0.0,-3.1339,-0.002,-0.04343,0.0,0.0,0.174,0.0,0.0,128.0,549.0
969316.0,0.0,-3.1339,0.005,-0.04343,0.0,0.0,0.174,0.0,0.0,128.0,549.0
969356.0,0.0,-3.1339,-0.001,-0.04343,0.0,0.0,0.174,0.0,0.0,128.0,550.0
969396.0,0.0,-3.1339,-0.0,-0.04343,0.0,0.0,0.174,0.0,0.0,128.0,550.0
969436.0,0.0,-3.1339,-0.001,-0.04343,0.0,0.0,0.174,0.0,0.0,128.0,550.0
969477.0,0.0,-3.1339,-0.001,-0.04343,0.0,0.0,0.174,0.0,0.0,128.0,549.0
969517.0,0.0,-3.1339,-0.001,-0.04343,0.0,0.0,0.174,0.0,0.0,128.0,549.0
969557.0,0.0,-3.1339,-0.0,-0.04343,0.0,0.0,0.174,0.0,0.0,128.0,550.0
969597.0,0.0,-3.1339,0.0,-0.04343,0.0,0.0,0.174,0.0,0.0,128.0,542.0
969637.0,0.0,-3.1339,0.003,-0.04343,0.0,0.0,0.174,0.0,0.0,128.0,550.0
969678.0,0.0,-3.1339,0.001,-0.04343,0.0,0.0,0.174,0.0,0.0,128.0,550.0
969718.0,0.0,-3.1339,0.002,-0.04343,0.0,0.0,0.174,0.0,0.0,128.0,550.0
969758.0,0.0,-3.1339,-0.001,-0.04343,0.0,0.0,0.174,0.0,0.0,128.0,550.0
969798.0,0.0,-3.1339,0.002,-0.04343,0.0,0.0,0.174,0.0,0.0,128.0,549.0
969838.0,0.0,-3.1339,-0.001,-0.04343,0.0,0.0,0.174,0.0,0.0,128.0,550.0
969878.0,0.0,-3.1324,0.006,-0.04343,0.0,0.0,0.174,0.0,0.0,128.0,556.0
969919.0,0.0,-3.1339,0.002,-0.04343,0.0,0.0,0.174,0.0,0.0,128.0,549.0
969959.0,0.0,-3.1339,-0.001,-0.04343,0.0,0.0,0.174,0.0,0.0,128.0,550.0
969999.0,0.0,-3.1339,-0.003,-0.04343,0.0,0.0,0.174,0.0,0.0,128.0,549.0
970039.0,0.0,-3.1339,-0.001,-0.04343,0.0,0.0,0.174,0.0,0.0,128.0,550.0
970079.0,0.0,-3.1339,-0.0,-0.04343,0.0,0.0,0.174,0.0,0.0,128.0,549.0
970119.0,0.0,-3.1324,0.007,-0.04343,0.0,0.0,0.174,0.0,0.0,128.0,556.0
970160.0,0.0,-3.1339,-0.002,-0.04343,0.0,0.0,0.174,0.0,0.0,128.0,550.0
970200.0,0.0,-3.1339,-0.0,-0.04343,0.0,0.0,0.174,0.0,0.0,128.0,550.0
970240.0,0.0,-3.1339,0.0,-0.04343,0.0,0.0,0.174,0.0,0.0,128.0,549.0
970280.0,0.0,-3.1339,-0.001,-0.04343,0.0,0.0,0.174,0.0,0.0,128.0,549.0
970321.0,0.0,-3.1339,-0.001,-0.04343,0.0,0.0,0.174,0.0,0.0,128.0,550.0
970361.0,0.0,-3.1339,-0.003,-0.04343,0.0,0.0,0.174,0.0,0.0,128.0,550.0
970401.0,0.0,-3.1339,0.003,-0.04343,0.0,0.0,0.174,0.0,0.0,128.0,550.0
970441.0,0.0,-3.1339,-0.001,-0.04343,0.0,0.0,0.174,0.0,0.0,128.0,549.0
970481.0,0.0,-3.1339,-0.0,-0.04343,0.0,0.0,0.174,0.0,0.0,128.0,549.0
970522.0,0.0,-3.1339,-0.002,-0.04343,0.0,0.0,0.174,0.0,0.0,128.0,542.0
970562.0,0.0,-3.1339,0.001,-0.04343,0.0,0.0,0.174,0.0,0.0,128.0,550.0
970602.0,0.0,-3.1339,-0.002,-0.04343,0.0,0.0,0.174,0.0,0.0,128.0,550.0
970642.0,0.0,-3.1339,0.007,-0.04343,0.0,0.0,0.174,0.0,0.0,128.0,557.0
970683.0,0.0,-3.1339,-0.002,-0.04343,0.0,0.0,0.174,0.0,0.0,128.0,550.0
970723.0,0.0,-3.1324,0.005,-0.04343,0.0,0.0,0.174,0.0,0.0,128.0,557.0
970763.0,0.0,-3.1339,-0.001,-0.04343,0.0,0.0,0.174,0.0,0.0,128.0,550.0
970803.0,0.0,-3.1339,0.004,-0.04343,0.0,0.0,0.174,0.0,0.0,128.0,544.0
970844.0,0.0,-3.1339,-0.001,-0.04343,0.0,0.0,0.174,0.0,0.0,128.0,549.0
970884.0,0.0,-3.1339,0.003,-0.04343,0.0,0.0,0.174,0.0,0.0,128.0,550.0
970924.0,0.0,-3.1339,0.004,-0.04343,0.0,0.0,0.174,0.0,0.0,128.0,550.0
970964.0,0.0,-3.1339,-0.002,-0.04343,0.0,0.0,0.174,0.0,0.0,128.0,570.0
971004.0,0.0,-3.1339,0.001,-0.04343,0.0,0.0,0.174,0.0,0.0,128.0,549.0
971044.0,0.0,-3.1339,-0.001,-0.04343,0.0,0.0,0.174,0.0,0.0,128.0,550.0
971085.0,0.0,-3.1339,-0.001,-0.04343,0.0,0.0,0.174,0.0,0.0,128.0,550.0
971125.0,0.0,-3.1339,-0.001,-0.04343,0.0,0.0,0.174,0.0,0.0,128.0,550.0
971165.0,0.0,-3.1339,0.004,-0.04343,0.0,0.0,0.174,0.0,0.0,128.0,549.0
971205.0,0.0,-3.1339,-0.002,-0.04343,0.0,0.0,0.174,0.0,0.0,128.0,549.0
971246.0,0.0,-3.1339,-0.002,-0.04343,0.0,0.0,0.174,0.0,0.0,128.0,550.0
971286.0,0.0,-3.1339,-0.0,-0.04343,0.0,0.0,0.174,0.0,0.0,128.0,550.0
971326.0,0.0,-3.1339,-0.001,-0.04343,0.0,0.0,0.174,0.0,0.0,128.0,549.0
971367.0,0.0,-3.1339,-0.0,-0.04343,0.0,0.0,0.174,0.0,0.0,128.0,550.0
971407.0,0.0,-3.1339,-0.002,-0.04343,0.0,0.0,0.174,0.0,0.0,128.0,550.0
971447.0,0.0,-3.1339,-0.001,-0.04343,0.0,0.0,0.174,0.0,0.0,128.0,549.0
971487.0,0.0,-3.1339,-0.003,-0.04343,0.0,0.0,0.174,0.0,0.0,128.0,550.0
971528.0,0.0,-3.1339,0.001,-0.04343,0.0,0.0,0.174,0.0,0.0,128.0,549.0
971568.0,0.0,-3.1339,-0.002,-0.04343,0.0,0.0,0.174,0.0,0.0,128.0,550.0
971608.0,0.0,-3.1339,-0.001,-0.04343,0.0,0.0,0.174,0.0,0.0,128.0,549.0
971649.0,0.0,-3.1339,0.001,-0.04343,0.0,0.0,0.174,0.0,0.0,128.0,542.0
971689.0,0.0,-3.1339,-0.001,-0.04343,0.0,0.0,0.174,0.0,0.0,128.0,550.0
971729.0,0.0,-3.1339,-0.0,-0.04343,0.0,0.0,0.174,0.0,0.0,128.0,550.0
971769.0,0.0,-3.1339,0.0,-0.04343,0.0,0.0,0.174,0.0,0.0,128.0,557.0
971810.0,0.0,-3.1339,0.0,-0.04343,0.0,0.0,0.174,0.0,0.0,128.0,551.0
971850.0,0.0,-3.1339,0.0,-0.04343,0.0,0.0,0.174,0.0,0.0,128.0,555.0
971890.0,0.0,-3.1339,0.002,-0.04343,0.0,0.0,0.174,0.0,0.0,128.0,550.0
971930.0,0.0,-3.1339,0.003,-0.04343,0.0,0.0,0.174,0.0,0.0,128.0,550.0
971971.0,0.0,-3.1339,-0.002,-0.04343,0.0,0.0,0.174,0.0,0.0,128.0,549.0
972011.0,0.0,-3.1339,0.005,-0.04343,0.0,0.0,0.174,0.0,0.0,128.0,550.0
972051.0,0.0,-3.1339,-0.001,-0.04343,0.0,0.0,0.174,0.0,0.0,128.0,543.0
972091.0,0.0,-3.1324,0.008,-0.04343,0.0,0.0,0.174,0.0,0.0,128.0,557.0
972132.0,0.0,-3.1339,-0.001,-0.04343,0.0,0.0,0.174,0.0,0.0,128.0,550.0
972172.0,0.0,-3.1339,-0.001,-0.04343,0.0,0.0,0.174,0.0,0.0,128.0,550.0
972212.0,0.0,-3.1339,-0.001,-0.04343,0.0,0.0,0.174,0.0,0.0,128.0,549.0
972252.0,0.0,-3.1339,0.003,-0.04343,0.0,0.0,0.174,0.0,0.0,128.0,549.0
972293.0,0.0,-3.1339,-0.002,-0.04343,0.0,0.0,0.174,0.0,0.0,128.0,549.0
972333.0,0.0,-3.1339,0.001,-0.04343,0.0,0.0,0.174,0.0,0.0,128.0,549.0
972373.0,0.0,-3.1339,-0.002,-0.04343,0.0,0.0,0.174,0.0,0.0,128.0,550.0
972413.0,0.0,-3.1339,-0.001,-0.04343,0.0,0.0,0.174,0.0,0.0,128.0,550.0
972453.0,0.0,-3.1339,-0.001,-0.04343,0.0,0.0,0.174,0.0,0.0,128.0,542.0
972493.0,0.0,-3.1339,-0.0,-0.04343,0.0,0.0,0.174,0.0,0.0,128.0,550.0
972534.0,0.0,-3.1339,0.003,-0.04343,0.0,0.0,0.174,0.0,0.0,128.0,549.0
972574.0,0.0,-3.1339,-0.002,-0.04343,0.0,0.0,0.174,0.0,0.0,128.0,550.0
972614.0,0.0,-3.1339,-0.0,-0.04343,0.0,0.0,0.174,0.0,0.0,128.0,550.0
972654.0,0.0,-3.1339,-0.0,-0.04343,0.0,0.0,0.174,0.0,0.0,128.0,549.0
972695.0,0.0,-3.1339,-0.001,-0.04343,0.0,0.0,0.174,0.0,0.0,128.0,550.0
972735.0,0.0,-3.1339,-0.001,-0.04343,0.0,0.0,0.174,0.0,0.0,128.0,550.0
972775.0,0.0,-3.1339,-0.0,-0.04343,0.0,0.0,0.174,0.0,0.0,128.0,564.0
972815.0,0.0,-3.1339,0.0,-0.04343,0.0,0.0,0.174,0.0,0.0,128.0,544.0
972855.0,0.0,-3.1324,0.004,-0.04343,0.0,0.0,0.174,0.0,0.0,128.0,557.0
972896.0,0.0,-3.1339,-0.001,-0.04343,0.0,0.0,0.174,0.0,0.0,128.0,543.0
972936.0,0.0,-3.1339,-0.002,-0.04343,0.0,0.0,0.174,0.0,0.0,128.0,550.0
972976.0,0.0,-3.1339,-0.0,-0.04343,0.0,0.0,0.174,0.0,0.0,128.0,544.0
973017.0,0.0,-3.1339,-0.001,-0.04343,0.0,0.0,0.174,0.0,0.0,128.0,550.0
973057.0,0.0,-3.1339,-0.001,-0.04343,0.0,0.0,0.174,0.0,0.0,128.0,551.0
973097.0,0.0,-3.1339,-0.0,-0.04343,0.0,0.0,0.174,0.0,0.0,128.0,550.0
973137.0,0.0,-3.1339,-0.001,-0.04343,0.0,0.0,0.174,0.0,0.0,128.0,550.0
973178.0,0.0,-3.1339,-0.0,-0.04343,0.0,0.0,0.174,0.0,0.0,128.0,550.0
973218.0,0.0,-3.1339,-0.002,-0.04343,0.0,0.0,0.174,0.0,0.0,128.0,550.0
973258.0,0.0,-3.1339,-0.002,-0.04343,0.0,0.0,0.174,0.0,0.0,128.0,550.0
973299.0,0.0,-3.1339,-0.001,-0.04343,0.0,0.0,0.174,0.0,0.0,128.0,543.0
973339.0,0.0,-3.1339,-0.002,-0.04343,0.0,0.0,0.174,0.0,0.0,128.0,550.0
973379.0,0.0,-3.1339,-0.002,-0.04343,0.0,0.0,0.174,0.0,0.0,128.0,550.0
973419.0,0.0,-3.1339,-0.003,-0.04343,0.0,0.0,0.174,0.0,0.0,128.0,551.0
973460.0,0.0,-3.1339,-0.002,-0.04343,0.0,0.0,0.174,0.0,0.0,128.0,557.0
973500.0,0.0,-3.1339,-0.001,-0.04343,0.0,0.0,0.174,0.0,0.0,128.0,542.0
973540.0,0.0,-3.1339,-0.001,-0.04343,0.0,0.0,0.174,0.0,0.0,128.0,550.0
973581.0,0.0,-3.1339,0.005,-0.04343,0.0,0.0,0.174,0.0,0.0,128.0,549.0
973621.0,0.0,-3.1339,-0.001,-0.04343,0.0,0.0,0.174,0.0,0.0,128.0,550.0
973661.0,0.0,-3.1324,0.009,-0.04343,0.0,0.0,0.174,0.0,0.0,128.0,559.0
973702.0,0.0,-3.1339,-0.002,-0.04343,0.0,0.0,0.174,0.0,0.0,128.0,551.0
973742.0,0.0,-3.1339,0.001,-0.04343,0.0,0.0,0.174,0.0,0.0,128.0,563.0
973782.0,0.0,-3.1339,-0.001,-0.04343,0.0,0.0,0.174,0.0,0.0,128.0,549.0
973822.0,0.0,-3.1339,0.0,-0.04343,0.0,0.0,0.174,0.0,0.0,128.0,549.0
973863.0,0.0,-3.1339,-0.003,-0.04343,0.0,0.0,0.174,0.0,0.0,128.0,550.0
973903.0,0.0,-3.1339,-0.004,-0.04343,0.0,0.0,0.174,0.0,0.0,128.0,551.0
973943.0,0.0,-3.1339,-0.005,-0.04343,0.0,0.0,0.174,0.0,0.0,128.0,556.0
973983.0,0.0,-3.1339,0.001,-0.04343,0.0,0.0,0.174,0.0,0.0,128.0,549.0
974023.0,0.0,-3.1339,0.002,-0.04343,0.0,0.0,0.174,0.0,0.0,128.0,544.0
974063.0,0.0,-3.1339,-0.003,-0.04343,0.0,0.0,0.174,0.0,0.0,128.0,550.0
974104.0,0.0,-3.1339,-0.0,-0.04343,0.0,0.0,0.174,0.0,0.0,128.0,550.0
974144.0,0.0,-3.1339,0.001,-0.04343,0.0,0.0,0.174,0.0,0.0,128.0,544.0
974184.0,0.0,-3.1339,0.0,-0.04343,0.0,0.0,0.174,0.0,0.0,128.0,550.0
974224.0,0.0,-3.1339,0.004,-0.04343,0.0,0.0,0.174,0.0,0.0,128.0,544.0
974265.0,0.0,-3.1339,-0.002,-0.04343,0.0,0.0,0.174,0.0,0.0,128.0,544.0
974305.0,0.0,-3.1339,-0.0,-0.04343,0.0,0.0,0.174,0.0,0.0,128.0,549.0
974345.0,0.0,-3.1339,-0.0,-0.04343,0.0,0.0,0.174,0.0,0.0,128.0,550.0
974385.0,0.0,-3.1339,-0.001,-0.04343,0.0,0.0,0.174,0.0,0.0,128.0,557.0
974426.0,0.0,-3.1339,-0.005,-0.04343,0.0,0.0,0.174,0.0,0.0,128.0,550.0
974466.0,0.0,-3.1339,0.003,-0.04343,0.0,0.0,0.174,0.0,0.0,128.0,551.0
974506.0,0.0,-3.1339,-0.0,-0.04343,0.0,0.0,0.174,0.0,0.0,128.0,550.0
974546.0,0.0,-3.1339,-0.0,-0.04343,0.0,0.0,0.174,0.0,0.0,128.0,549.0
974586.0,0.0,-3.1339,0.0,-0.04343,0.0,0.0,0.174,0.0,0.0,128.0,550.0
974627.0,0.0,-3.1339,-0.001,-0.04343,0.0,0.0,0.174,0.0,0.0,128.0,542.0
974667.0,0.0,-3.1339,-0.002,-0.04343,0.0,0.0,0.174,0.0,0.0,128.0,550.0
974707.0,0.0,-3.1339,-0.003,-0.04343,0.0,0.0,0.174,0.0,0.0,128.0,556.0
974747.0,0.0,-3.1339,0.001,-0.04343,0.0,0.0,0.174,0.0,0.0,128.0,549.0
974788.0,0.0,-3.1339,0.001,-0.04343,0.0,0.0,0.174,0.0,0.0,128.0,542.0
974828.0,0.0,-3.1339,0.004,-0.04343,0.0,0.0,0.174,0.0,0.0,128.0,550.0
974868.0,0.0,-3.1339,-0.003,-0.04343,0.0,0.0,0.174,0.0,0.0,128.0,550.0
974908.0,0.0,-3.1339,0.001,-0.04343,0.0,0.0,0.174,0.0,0.0,128.0,549.0
974948.0,0.0,-3.1339,-0.002,-0.04343,0.0,0.0,0.174,0.0,0.0,128.0,550.0
974989.0,0.0,-3.1339,0.001,-0.04343,0.0,0.0,0.174,0.0,0.0,128.0,550.0
975029.0,0.0,-3.1339,-0.001,-0.04343,0.0,0.0,0.174,0.0,0.0,128.0,550.0
975069.0,0.0,-3.1339,-0.002,-0.04343,0.0,0.0,0.174,0.0,0.0,128.0,550.0
975110.0,0.0,-3.1339,-0.0,-0.04343,0.0,0.0,0.174,0.0,0.0,128.0,551.0
975150.0,0.0,-3.1339,-0.001,-0.04343,0.0,0.0,0.174,0.0,0.0,128.0,557.0
975190.0,0.0,-3.1339,0.001,-0.04343,0.0,0.0,0.174,0.0,0.0,128.0,557.0
975230.0,0.0,-3.1339,-0.001,-0.04343,0.0,0.0,0.174,0.0,0.0,128.0,549.0
975270.0,0.0,-3.1339,0.001,-0.04343,0.0,0.0,0.174,0.0,0.0,128.0,550.0
975311.0,0.0,-3.1339,-0.001,-0.04343,0.0,0.0,0.174,0.0,0.0,128.0,542.0
975351.0,0.0,-3.1339,-0.001,-0.04343,0.0,0.0,0.174,0.0,0.0,128.0,550.0
975391.0,0.0,-3.1339,-0.001,-0.04343,0.0,0.0,0.174,0.0,0.0,128.0,550.0
975432.0,0.0,-3.1339,-0.002,-0.04343,0.0,0.0,0.174,0.0,0.0,128.0,550.0
975472.0,0.0,-3.1339,-0.002,-0.04343,0.0,0.0,0.174,0.0,0.0,128.0,550.0
975512.0,0.0,-3.1339,0.004,-0.04343,0.0,0.0,0.174,0.0,0.0,128.0,542.0
975552.0,0.0,-3.1339,-0.001,-0.04343,0.0,0.0,0.174,0.0,0.0,128.0,550.0
975593.0,0.0,-3.1339,-0.002,-0.04343,0.0,0.0,0.174,0.0,0.0,128.0,550.0
975633.0,0.0,-3.1339,0.005,-0.04343,0.0,0.0,0.174,0.0,0.0,128.0,557.0
975673.0,0.0,-3.1339,-0.002,-0.04343,0.0,0.0,0.174,0.0,0.0,128.0,549.0
975713.0,0.0,-3.1339,-0.0,-0.04343,0.0,0.0,0.174,0.0,0.0,128.0,550.0
975754.0,0.0,-3.1339,-0.001,-0.04343,0.0,0.0,0.174,0.0,0.0,128.0,550.0
975794.0,0.0,-3.1339,-0.001,-0.04343,0.0,0.0,0.174,0.0,0.0,128.0,556.0
975834.0,0.0,-3.1339,-0.001,-0.04343,0.0,0.0,0.174,0.0,0.0,128.0,542.0
975875.0,0.0,-3.1339,-0.001,-0.04343,0.0,0.0,0.174,0.0,0.0,128.0,544.0
975915.0,0.0,-3.1339,-0.001,-0.04343,0.0,0.0,0.174,0.0,0.0,128.0,550.0
975955.0,0.0,-3.1339,0.0,-0.04343,0.0,0.0,0.174,0.0,0.0,128.0,550.0
975996.0,0.0,-3.1339,0.0,-0.04343,0.0,0.0,0.174,0.0,0.0,128.0,550.0
976036.0,0.0,-3.1339,0.002,-0.04343,0.0,0.0,0.174,0.0,0.0,128.0,550.0
976076.0,0.0,-3.1339,-0.002,-0.04343,0.0,0.0,0.174,0.0,0.0,128.0,550.0
976116.0,0.0,-3.1339,-0.001,-0.04343,0.0,0.0,0.174,0.0,0.0,128.0,542.0
976156.0,0.0,-3.1339,0.002,-0.04343,0.0,0.0,0.174,0.0,0.0,128.0,550.0
976197.0,0.0,-3.1339,-0.0,-0.04343,0.0,0.0,0.174,0.0,0.0,128.0,544.0
976237.0,0.0,-3.1339,0.003,-0.04343,0.0,0.0,0.174,0.0,0.0,128.0,550.0
976277.0,0.0,-3.1339,-0.001,-0.04343,0.0,0.0,0.174,0.0,0.0,128.0,543.0
976318.0,0.0,-3.1339,-0.002,-0.04343,0.0,0.0,0.174,0.0,0.0,128.0,550.0
976358.0,0.0,-3.1339,-0.001,-0.04343,0.0,0.0,0.174,0.0,0.0,128.0,550.0
976398.0,0.0,-3.1339,-0.0,-0.04343,0.0,0.0,0.174,0.0,0.0,128.0,550.0
976438.0,0.0,-3.1339,-0.0,-0.04343,0.0,0.0,0.174,0.0,0.0,128.0,543.0
976478.0,0.0,-3.1339,-0.001,-0.04343,0.0,0.0,0.174,0.0,0.0,128.0,550.0
976519.0,0.0,-3.1339,-0.0,-0.04343,0.0,0.0,0.174,0.0,0.0,128.0,550.0
976559.0,0.0,-3.1339,-0.005,-0.04343,0.0,0.0,0.174,0.0,0.0,128.0,550.0
976599.0,0.0,-3.1339,0.005,-0.04343,0.0,0.0,0.174,0.0,0.0,128.0,549.0
976640.0,0.0,-3.1339,-0.003,-0.04343,0.0,0.0,0.174,0.0,0.0,128.0,550.0
976680.0,0.0,-3.1339,-0.002,-0.04343,0.0,0.0,0.174,0.0,0.0,128.0,550.0
976720.0,0.0,-3.1355,-0.009,-0.04343,0.0,0.0,0.174,0.0,0.0,128.0,557.0
976760.0,0.0,-3.1324,0.006,-0.04343,0.0,0.0,0.174,0.0,0.0,128.0,557.0
976801.0,0.0,-3.1339,-0.001,-0.04343,0.0,0.0,0.174,0.0,0.0,128.0,549.0
976841.0,0.0,-3.1339,-0.001,-0.04343,0.0,0.0,0.174,0.0,0.0,128.0,549.0
976881.0,0.0,-3.1339,-0.001,-0.04343,0.0,0.0,0.174,0.0,0.0,128.0,558.0
976921.0,0.0,-3.1339,-0.001,-0.04343,0.0,0.0,0.174,0.0,0.0,128.0,550.0
976961.0,0.0,-3.1339,0.004,-0.04343,0.0,0.0,0.174,0.0,0.0,128.0,550.0
977002.0,0.0,-3.1339,0.002,-0.04343,0.0,0.0,0.174,0.0,0.0,128.0,550.0
977042.0,0.0,-3.1339,-0.001,-0.04343,0.0,0.0,0.174,0.0,0.0,128.0,550.0
977082.0,0.0,-3.1339,-0.001,-0.04343,0.0,0.0,0.174,0.0,0.0,128.0,550.0
977122.0,0.0,-3.1339,-0.002,-0.04343,0.0,0.0,0.174,0.0,0.0,128.0,542.0
977162.0,0.0,-3.1339,0.001,-0.04343,0.0,0.0,0.174,0.0,0.0,128.0,549.0
977203.0,0.0,-3.1339,-0.001,-0.04343,0.0,0.0,0.174,0.0,0.0,128.0,550.0
977243.0,0.0,-3.1339,-0.001,-0.04343,0.0,0.0,0.174,0.0,0.0,128.0,543.0
977283.0,0.0,-3.1339,-0.002,-0.04343,0.0,0.0,0.174,0.0,0.0,128.0,550.0
977323.0,0.0,-3.1339,-0.0,-0.04343,0.0,0.0,0.174,0.0,0.0,128.0,551.0
977364.0,0.0,-3.1339,-0.0,-0.04343,0.0,0.0,0.174,0.0,0.0,128.0,557.0
977404.0,0.0,-3.1339,-0.003,-0.04343,0.0,0.0,0.174,0.0,0.0,128.0,557.0
977444.0,0.0,-3.1339,-0.002,-0.04343,0.0,0.0,0.174,0.0,0.0,128.0,564.0
977484.0,0.0,-3.1339,0.0,-0.04343,0.0,0.0,0.174,0.0,0.0,128.0,549.0
977524.0,0.0,-3.1339,0.003,-0.04343,0.0,0.0,0.174,0.0,0.0,128.0,550.0
977565.0,0.0,-3.1339,-0.001,-0.04343,0.0,0.0,0.174,0.0,0.0,128.0,549.0
977605.0,0.0,-3.1339,-0.0,-0.04343,0.0,0.0,0.174,0.0,0.0,128.0,550.0
977645.0,0.0,-3.1339,-0.001,-0.04343,0.0,0.0,0.174,0.0,0.0,128.0,550.0
977685.0,0.0,-3.1339,0.0,-0.04343,0.0,0.0,0.174,0.0,0.0,128.0,549.0
977725.0,0.0,-3.1339,0.0,-0.04343,0.0,0.0,0.174,0.0,0.0,128.0,549.0
977766.0,0.0,-3.1339,-0.002,-0.04343,0.0,0.0,0.174,0.0,0.0,128.0,542.0
977806.0,0.0,-3.1339,-0.001,-0.04343,0.0,0.0,0.174,0.0,0.0,128.0,549.0
977846.0,0.0,-3.1339,-0.0,-0.04343,0.0,0.0,0.174,0.0,0.0,128.0,564.0
977886.0,0.0,-3.1339,-0.0,-0.04343,0.0,0.0,0.174,0.0,0.0,128.0,550.0
977926.0,0.0,-3.1339,0.008,-0.04343,0.0,0.0,0.174,0.0,0.0,128.0,557.0
977967.0,0.0,-3.1339,-0.003,-0.04343,0.0,0.0,0.174,0.0,0.0,128.0,550.0
978007.0,0.0,-3.1339,-0.002,-0.04343,0.0,0.0,0.174,0.0,0.0,128.0,550.0
978047.0,0.0,-3.1339,-0.0,-0.04343,0.0,0.0,0.174,0.0,0.0,128.0,550.0
978087.0,0.0,-3.1339,0.001,-0.04343,0.0,0.0,0.174,0.0,0.0,128.0,549.0
978127.0,0.0,-3.1339,0.001,-0.04343,0.0,0.0,0.174,0.0,0.0,128.0,549.0
978168.0,0.0,-3.1339,-0.002,-0.04343,0.0,0.0,0.174,0.0,0.0,128.0,549.0
978208.0,0.0,-3.1339,-0.003,-0.04343,0.0,0.0,0.174,0.0,0.0,128.0,544.0
978248.0,0.0,-3.1339,-0.001,-0.04343,0.0,0.0,0.174,0.0,0.0,128.0,543.0
978288.0,0.0,-3.1339,-0.001,-0.04343,0.0,0.0,0.174,0.0,0.0,128.0,550.0
978328.0,0.0,-3.1339,-0.001,-0.04343,0.0,0.0,0.174,0.0,0.0,128.0,557.0
978369.0,0.0,-3.1339,-0.001,-0.04343,0.0,0.0,0.174,0.0,0.0,128.0,558.0
978409.0,0.0,-3.1339,-0.004,-0.04343,0.0,0.0,0.174,0.0,0.0,128.0,558.0
978449.0,0.0,-3.1339,-0.001,-0.04343,0.0,0.0,0.174,0.0,0.0,128.0,564.0
978489.0,0.0,-3.1339,-0.0,-0.04343,0.0,0.0,0.174,0.0,0.0,128.0,549.0
978529.0,0.0,-3.1339,0.004,-0.04343,0.0,0.0,0.174,0.0,0.0,128.0,557.0
978570.0,0.0,-3.1339,0.002,-0.04343,0.0,0.0,0.174,0.0,0.0,128.0,544.0
978610.0,0.0,-3.1339,-0.002,-0.04343,0.0,0.0,0.174,0.0,0.0,128.0,549.0
978650.0,0.0,-3.1339,0.0,-0.04343,0.0,0.0,0.174,0.0,0.0,128.0,550.0
978690.0,0.0,-3.1339,0.004,-0.04343,0.0,0.0,0.174,0.0,0.0,128.0,564.0
978730.0,0.0,-3.1339,-0.001,-0.04343,0.0,0.0,0.174,0.0,0.0,128.0,544.0
978770.0,0.0,-3.1324,0.01,-0.04343,0.0,0.0,0.174,0.0,0.0,128.0,557.0
978811.0,0.0,-3.1339,-0.005,-0.04343,0.0,0.0,0.174,0.0,0.0,128.0,550.0
978851.0,0.0,-3.1339,-0.001,-0.04343,0.0,0.0,0.174,0.0,0.0,128.0,550.0
978891.0,0.0,-3.1339,0.002,-0.04343,0.0,0.0,0.174,0.0,0.0,128.0,550.0
978931.0,0.0,-3.1339,0.006,-0.04343,0.0,0.0,0.174,0.0,0.0,128.0,557.0
978972.0,0.0,-3.1324,0.009,-0.04343,0.0,0.0,0.174,0.0,0.0,128.0,549.0
979012.0,0.0,-3.1339,-0.002,-0.04343,0.0,0.0,0.174,0.0,0.0,128.0,550.0
979052.0,0.0,-3.1339,-0.0,-0.04343,0.0,0.0,0.174,0.0,0.0,128.0,550.0
979092.0,0.0,-3.1339,0.0,-0.04343,0.0,0.0,0.174,0.0,0.0,128.0,549.0
979132.0,0.0,-3.1339,0.003,-0.04343,0.0,0.0,0.174,0.0,0.0,128.0,550.0
979173.0,0.0,-3.1339,-0.003,-0.04343,0.0,0.0,0.174,0.0,0.0,128.0,549.0
979213.0,0.0,-3.1339,-0.001,-0.04343,0.0,0.0,0.174,0.0,0.0,128.0,543.0
979253.0,0.0,-3.1339,-0.0,-0.04343,0.0,0.0,0.174,0.0,0.0,128.0,550.0
979293.0,0.0,-3.1339,0.005,-0.04343,0.0,0.0,0.174,0.0,0.0,128.0,549.0
979334.0,0.0,-3.1339,-0.0,-0.04343,0.0,0.0,0.174,0.0,0.0,128.0,550.0
979374.0,0.0,-3.1324,0.005,-0.04343,0.0,0.0,0.174,0.0,0.0,128.0,557.0
979414.0,0.0,-3.1339,-0.002,-0.04343,0.0,0.0,0.174,0.0,0.0,128.0,550.0
979454.0,0.0,-3.1339,-0.001,-0.04343,0.0,0.0,0.174,0.0,0.0,128.0,542.0
979494.0,0.0,-3.1339,-0.0,-0.04343,0.0,0.0,0.174,0.0,0.0,128.0,550.0
979535.0,0.0,-3.1339,0.0,-0.04343,0.0,0.0,0.174,0.0,0.0,128.0,549.0
979575.0,0.0,-3.1339,-0.002,-0.04343,0.0,0.0,0.174,0.0,0.0,128.0,550.0
979615.0,0.0,-3.1339,-0.001,-0.04343,0.0,0.0,0.174,0.0,0.0,128.0,557.0
979656.0,0.0,-3.1339,-0.001,-0.04343,0.0,0.0,0.174,0.0,0.0,128.0,551.0
979696.0,0.0,-3.1339,0.001,-0.04343,0.0,0.0,0.174,0.0,0.0,128.0,543.0
979736.0,0.0,-3.1339,-0.0,-0.04343,0.0,0.0,0.174,0.0,0.0,128.0,549.0
979776.0,0.0,-3.1339,0.003,-0.04343,0.0,0.0,0.174,0.0,0.0,128.0,550.0
979817.0,0.0,-3.1339,-0.003,-0.04343,0.0,0.0,0.174,0.0,0.0,128.0,550.0
979857.0,0.0,-3.1339,0.0,-0.04343,0.0,0.0,0.174,0.0,0.0,128.0,550.0
979897.0,0.0,-3.1339,-0.003,-0.04343,0.0,0.0,0.174,0.0,0.0,128.0,550.0
979937.0,0.0,-3.1339,-0.001,-0.04343,0.0,0.0,0.174,0.0,0.0,128.0,542.0
979977.0,0.0,-3.1339,0.005,-0.04343,0.0,0.0,0.174,0.0,0.0,128.0,549.0
980018.0,0.0,-3.1339,0.002,-0.04343,0.0,0.0,0.174,0.0,0.0,128.0,549.0
980058.0,0.0,-3.1339,0.001,-0.04343,0.0,0.0,0.174,0.0,0.0,128.0,550.0
980098.0,0.0,-3.1339,-0.001,-0.04343,0.0,0.0,0.174,0.0,0.0,128.0,550.0
980138.0,0.0,-3.1339,0.0,-0.04343,0.0,0.0,0.174,0.0,0.0,128.0,550.0
980179.0,0.0,-3.1339,0.0,-0.04343,0.0,0.0,0.174,0.0,0.0,128.0,550.0
980219.0,0.0,-3.1339,-0.0,-0.04343,0.0,0.0,0.174,0.0,0.0,128.0,551.0
980259.0,0.0,-3.1339,-0.001,-0.04343,0.0,0.0,0.174,0.0,0.0,128.0,551.0
980300.0,0.0,-3.1339,-0.002,-0.04343,0.0,0.0,0.174,0.0,0.0,128.0,551.0
980340.0,0.0,-3.1339,-0.001,-0.04343,0.0,0.0,0.174,0.0,0.0,128.0,551.0
980380.0,0.0,-3.1339,-0.001,-0.04343,0.0,0.0,0.174,0.0,0.0,128.0,558.0
980420.0,0.0,-3.1339,-0.0,-0.04343,0.0,0.0,0.174,0.0,0.0,128.0,543.0
980460.0,0.0,-3.1339,-0.001,-0.04343,0.0,0.0,0.174,0.0,0.0,128.0,542.0
980500.0,0.0,-3.1339,-0.0,-0.04343,0.0,0.0,0.174,0.0,0.0,128.0,549.0
980541.0,0.0,-3.1339,0.002,-0.04343,0.0,0.0,0.174,0.0,0.0,128.0,550.0
980581.0,0.0,-3.1339,-0.001,-0.04343,0.0,0.0,0.174,0.0,0.0,128.0,550.0
980621.0,0.0,-3.1339,0.009,-0.04343,0.0,0.0,0.174,0.0,0.0,128.0,557.0
980661.0,0.0,-3.1339,0.002,-0.04343,0.0,0.0,0.174,0.0,0.0,128.0,550.0
980701.0,0.0,-3.1339,-0.001,-0.04343,0.0,0.0,0.174,0.0,0.0,128.0,542.0
980741.0,0.0,-3.1339,-0.007,-0.04343,0.0,0.0,0.174,0.0,0.0,128.0,550.0
980782.0,0.0,-3.1339,-0.0,-0.04343,0.0,0.0,0.174,0.0,0.0,128.0,544.0
980822.0,0.0,-3.1339,-0.0,-0.04343,0.0,0.0,0.174,0.0,0.0,128.0,550.0
980862.0,0.0,-3.1339,-0.002,-0.04343,0.0,0.0,0.174,0.0,0.0,128.0,549.0
980902.0,0.0,-3.1339,-0.001,-0.04343,0.0,0.0,0.174,0.0,0.0,128.0,550.0
980943.0,0.0,-3.1339,-0.001,-0.04343,0.0,0.0,0.174,0.0,0.0,128.0,542.0
980983.0,0.0,-3.1339,0.0,-0.04343,0.0,0.0,0.174,0.0,0.0,128.0,550.0
981023.0,0.0,-3.1339,-0.002,-0.04343,0.0,0.0,0.174,0.0,0.0,128.0,550.0
981063.0,0.0,-3.1339,-0.001,-0.04343,0.0,0.0,0.174,0.0,0.0,128.0,549.0
981103.0,0.0,-3.1339,0.001,-0.04343,0.0,0.0,0.174,0.0,0.0,128.0,550.0
981144.0,0.0,-3.1339,0.001,-0.04343,0.0,0.0,0.174,0.0,0.0,128.0,550.0
981184.0,0.0,-3.1339,-0.001,-0.04343,0.0,0.0,0.174,0.0,0.0,128.0,550.0
981224.0,0.0,-3.1339,-0.0,-0.04343,0.0,0.0,0.174,0.0,0.0,128.0,564.0
981264.0,0.0,-3.1339,0.002,-0.04343,0.0,0.0,0.174,0.0,0.0,128.0,550.0
981305.0,0.0,-3.1339,-0.001,-0.04343,0.0,0.0,0.174,0.0,0.0,128.0,549.0
981345.0,0.0,-3.1339,-0.0,-0.04343,0.0,0.0,0.174,0.0,0.0,128.0,550.0
981385.0,0.0,-3.1339,-0.001,-0.04343,0.0,0.0,0.174,0.0,0.0,128.0,549.0
981425.0,0.0,-3.1339,0.002,-0.04343,0.0,0.0,0.174,0.0,0.0,128.0,549.0
981466.0,0.0,-3.1339,0.001,-0.04343,0.0,0.0,0.174,0.0,0.0,128.0,544.0
981506.0,0.0,-3.1339,-0.001,-0.04343,0.0,0.0,0.174,0.0,0.0,128.0,551.0
981546.0,0.0,-3.1339,0.003,-0.04343,0.0,0.0,0.174,0.0,0.0,128.0,550.0
981586.0,0.0,-3.1339,-0.002,-0.04343,0.0,0.0,0.174,0.0,0.0,128.0,549.0
981626.0,0.0,-3.1339,0.002,-0.04343,0.0,0.0,0.174,0.0,0.0,128.0,550.0
981667.0,0.0,-3.1339,-0.001,-0.04343,0.0,0.0,0.174,0.0,0.0,128.0,549.0
981707.0,0.0,-3.1339,-0.001,-0.04343,0.0,0.0,0.174,0.0,0.0,128.0,550.0
981747.0,0.0,-3.1339,0.0,-0.04343,0.0,0.0,0.174,0.0,0.0,128.0,543.0
981787.0,0.0,-3.1339,0.003,-0.04343,0.0,0.0,0.174,0.0,0.0,128.0,557.0
981828.0,0.0,-3.1339,0.001,-0.04343,0.0,0.0,0.174,0.0,0.0,128.0,550.0
981868.0,0.0,-3.1339,-0.0,-0.04343,0.0,0.0,0.174,0.0,0.0,128.0,550.0
981908.0,0.0,-3.1339,0.003,-0.04343,0.0,0.0,0.174,0.0,0.0,128.0,549.0
981949.0,0.0,-3.1339,-0.001,-0.04343,0.0,0.0,0.174,0.0,0.0,128.0,550.0
981989.0,0.0,-3.1339,0.002,-0.04343,0.0,0.0,0.174,0.0,0.0,128.0,550.0
982029.0,0.0,-3.1339,-0.002,-0.04343,0.0,0.0,0.174,0.0,0.0,128.0,551.0
982070.0,0.0,-3.1339,-0.001,-0.04343,0.0,0.0,0.174,0.0,0.0,128.0,550.0
982110.0,0.0,-3.1339,-0.0,-0.04343,0.0,0.0,0.174,0.0,0.0,128.0,550.0
982150.0,0.0,-3.1324,0.006,-0.04343,0.0,0.0,0.174,0.0,0.0,128.0,549.0
982191.0,0.0,-3.1339,-0.001,-0.04343,0.0,0.0,0.174,0.0,0.0,128.0,550.0
982231.0,0.0,-3.1339,-0.002,-0.04343,0.0,0.0,0.174,0.0,0.0,128.0,550.0
982271.0,0.0,-3.1339,0.001,-0.04343,0.0,0.0,0.174,0.0,0.0,128.0,542.0
982311.0,0.0,-3.1339,-0.002,-0.04343,0.0,0.0,0.174,0.0,0.0,128.0,550.0
982352.0,0.0,-3.1339,-0.0,-0.04343,0.0,0.0,0.174,0.0,0.0,128.0,550.0
982392.0,0.0,-3.1324,0.007,-0.04343,0.0,0.0,0.174,0.0,0.0,128.0,557.0
982432.0,0.0,-3.1339,0.001,-0.04343,0.0,0.0,0.174,0.0,0.0,128.0,556.0
982472.0,0.0,-3.1339,-0.0,-0.04343,0.0,0.0,0.174,0.0,0.0,128.0,542.0
982512.0,0.0,-3.1339,-0.0,-0.04343,0.0,0.0,0.174,0.0,0.0,128.0,550.0
982553.0,0.0,-3.1339,-0.001,-0.04343,0.0,0.0,0.174,0.0,0.0,128.0,549.0
982593.0,0.0,-3.1339,0.003,-0.04343,0.0,0.0,0.174,0.0,0.0,128.0,544.0
982633.0,0.0,-3.1339,-0.002,-0.04343,0.0,0.0,0.174,0.0,0.0,128.0,564.0
982673.0,0.0,-3.1339,-0.001,-0.04343,0.0,0.0,0.174,0.0,0.0,128.0,550.0
982714.0,0.0,-3.1339,-0.001,-0.04343,0.0,0.0,0.174,0.0,0.0,128.0,550.0
982754.0,0.0,-3.1339,-0.001,-0.04343,0.0,0.0,0.174,0.0,0.0,128.0,550.0
982794.0,0.0,-3.1339,0.004,-0.04343,0.0,0.0,0.174,0.0,0.0,128.0,549.0
982834.0,0.0,-3.1339,-0.002,-0.04343,0.0,0.0,0.174,0.0,0.0,128.0,550.0
982875.0,0.0,-3.1339,0.002,-0.04343,0.0,0.0,0.174,0.0,0.0,128.0,550.0
982915.0,0.0,-3.1339,-0.001,-0.04343,0.0,0.0,0.174,0.0,0.0,128.0,551.0
982955.0,0.0,-3.1339,-0.001,-0.04343,0.0,0.0,0.174,0.0,0.0,128.0,550.0
982996.0,0.0,-3.1339,-0.0,-0.04343,0.0,0.0,0.174,0.0,0.0,128.0,551.0
983036.0,0.0,-3.1339,-0.0,-0.04343,0.0,0.0,0.174,0.0,0.0,128.0,557.0
983076.0,0.0,-3.1324,0.006,-0.04343,0.0,0.0,0.174,0.0,0.0,128.0,550.0
983116.0,0.0,-3.1339,-0.002,-0.04343,0.0,0.0,0.174,0.0,0.0,128.0,549.0
983156.0,0.0,-3.1339,-0.0,-0.04343,0.0,0.0,0.174,0.0,0.0,128.0,550.0
983197.0,0.0,-3.1339,-0.0,-0.04343,0.0,0.0,0.174,0.0,0.0,128.0,550.0
983237.0,0.0,-3.1339,0.0,-0.04343,0.0,0.0,0.174,0.0,0.0,128.0,564.0
983277.0,0.0,-3.1339,-0.001,-0.04343,0.0,0.0,0.174,0.0,0.0,128.0,544.0
983318.0,0.0,-3.1339,-0.0,-0.04343,0.0,0.0,0.174,0.0,0.0,128.0,550.0
983358.0,0.0,-3.1339,-0.001,-0.04343,0.0,0.0,0.174,0.0,0.0,128.0,550.0
983398.0,0.0,-3.1339,-0.001,-0.04343,0.0,0.0,0.174,0.0,0.0,128.0,550.0
983438.0,0.0,-3.1339,0.002,-0.04343,0.0,0.0,0.174,0.0,0.0,128.0,544.0
983478.0,0.0,-3.1339,-0.0,-0.04343,0.0,0.0,0.174,0.0,0.0,128.0,550.0
983519.0,0.0,-3.1339,-0.0,-0.04343,0.0,0.0,0.174,0.0,0.0,128.0,550.0
983559.0,0.0,-3.1339,-0.001,-0.04343,0.0,0.0,0.174,0.0,0.0,128.0,550.0
983599.0,0.0,-3.1339,-0.002,-0.04343,0.0,0.0,0.174,0.0,0.0,128.0,550.0
983639.0,0.0,-3.1339,-0.001,-0.04343,0.0,0.0,0.174,0.0,0.0,128.0,550.0
983680.0,0.0,-3.1339,0.004,-0.04343,0.0,0.0,0.174,0.0,0.0,128.0,550.0
983720.0,0.0,-3.1339,-0.001,-0.04343,0.0,0.0,0.174,0.0,0.0,128.0,550.0
983760.0,0.0,-3.1339,-0.006,-0.04343,0.0,0.0,0.174,0.0,0.0,128.0,549.0
983800.0,0.0,-3.1339,-0.001,-0.04343,0.0,0.0,0.174,0.0,0.0,128.0,550.0
983841.0,0.0,-3.1339,0.002,-0.04343,0.0,0.0,0.174,0.0,0.0,128.0,550.0
983881.0,0.0,-3.1339,-0.002,-0.04343,0.0,0.0,0.174,0.0,0.0,128.0,550.0
983921.0,0.0,-3.1339,0.003,-0.04343,0.0,0.0,0.174,0.0,0.0,128.0,550.0
983961.0,0.0,-3.1339,-0.001,-0.04343,0.0,0.0,0.174,0.0,0.0,128.0,549.0
984001.0,0.0,-3.1339,-0.001,-0.04343,0.0,0.0,0.174,0.0,0.0,128.0,550.0
984042.0,0.0,-3.1339,0.005,-0.04343,0.0,0.0,0.174,0.0,0.0,128.0,550.0
984082.0,0.0,-3.1339,-0.0,-0.04343,0.0,0.0,0.174,0.0,0.0,128.0,544.0
984122.0,0.0,-3.1339,-0.001,-0.04343,0.0,0.0,0.174,0.0,0.0,128.0,552.0
984162.0,0.0,-3.1339,-0.0,-0.04343,0.0,0.0,0.174,0.0,0.0,128.0,557.0
984203.0,0.0,-3.1339,-0.001,-0.04343,0.0,0.0,0.174,0.0,0.0,128.0,551.0
984243.0,0.0,-3.1339,-0.001,-0.04343,0.0,0.0,0.174,0.0,0.0,128.0,557.0
984283.0,0.0,-3.1339,-0.0,-0.04343,0.0,0.0,0.174,0.0,0.0,128.0,564.0
984323.0,0.0,-3.1339,0.001,-0.04343,0.0,0.0,0.174,0.0,0.0,128.0,549.0
984363.0,0.0,-3.1324,0.008,-0.04343,0.0,0.0,0.174,0.0,0.0,128.0,557.0
984404.0,0.0,-3.1339,-0.002,-0.04343,0.0,0.0,0.174,0.0,0.0,128.0,550.0
984444.0,0.0,-3.1339,0.0,-0.04343,0.0,0.0,0.174,0.0,0.0,128.0,550.0
984484.0,0.0,-3.1339,-0.001,-0.04343,0.0,0.0,0.174,0.0,0.0,128.0,544.0
984525.0,0.0,-3.1339,0.001,-0.04343,0.0,0.0,0.174,0.0,0.0,128.0,549.0
984565.0,0.0,-3.1339,0.004,-0.04343,0.0,0.0,0.174,0.0,0.0,128.0,557.0
984605.0,0.0,-3.1339,-0.002,-0.04343,0.0,0.0,0.174,0.0,0.0,128.0,550.0
984645.0,0.0,-3.1339,-0.0,-0.04343,0.0,0.0,0.174,0.0,0.0,128.0,549.0
984685.0,0.0,-3.1339,0.0,-0.04343,0.0,0.0,0.174,0.0,0.0,128.0,550.0
984726.0,0.0,-3.1339,-0.002,-0.04343,0.0,0.0,0.174,0.0,0.0,128.0,550.0
984766.0,0.0,-3.1339,-0.001,-0.04343,0.0,0.0,0.174,0.0,0.0,128.0,550.0
984806.0,0.0,-3.1339,0.0,-0.04343,0.0,0.0,0.174,0.0,0.0,128.0,550.0
984846.0,0.0,-3.1339,0.006,-0.04343,0.0,0.0,0.174,0.0,0.0,128.0,576.0
984886.0,0.0,-3.1339,-0.001,-0.04343,0.0,0.0,0.174,0.0,0.0,128.0,549.0
984927.0,0.0,-3.1339,-0.001,-0.04343,0.0,0.0,0.174,0.0,0.0,128.0,549.0
984967.0,0.0,-3.1339,-0.002,-0.04343,0.0,0.0,0.174,0.0,0.0,128.0,556.0
985007.0,0.0,-3.1339,-0.001,-0.04343,0.0,0.0,0.174,0.0,0.0,128.0,542.0
985047.0,0.0,-3.1339,-0.003,-0.04343,0.0,0.0,0.174,0.0,0.0,128.0,549.0
985088.0,0.0,-3.1339,0.003,-0.04343,0.0,0.0,0.174,0.0,0.0,128.0,549.0
985128.0,0.0,-3.1339,0.002,-0.04343,0.0,0.0,0.174,0.0,0.0,128.0,550.0
985168.0,0.0,-3.1339,-0.001,-0.04343,0.0,0.0,0.174,0.0,0.0,128.0,550.0
985208.0,0.0,-3.1339,-0.001,-0.04343,0.0,0.0,0.174,0.0,0.0,128.0,550.0
985249.0,0.0,-3.1339,-0.002,-0.04343,0.0,0.0,0.174,0.0,0.0,128.0,550.0
985289.0,0.0,-3.1339,-0.001,-0.04343,0.0,0.0,0.174,0.0,0.0,128.0,549.0
985329.0,0.0,-3.1339,-0.001,-0.04343,0.0,0.0,0.174,0.0,0.0,128.0,550.0
985369.0,0.0,-3.1339,-0.0,-0.04343,0.0,0.0,0.174,0.0,0.0,128.0,550.0
985409.0,0.0,-3.1339,-0.001,-0.04343,0.0,0.0,0.174,0.0,0.0,128.0,549.0
985449.0,0.0,-3.1339,0.0,-0.04343,0.0,0.0,0.174,0.0,0.0,128.0,549.0
985490.0,0.0,-3.1339,0.005,-0.04343,0.0,0.0,0.174,0.0,0.0,128.0,543.0
985530.0,0.0,-3.1339,-0.005,-0.04343,0.0,0.0,0.174,0.0,0.0,128.0,550.0
985570.0,0.0,-3.1339,0.0,-0.04343,0.0,0.0,0.174,0.0,0.0,128.0,550.0
985611.0,0.0,-3.1339,-0.001,-0.04343,0.0,0.0,0.174,0.0,0.0,128.0,543.0
985651.0,0.0,-3.1339,-0.001,-0.04343,0.0,0.0,0.174,0.0,0.0,128.0,550.0
985691.0,0.0,-3.1339,-0.0,-0.04343,0.0,0.0,0.174,0.0,0.0,128.0,542.0
985731.0,0.0,-3.1339,0.002,-0.04343,0.0,0.0,0.174,0.0,0.0,128.0,549.0
985772.0,0.0,-3.1339,-0.002,-0.04343,0.0,0.0,0.174,0.0,0.0,128.0,549.0
985812.0,0.0,-3.1339,-0.001,-0.04343,0.0,0.0,0.174,0.0,0.0,128.0,550.0
985852.0,0.0,-3.1339,-0.001,-0.04343,0.0,0.0,0.174,0.0,0.0,128.0,549.0
985892.0,0.0,-3.1339,-0.0,-0.04343,0.0,0.0,0.174,0.0,0.0,128.0,550.0
985933.0,0.0,-3.1339,0.0,-0.04343,0.0,0.0,0.174,0.0,0.0,128.0,550.0
985973.0,0.0,-3.1339,-0.0,-0.04343,0.0,0.0,0.174,0.0,0.0,128.0,556.0
986013.0,0.0,-3.1339,-0.0,-0.04343,0.0,0.0,0.174,0.0,0.0,128.0,556.0
986053.0,0.0,-3.1339,-0.001,-0.04343,0.0,0.0,0.174,0.0,0.0,128.0,549.0
986094.0,0.0,-3.1339,-0.002,-0.04343,0.0,0.0,0.174,0.0,0.0,128.0,549.0
986134.0,0.0,-3.1339,-0.004,-0.04343,0.0,0.0,0.174,0.0,0.0,128.0,557.0
986174.0,0.0,-3.1339,-0.0,-0.04343,0.0,0.0,0.174,0.0,0.0,128.0,542.0
986214.0,0.0,-3.1339,-0.0,-0.04343,0.0,0.0,0.174,0.0,0.0,128.0,550.0
986255.0,0.0,-3.1339,-0.001,-0.04343,0.0,0.0,0.174,0.0,0.0,128.0,549.0
986295.0,0.0,-3.1339,-0.001,-0.04343,0.0,0.0,0.174,0.0,0.0,128.0,551.0
986335.0,0.0,-3.1339,0.004,-0.04343,0.0,0.0,0.174,0.0,0.0,128.0,557.0
986376.0,0.0,-3.1339,0.003,-0.04343,0.0,0.0,0.174,0.0,0.0,128.0,557.0
986416.0,0.0,-3.1339,-0.001,-0.04343,0.0,0.0,0.174,0.0,0.0,128.0,543.0
986456.0,0.0,-3.1339,-0.001,-0.04343,0.0,0.0,0.174,0.0,0.0,128.0,549.0
986496.0,0.0,-3.1339,-0.0,-0.04343,0.0,0.0,0.174,0.0,0.0,128.0,550.0
986537.0,0.0,-3.1339,-0.0,-0.04343,0.0,0.0,0.174,0.0,0.0,128.0,550.0
986577.0,0.0,-3.1339,0.003,-0.04343,0.0,0.0,0.174,0.0,0.0,128.0,557.0
986617.0,0.0,-3.1339,0.003,-0.04343,0.0,0.0,0.174,0.0,0.0,128.0,557.0
986657.0,0.0,-3.1339,-0.003,-0.04343,0.0,0.0,0.174,0.0,0.0,128.0,542.0
986697.0,0.0,-3.1339,-0.001,-0.04343,0.0,0.0,0.174,0.0,0.0,128.0,549.0
986737.0,0.0,-3.1339,0.004,-0.04343,0.0,0.0,0.174,0.0,0.0,128.0,557.0
986778.0,0.0,-3.1339,-0.003,-0.04343,0.0,0.0,0.174,0.0,0.0,128.0,544.0
986818.0,0.0,-3.1339,-0.004,-0.04343,0.0,0.0,0.174,0.0,0.0,128.0,549.0
986858.0,0.0,-3.1339,-0.001,-0.04343,0.0,0.0,0.174,0.0,0.0,128.0,550.0
986898.0,0.0,-3.1339,-0.0,-0.04343,0.0,0.0,0.174,0.0,0.0,128.0,549.0
986938.0,0.0,-3.1339,0.002,-0.04343,0.0,0.0,0.174,0.0,0.0,128.0,550.0
986979.0,0.0,-3.1339,0.001,-0.04343,0.0,0.0,0.174,0.0,0.0,128.0,550.0
987019.0,0.0,-3.1339,-0.002,-0.04343,0.0,0.0,0.174,0.0,0.0,128.0,550.0
987059.0,0.0,-3.1339,0.001,-0.04343,0.0,0.0,0.174,0.0,0.0,128.0,550.0
987099.0,0.0,-3.1339,0.001,-0.04343,0.0,0.0,0.174,0.0,0.0,128.0,550.0
987140.0,0.0,-3.1339,0.012,-0.04343,0.0,0.0,0.174,0.0,0.0,128.0,549.0
987180.0,0.0,-3.1324,0.002,-0.04343,0.0,0.0,0.174,0.0,0.0,128.0,557.0
987220.0,0.0,-3.1339,-0.002,-0.04343,0.0,0.0,0.174,0.0,0.0,128.0,556.0
987260.0,0.0,-3.1339,-0.0,-0.04343,0.0,0.0,0.174,0.0,0.0,128.0,543.0
987300.0,0.0,-3.1339,0.0,-0.04343,0.0,0.0,0.174,0.0,0.0,128.0,550.0
987340.0,0.0,-3.1324,0.005,-0.04343,0.0,0.0,0.174,0.0,0.0,128.0,557.0
987381.0,0.0,-3.1339,-0.003,-0.04343,0.0,0.0,0.174,0.0,0.0,128.0,550.0
987421.0,0.0,-3.1339,0.001,-0.04343,0.0,0.0,0.174,0.0,0.0,128.0,549.0
987461.0,0.0,-3.1339,-0.001,-0.04343,0.0,0.0,0.174,0.0,0.0,128.0,550.0
987501.0,0.0,-3.1339,-0.0,-0.04343,0.0,0.0,0.174,0.0,0.0,128.0,542.0
987541.0,0.0,-3.1339,0.001,-0.04343,0.0,0.0,0.174,0.0,0.0,128.0,550.0
987582.0,0.0,-3.1339,0.001,-0.04343,0.0,0.0,0.174,0.0,0.0,128.0,550.0
987622.0,0.0,-3.1339,0.004,-0.04343,0.0,0.0,0.174,0.0,0.0,128.0,550.0
987662.0,0.0,-3.1339,-0.002,-0.04343,0.0,0.0,0.174,0.0,0.0,128.0,543.0
987703.0,0.0,-3.1339,-0.0,-0.04343,0.0,0.0,0.174,0.0,0.0,128.0,542.0
987743.0,0.0,-3.1339,0.005,-0.04343,0.0,0.0,0.174,0.0,0.0,128.0,550.0
987783.0,0.0,-3.1339,-0.001,-0.04343,0.0,0.0,0.174,0.0,0.0,128.0,549.0
987823.0,0.0,-3.1339,-0.005,-0.04343,0.0,0.0,0.174,0.0,0.0,128.0,550.0
987863.0,0.0,-3.1339,-0.0,-0.04343,0.0,0.0,0.174,0.0,0.0,128.0,542.0
987903.0,0.0,-3.1339,-0.001,-0.04343,0.0,0.0,0.174,0.0,0.0,128.0,550.0
987944.0,0.0,-3.1339,0.0,-0.04343,0.0,0.0,0.174,0.0,0.0,128.0,549.0
987984.0,0.0,-3.1339,0.003,-0.04343,0.0,0.0,0.174,0.0,0.0,128.0,557.0
988024.0,0.0,-3.1339,0.003,-0.04343,0.0,0.0,0.174,0.0,0.0,128.0,557.0
988065.0,0.0,-3.1339,-0.001,-0.04343,0.0,0.0,0.174,0.0,0.0,128.0,557.0
988105.0,0.0,-3.1339,-0.0,-0.04343,0.0,0.0,0.174,0.0,0.0,128.0,543.0
988145.0,0.0,-3.1339,-0.001,-0.04343,0.0,0.0,0.174,0.0,0.0,128.0,549.0
988185.0,0.0,-3.1339,0.003,-0.04343,0.0,0.0,0.174,0.0,0.0,128.0,550.0
988226.0,0.0,-3.1339,-0.002,-0.04343,0.0,0.0,0.174,0.0,0.0,128.0,549.0
988266.0,0.0,-3.1339,-0.0,-0.04343,0.0,0.0,0.174,0.0,0.0,128.0,551.0
988306.0,0.0,-3.1339,0.005,-0.04343,0.0,0.0,0.174,0.0,0.0,128.0,558.0
988347.0,0.0,-3.1339,-0.001,-0.04343,0.0,0.0,0.174,0.0,0.0,128.0,557.0
988387.0,0.0,-3.1339,-0.001,-0.04343,0.0,0.0,0.174,0.0,0.0,128.0,543.0
988427.0,0.0,-3.1339,-0.002,-0.04343,0.0,0.0,0.174,0.0,0.0,128.0,544.0
988468.0,0.0,-3.1339,-0.001,-0.04343,0.0,0.0,0.174,0.0,0.0,128.0,550.0
988508.0,0.0,-3.1339,-0.0,-0.04343,0.0,0.0,0.174,0.0,0.0,128.0,550.0
988548.0,0.0,-3.1339,0.002,-0.04343,0.0,0.0,0.174,0.0,0.0,128.0,542.0
988588.0,0.0,-3.1339,-0.002,-0.04343,0.0,0.0,0.174,0.0,0.0,128.0,549.0
988629.0,0.0,-3.1339,-0.001,-0.04343,0.0,0.0,0.174,0.0,0.0,128.0,542.0
988669.0,0.0,-3.1339,-0.0,-0.04343,0.0,0.0,0.174,0.0,0.0,128.0,550.0
988709.0,0.0,-3.1339,0.005,-0.04343,0.0,0.0,0.174,0.0,0.0,128.0,557.0
988749.0,0.0,-3.1339,-0.002,-0.04343,0.0,0.0,0.174,0.0,0.0,128.0,550.0
988789.0,0.0,-3.1339,0.004,-0.04343,0.0,0.0,0.174,0.0,0.0,128.0,542.0
988829.0,0.0,-3.1339,-0.002,-0.04343,0.0,0.0,0.174,0.0,0.0,128.0,550.0
988870.0,0.0,-3.1339,0.002,-0.04343,0.0,0.0,0.174,0.0,0.0,128.0,544.0
988910.0,0.0,-3.1339,-0.002,-0.04343,0.0,0.0,0.174,0.0,0.0,128.0,550.0
988950.0,0.0,-3.1339,-0.001,-0.04343,0.0,0.0,0.174,0.0,0.0,128.0,550.0
988990.0,0.0,-3.1339,-0.0,-0.04343,0.0,0.0,0.174,0.0,0.0,128.0,551.0
989031.0,0.0,-3.1339,-0.001,-0.04343,0.0,0.0,0.174,0.0,0.0,128.0,550.0
989071.0,0.0,-3.1339,0.002,-0.04343,0.0,0.0,0.174,0.0,0.0,128.0,550.0
989111.0,0.0,-3.1339,-0.003,-0.04343,0.0,0.0,0.174,0.0,0.0,128.0,550.0
989152.0,0.0,-3.1339,0.001,-0.04343,0.0,0.0,0.174,0.0,0.0,128.0,550.0
989192.0,0.0,-3.1339,0.0,-0.04343,0.0,0.0,0.174,0.0,0.0,128.0,550.0
989232.0,0.0,-3.1339,-0.001,-0.04343,0.0,0.0,0.174,0.0,0.0,128.0,549.0
989272.0,0.0,-3.1339,-0.001,-0.04343,0.0,0.0,0.174,0.0,0.0,128.0,550.0
989313.0,0.0,-3.1339,0.003,-0.04343,0.0,0.0,0.174,0.0,0.0,128.0,549.0
989353.0,0.0,-3.1339,-0.002,-0.04343,0.0,0.0,0.174,0.0,0.0,128.0,544.0
989393.0,0.0,-3.1339,-0.0,-0.04343,0.0,0.0,0.174,0.0,0.0,128.0,564.0
989433.0,0.0,-3.1339,0.0,-0.04343,0.0,0.0,0.174,0.0,0.0,128.0,550.0
989474.0,0.0,-3.1339,0.001,-0.04343,0.0,0.0,0.174,0.0,0.0,128.0,542.0
989514.0,0.0,-3.1339,-0.001,-0.04343,0.0,0.0,0.174,0.0,0.0,128.0,549.0
989554.0,0.0,-3.1339,-0.002,-0.04343,0.0,0.0,0.174,0.0,0.0,128.0,550.0
989594.0,0.0,-3.1339,0.001,-0.04343,0.0,0.0,0.174,0.0,0.0,128.0,542.0
989634.0,0.0,-3.1339,-0.001,-0.04343,0.0,0.0,0.174,0.0,0.0,128.0,550.0
989675.0,0.0,-3.1339,0.0,-0.04343,0.0,0.0,0.174,0.0,0.0,128.0,549.0
989715.0,0.0,-3.1339,0.003,-0.04343,0.0,0.0,0.174,0.0,0.0,128.0,550.0
989755.0,0.0,-3.1339,-0.001,-0.04343,0.0,0.0,0.174,0.0,0.0,128.0,550.0
989795.0,0.0,-3.1339,-0.0,-0.04343,0.0,0.0,0.174,0.0,0.0,128.0,542.0
989836.0,0.0,-3.1339,-0.005,-0.04343,0.0,0.0,0.174,0.0,0.0,128.0,544.0
989876.0,0.0,-3.1339,0.0,-0.04343,0.0,0.0,0.174,0.0,0.0,128.0,558.0
989916.0,0.0,-3.1339,-0.001,-0.04343,0.0,0.0,0.174,0.0,0.0,128.0,564.0
989956.0,0.0,-3.1339,-0.0,-0.04343,0.0,0.0,0.174,0.0,0.0,128.0,549.0
989997.0,0.0,-3.1339,0.002,-0.04343,0.0,0.0,0.174,0.0,0.0,128.0,550.0
990037.0,0.0,-3.1339,-0.001,-0.04343,0.0,0.0,0.174,0.0,0.0,128.0,550.0
990077.0,0.0,-3.1339,-0.001,-0.04343,0.0,0.0,0.174,0.0,0.0,128.0,544.0
990118.0,0.0,-3.1339,-0.001,-0.04343,0.0,0.0,0.174,0.0,0.0,128.0,544.0
990158.0,0.0,-3.1339,-0.001,-0.04343,0.0,0.0,0.174,0.0,0.0,128.0,550.0
990198.0,0.0,-3.1339,-0.0,-0.04343,0.0,0.0,0.174,0.0,0.0,128.0,550.0
990238.0,0.0,-3.1339,0.0,-0.04343,0.0,0.0,0.174,0.0,0.0,128.0,542.0
990278.0,0.0,-3.1339,0.004,-0.04343,0.0,0.0,0.174,0.0,0.0,128.0,549.0
990318.0,0.0,-3.1339,0.008,-0.04343,0.0,0.0,0.174,0.0,0.0,128.0,557.0
990359.0,0.0,-3.1339,0.0,-0.04343,0.0,0.0,0.174,0.0,0.0,128.0,550.0
990399.0,0.0,-3.1339,-0.001,-0.04343,0.0,0.0,0.174,0.0,0.0,128.0,550.0
990439.0,0.0,-3.1339,-0.002,-0.04343,0.0,0.0,0.174,0.0,0.0,128.0,550.0
990480.0,0.0,-3.1339,-0.001,-0.04343,0.0,0.0,0.174,0.0,0.0,128.0,550.0
990520.0,0.0,-3.1339,0.004,-0.04343,0.0,0.0,0.174,0.0,0.0,128.0,550.0
990560.0,0.0,-3.1339,-0.002,-0.04343,0.0,0.0,0.174,0.0,0.0,128.0,552.0
990600.0,0.0,-3.1339,0.003,-0.04343,0.0,0.0,0.174,0.0,0.0,128.0,551.0
990641.0,0.0,-3.1339,-0.001,-0.04343,0.0,0.0,0.174,0.0,0.0,128.0,557.0
990681.0,0.0,-3.1339,0.003,-0.04343,0.0,0.0,0.174,0.0,0.0,128.0,557.0
990721.0,0.0,-3.1339,-0.003,-0.04343,0.0,0.0,0.174,0.0,0.0,128.0,563.0
990761.0,0.0,-3.1339,0.0,-0.04343,0.0,0.0,0.174,0.0,0.0,128.0,549.0
990801.0,0.0,-3.1339,0.001,-0.04343,0.0,0.0,0.174,0.0,0.0,128.0,543.0
990842.0,0.0,-3.1339,-0.001,-0.04343,0.0,0.0,0.174,0.0,0.0,128.0,550.0
990882.0,0.0,-3.1339,-0.0,-0.04343,0.0,0.0,0.174,0.0,0.0,128.0,550.0
990922.0,0.0,-3.1339,0.004,-0.04343,0.0,0.0,0.174,0.0,0.0,128.0,564.0
990962.0,0.0,-3.1339,-0.001,-0.04343,0.0,0.0,0.174,0.0,0.0,128.0,550.0
991003.0,0.0,-3.1339,-0.0,-0.04343,0.0,0.0,0.174,0.0,0.0,128.0,543.0
991043.0,0.0,-3.1339,-0.0,-0.04343,0.0,0.0,0.174,0.0,0.0,128.0,544.0
991083.0,0.0,-3.1339,-0.001,-0.04343,0.0,0.0,0.174,0.0,0.0,128.0,564.0
991123.0,0.0,-3.1339,-0.0,-0.04343,0.0,0.0,0.174,0.0,0.0,128.0,550.0
991164.0,0.0,-3.1339,-0.0,-0.04343,0.0,0.0,0.174,0.0,0.0,128.0,544.0
991204.0,0.0,-3.1339,0.002,-0.04343,0.0,0.0,0.174,0.0,0.0,128.0,557.0
991244.0,0.0,-3.1339,-0.002,-0.04343,0.0,0.0,0.174,0.0,0.0,128.0,550.0
991284.0,0.0,-3.1339,-0.0,-0.04343,0.0,0.0,0.174,0.0,0.0,128.0,543.0
991324.0,0.0,-3.1339,-0.001,-0.04343,0.0,0.0,0.174,0.0,0.0,128.0,550.0
991364.0,0.0,-3.1339,-0.0,-0.04343,0.0,0.0,0.174,0.0,0.0,128.0,557.0
991405.0,0.0,-3.1339,-0.0,-0.04343,0.0,0.0,0.174,0.0,0.0,128.0,550.0
991445.0,0.0,-3.1339,0.0,-0.04343,0.0,0.0,0.174,0.0,0.0,128.0,551.0
991485.0,0.0,-3.1339,0.0,-0.04343,0.0,0.0,0.174,0.0,0.0,128.0,557.0
991525.0,0.0,-3.1339,-0.001,-0.04343,0.0,0.0,0.174,0.0,0.0,128.0,551.0
991566.0,0.0,-3.1339,-0.0,-0.04343,0.0,0.0,0.174,0.0,0.0,128.0,557.0
991606.0,0.0,-3.1339,-0.002,-0.04343,0.0,0.0,0.174,0.0,0.0,128.0,543.0
991646.0,0.0,-3.1339,-0.0,-0.04343,0.0,0.0,0.174,0.0,0.0,128.0,549.0
991686.0,0.0,-3.1339,-0.001,-0.04343,0.0,0.0,0.174,0.0,0.0,128.0,549.0
991727.0,0.0,-3.1339,-0.0,-0.04343,0.0,0.0,0.174,0.0,0.0,128.0,549.0
991767.0,0.0,-3.1339,-0.003,-0.04343,0.0,0.0,0.174,0.0,0.0,128.0,544.0
991807.0,0.0,-3.1339,0.0,-0.04343,0.0,0.0,0.174,0.0,0.0,128.0,550.0
991847.0,0.0,-3.1339,-0.0,-0.04343,0.0,0.0,0.174,0.0,0.0,128.0,550.0
991887.0,0.0,-3.1339,-0.0,-0.04343,0.0,0.0,0.174,0.0,0.0,128.0,551.0
991928.0,0.0,-3.1339,-0.002,-0.04343,0.0,0.0,0.174,0.0,0.0,128.0,550.0
991968.0,0.0,-3.1339,-0.002,-0.04343,0.0,0.0,0.174,0.0,0.0,128.0,550.0
992008.0,0.0,-3.1339,-0.002,-0.04343,0.0,0.0,0.174,0.0,0.0,128.0,549.0
992048.0,0.0,-3.1339,-0.001,-0.04343,0.0,0.0,0.174,0.0,0.0,128.0,549.0
992089.0,0.0,-3.1339,0.004,-0.04343,0.0,0.0,0.174,0.0,0.0,128.0,550.0
992129.0,0.0,-3.1339,-0.001,-0.04343,0.0,0.0,0.174,0.0,0.0,128.0,549.0
992169.0,0.0,-3.1339,-0.003,-0.04343,0.0,0.0,0.174,0.0,0.0,128.0,550.0
992209.0,0.0,-3.1339,0.0,-0.04343,0.0,0.0,0.174,0.0,0.0,128.0,549.0
992250.0,0.0,-3.1339,-0.0,-0.04343,0.0,0.0,0.174,0.0,0.0,128.0,549.0
992290.0,0.0,-3.1339,0.001,-0.04343,0.0,0.0,0.174,0.0,0.0,128.0,550.0
992330.0,0.0,-3.1339,-0.001,-0.04343,0.0,0.0,0.174,0.0,0.0,128.0,550.0
992370.0,0.0,-3.1339,-0.0,-0.04343,0.0,0.0,0.174,0.0,0.0,128.0,544.0
992411.0,0.0,-3.1339,0.003,-0.04343,0.0,0.0,0.174,0.0,0.0,128.0,544.0
992451.0,0.0,-3.1339,-0.001,-0.04343,0.0,0.0,0.174,0.0,0.0,128.0,550.0
992491.0,0.0,-3.1339,-0.0,-0.04343,0.0,0.0,0.174,0.0,0.0,128.0,550.0
992531.0,0.0,-3.1339,-0.001,-0.04343,0.0,0.0,0.174,0.0,0.0,128.0,549.0
992571.0,0.0,-3.1339,-0.0,-0.04343,0.0,0.0,0.174,0.0,0.0,128.0,550.0
992612.0,0.0,-3.1339,0.0,-0.04343,0.0,0.0,0.174,0.0,0.0,128.0,550.0
992652.0,0.0,-3.1339,0.004,-0.04343,0.0,0.0,0.174,0.0,0.0,128.0,550.0
992692.0,0.0,-3.1339,0.002,-0.04343,0.0,0.0,0.174,0.0,0.0,128.0,550.0
992732.0,0.0,-3.1339,-0.001,-0.04343,0.0,0.0,0.174,0.0,0.0,128.0,550.0
992773.0,0.0,-3.1339,0.0,-0.04343,0.0,0.0,0.174,0.0,0.0,128.0,550.0
992813.0,0.0,-3.1339,-0.001,-0.04343,0.0,0.0,0.174,0.0,0.0,128.0,550.0
992853.0,0.0,-3.1339,-0.001,-0.04343,0.0,0.0,0.174,0.0,0.0,128.0,557.0
992894.0,0.0,-3.1339,-0.001,-0.04343,0.0,0.0,0.174,0.0,0.0,128.0,550.0
992934.0,0.0,-3.1339,0.004,-0.04343,0.0,0.0,0.174,0.0,0.0,128.0,550.0
992974.0,0.0,-3.1324,0.005,-0.04343,0.0,0.0,0.174,0.0,0.0,128.0,551.0
993015.0,0.0,-3.1339,0.0,-0.04343,0.0,0.0,0.174,0.0,0.0,128.0,550.0
993055.0,0.0,-3.1339,-0.001,-0.04343,0.0,0.0,0.174,0.0,0.0,128.0,550.0
993095.0,0.0,-3.1339,-0.002,-0.04343,0.0,0.0,0.174,0.0,0.0,128.0,549.0
993136.0,0.0,-3.1339,-0.001,-0.04343,0.0,0.0,0.174,0.0,0.0,128.0,549.0
993176.0,0.0,-3.1339,0.003,-0.04343,0.0,0.0,0.174,0.0,0.0,128.0,550.0
993216.0,0.0,-3.1339,-0.001,-0.04343,0.0,0.0,0.174,0.0,0.0,128.0,544.0
993256.0,0.0,-3.1339,0.002,-0.04343,0.0,0.0,0.174,0.0,0.0,128.0,550.0
993297.0,0.0,-3.1339,-0.001,-0.04343,0.0,0.0,0.174,0.0,0.0,128.0,549.0
993337.0,0.0,-3.1339,-0.0,-0.04343,0.0,0.0,0.174,0.0,0.0,128.0,550.0
993377.0,0.0,-3.1339,0.001,-0.04343,0.0,0.0,0.174,0.0,0.0,128.0,549.0
993417.0,0.0,-3.1339,-0.003,-0.04343,0.0,0.0,0.174,0.0,0.0,128.0,550.0
993458.0,0.0,-3.1339,-0.002,-0.04343,0.0,0.0,0.174,0.0,0.0,128.0,544.0
993498.0,0.0,-3.1339,0.0,-0.04343,0.0,0.0,0.174,0.0,0.0,128.0,550.0
993538.0,0.0,-3.1339,-0.0,-0.04343,0.0,0.0,0.174,0.0,0.0,128.0,551.0
993579.0,0.0,-3.1339,-0.0,-0.04343,0.0,0.0,0.174,0.0,0.0,128.0,543.0
993619.0,0.0,-3.1339,0.004,-0.04343,0.0,0.0,0.174,0.0,0.0,128.0,551.0
993659.0,0.0,-3.1339,-0.001,-0.04343,0.0,0.0,0.174,0.0,0.0,128.0,550.0
993699.0,0.0,-3.1339,0.002,-0.04343,0.0,0.0,0.174,0.0,0.0,128.0,544.0
993740.0,0.0,-3.1339,0.003,-0.04343,0.0,0.0,0.174,0.0,0.0,128.0,544.0
993780.0,0.0,-3.1339,-0.001,-0.04343,0.0,0.0,0.174,0.0,0.0,128.0,550.0
993820.0,0.0,-3.1339,-0.0,-0.04343,0.0,0.0,0.174,0.0,0.0,128.0,556.0
993860.0,0.0,-3.1339,0.005,-0.04343,0.0,0.0,0.174,0.0,0.0,128.0,549.0
993900.0,0.0,-3.1324,0.005,-0.04343,0.0,0.0,0.174,0.0,0.0,128.0,557.0
993941.0,0.0,-3.1339,-0.003,-0.04343,0.0,0.0,0.174,0.0,0.0,128.0,550.0
993981.0,0.0,-3.1339,-0.001,-0.04343,0.0,0.0,0.174,0.0,0.0,128.0,550.0
994021.0,0.0,-3.1339,-0.002,-0.04343,0.0,0.0,0.174,0.0,0.0,128.0,550.0
994061.0,0.0,-3.1339,-0.0,-0.04343,0.0,0.0,0.174,0.0,0.0,128.0,570.0
994101.0,0.0,-3.1339,-0.002,-0.04343,0.0,0.0,0.174,0.0,0.0,128.0,550.0
994141.0,0.0,-3.1355,-0.007,-0.04343,0.0,0.0,0.174,0.0,0.0,128.0,556.0
994182.0,0.0,-3.1339,0.0,-0.04343,0.0,0.0,0.174,0.0,0.0,128.0,549.0
994222.0,0.0,-3.1339,0.0,-0.04343,0.0,0.0,0.174,0.0,0.0,128.0,570.0
994262.0,0.0,-3.1339,0.0,-0.04343,0.0,0.0,0.174,0.0,0.0,128.0,556.0
994303.0,0.0,-3.1339,-0.001,-0.04343,0.0,0.0,0.174,0.0,0.0,128.0,544.0
994343.0,0.0,-3.1339,-0.0,-0.04343,0.0,0.0,0.174,0.0,0.0,128.0,550.0
994383.0,0.0,-3.1339,-0.002,-0.04343,0.0,0.0,0.174,0.0,0.0,128.0,556.0
994423.0,0.0,-3.1339,0.0,-0.04343,0.0,0.0,0.174,0.0,0.0,128.0,557.0
994464.0,0.0,-3.1339,0.0,-0.04343,0.0,0.0,0.174,0.0,0.0,128.0,549.0
994504.0,0.0,-3.1339,0.009,-0.04343,0.0,0.0,0.174,0.0,0.0,128.0,552.0
994544.0,0.0,-3.1339,-0.002,-0.04343,0.0,0.0,0.174,0.0,0.0,128.0,550.0
994584.0,0.0,-3.1339,-0.0,-0.04343,0.0,0.0,0.174,0.0,0.0,128.0,543.0
994625.0,0.0,-3.1339,-0.0,-0.04343,0.0,0.0,0.174,0.0,0.0,128.0,544.0
994665.0,0.0,-3.1339,-0.001,-0.04343,0.0,0.0,0.174,0.0,0.0,128.0,550.0
994705.0,0.0,-3.1339,-0.0,-0.04343,0.0,0.0,0.174,0.0,0.0,128.0,549.0
994745.0,0.0,-3.1339,-0.001,-0.04343,0.0,0.0,0.174,0.0,0.0,128.0,550.0
994786.0,0.0,-3.1339,-0.001,-0.04343,0.0,0.0,0.174,0.0,0.0,128.0,550.0
994826.0,0.0,-3.1339,-0.0,-0.04343,0.0,0.0,0.174,0.0,0.0,128.0,550.0
994866.0,0.0,-3.1339,-0.0,-0.04343,0.0,0.0,0.174,0.0,0.0,128.0,550.0
994906.0,0.0,-3.1339,-0.002,-0.04343,0.0,0.0,0.174,0.0,0.0,128.0,549.0
994946.0,0.0,-3.1339,-0.005,-0.04343,0.0,0.0,0.174,0.0,0.0,128.0,550.0
994987.0,0.0,-3.1339,0.001,-0.04343,0.0,0.0,0.174,0.0,0.0,128.0,550.0
995027.0,0.0,-3.1339,0.0,-0.04343,0.0,0.0,0.174,0.0,0.0,128.0,550.0
995067.0,0.0,-3.1339,0.006,-0.04343,0.0,0.0,0.174,0.0,0.0,128.0,557.0
995107.0,0.0,-3.1339,-0.001,-0.04343,0.0,0.0,0.174,0.0,0.0,128.0,549.0
995147.0,0.0,-3.1339,-0.0,-0.04343,0.0,0.0,0.174,0.0,0.0,128.0,544.0
995188.0,0.0,-3.1339,-0.001,-0.04343,0.0,0.0,0.174,0.0,0.0,128.0,549.0
995228.0,0.0,-3.1339,-0.001,-0.04343,0.0,0.0,0.174,0.0,0.0,128.0,550.0
995268.0,0.0,-3.1339,-0.0,-0.04343,0.0,0.0,0.174,0.0,0.0,128.0,544.0
995308.0,0.0,-3.1339,-0.001,-0.04343,0.0,0.0,0.174,0.0,0.0,128.0,552.0
995348.0,0.0,-3.1339,0.001,-0.04343,0.0,0.0,0.174,0.0,0.0,128.0,557.0
995389.0,0.0,-3.1339,-0.001,-0.04343,0.0,0.0,0.174,0.0,0.0,128.0,557.0
995429.0,0.0,-3.1339,0.003,-0.04343,0.0,0.0,0.174,0.0,0.0,128.0,569.0
995469.0,0.0,-3.1339,0.002,-0.04343,0.0,0.0,0.174,0.0,0.0,128.0,549.0
995509.0,0.0,-3.1339,-0.002,-0.04343,0.0,0.0,0.174,0.0,0.0,128.0,544.0
995550.0,0.0,-3.1339,-0.001,-0.04343,0.0,0.0,0.174,0.0,0.0,128.0,550.0
995590.0,0.0,-3.1339,-0.001,-0.04343,0.0,0.0,0.174,0.0,0.0,128.0,550.0
995630.0,0.0,-3.1339,-0.0,-0.04343,0.0,0.0,0.174,0.0,0.0,128.0,542.0
995670.0,0.0,-3.1339,0.001,-0.04343,0.0,0.0,0.174,0.0,0.0,128.0,550.0
995711.0,0.0,-3.1339,0.0,-0.04343,0.0,0.0,0.174,0.0,0.0,128.0,550.0
995751.0,0.0,-3.1339,-0.001,-0.04343,0.0,0.0,0.174,0.0,0.0,128.0,550.0
995791.0,0.0,-3.1339,-0.0,-0.04343,0.0,0.0,0.174,0.0,0.0,128.0,544.0
995831.0,0.0,-3.1339,0.0,-0.04343,0.0,0.0,0.174,0.0,0.0,128.0,549.0
995872.0,0.0,-3.1339,-0.0,-0.04343,0.0,0.0,0.174,0.0,0.0,128.0,542.0
995912.0,0.0,-3.1339,-0.0,-0.04343,0.0,0.0,0.174,0.0,0.0,128.0,549.0
995952.0,0.0,-3.1339,-0.001,-0.04343,0.0,0.0,0.174,0.0,0.0,128.0,550.0
995992.0,0.0,-3.1339,-0.0,-0.04343,0.0,0.0,0.174,0.0,0.0,128.0,537.0
996032.0,0.0,-3.1339,-0.002,-0.04343,0.0,0.0,0.174,0.0,0.0,128.0,550.0
996073.0,0.0,-3.1339,0.0,-0.04343,0.0,0.0,0.174,0.0,0.0,128.0,544.0
996113.0,0.0,-3.1339,-0.001,-0.04343,0.0,0.0,0.174,0.0,0.0,128.0,550.0
996153.0,0.0,-3.1339,-0.0,-0.04343,0.0,0.0,0.174,0.0,0.0,128.0,564.0
996193.0,0.0,-3.1339,0.005,-0.04343,0.0,0.0,0.174,0.0,0.0,128.0,557.0
996234.0,0.0,-3.1339,-0.004,-0.04343,0.0,0.0,0.174,0.0,0.0,128.0,550.0
996274.0,0.0,-3.1324,0.005,-0.04343,0.0,0.0,0.174,0.0,0.0,128.0,557.0
996314.0,0.0,-3.1339,-0.001,-0.04343,0.0,0.0,0.174,0.0,0.0,128.0,550.0
996354.0,0.0,-3.1339,0.0,-0.04343,0.0,0.0,0.174,0.0,0.0,128.0,549.0
996395.0,0.0,-3.1339,0.0,-0.04343,0.0,0.0,0.174,0.0,0.0,128.0,550.0
996435.0,0.0,-3.1324,0.005,-0.04343,0.0,0.0,0.174,0.0,0.0,128.0,552.0
996475.0,0.0,-3.1339,-0.001,-0.04343,0.0,0.0,0.174,0.0,0.0,128.0,550.0
996515.0,0.0,-3.1324,0.006,-0.04343,0.0,0.0,0.174,0.0,0.0,128.0,556.0
996555.0,0.0,-3.1339,-0.002,-0.04343,0.0,0.0,0.174,0.0,0.0,128.0,549.0
996596.0,0.0,-3.1339,-0.002,-0.04343,0.0,0.0,0.174,0.0,0.0,128.0,544.0
996636.0,0.0,-3.1339,0.004,-0.04343,0.0,0.0,0.174,0.0,0.0,128.0,550.0
996676.0,0.0,-3.1339,-0.0,-0.04343,0.0,0.0,0.174,0.0,0.0,128.0,550.0
996716.0,0.0,-3.1339,0.002,-0.04343,0.0,0.0,0.174,0.0,0.0,128.0,550.0
996757.0,0.0,-3.1339,0.003,-0.04343,0.0,0.0,0.174,0.0,0.0,128.0,550.0
996797.0,0.0,-3.1324,0.004,-0.04343,0.0,0.0,0.174,0.0,0.0,128.0,556.0
996837.0,0.0,-3.1339,-0.003,-0.04343,0.0,0.0,0.174,0.0,0.0,128.0,550.0
996877.0,0.0,-3.1339,-0.001,-0.04343,0.0,0.0,0.174,0.0,0.0,128.0,542.0
996917.0,0.0,-3.1339,-0.002,-0.04343,0.0,0.0,0.174,0.0,0.0,128.0,550.0
996958.0,0.0,-3.1339,0.007,-0.04343,0.0,0.0,0.174,0.0,0.0,128.0,557.0
996998.0,0.0,-3.1339,-0.002,-0.04343,0.0,0.0,0.174,0.0,0.0,128.0,551.0
997038.0,0.0,-3.1339,-0.0,-0.04343,0.0,0.0,0.174,0.0,0.0,128.0,557.0
997079.0,0.0,-3.1339,0.006,-0.04343,0.0,0.0,0.174,0.0,0.0,128.0,557.0
997119.0,0.0,-3.1339,-0.004,-0.04343,0.0,0.0,0.174,0.0,0.0,128.0,543.0
997159.0,0.0,-3.1339,-0.0,-0.04343,0.0,0.0,0.174,0.0,0.0,128.0,570.0
997199.0,0.0,-3.1339,0.0,-0.04343,0.0,0.0,0.174,0.0,0.0,128.0,549.0
997240.0,0.0,-3.1339,0.002,-0.04343,0.0,0.0,0.174,0.0,0.0,128.0,549.0
997280.0,0.0,-3.1339,-0.002,-0.04343,0.0,0.0,0.174,0.0,0.0,128.0,544.0
997320.0,0.0,-3.1339,-0.002,-0.04343,0.0,0.0,0.174,0.0,0.0,128.0,550.0
997360.0,0.0,-3.1339,0.001,-0.04343,0.0,0.0,0.174,0.0,0.0,128.0,551.0
997401.0,0.0,-3.1339,-0.002,-0.04343,0.0,0.0,0.174,0.0,0.0,128.0,551.0
997441.0,0.0,-3.1339,-0.0,-0.04343,0.0,0.0,0.174,0.0,0.0,128.0,557.0
997481.0,0.0,-3.1339,-0.001,-0.04343,0.0,0.0,0.174,0.0,0.0,128.0,543.0
997521.0,0.0,-3.1339,0.001,-0.04343,0.0,0.0,0.174,0.0,0.0,128.0,549.0
997561.0,0.0,-3.1339,0.003,-0.04343,0.0,0.0,0.174,0.0,0.0,128.0,550.0
997602.0,0.0,-3.1339,-0.001,-0.04343,0.0,0.0,0.174,0.0,0.0,128.0,549.0
997642.0,0.0,-3.1339,-0.001,-0.04343,0.0,0.0,0.174,0.0,0.0,128.0,542.0
997682.0,0.0,-3.1339,0.001,-0.04343,0.0,0.0,0.174,0.0,0.0,128.0,550.0
997722.0,0.0,-3.1339,-0.001,-0.04343,0.0,0.0,0.174,0.0,0.0,128.0,550.0
997762.0,0.0,-3.1339,-0.001,-0.04343,0.0,0.0,0.174,0.0,0.0,128.0,550.0
997802.0,0.0,-3.1355,-0.007,-0.04343,0.0,0.0,0.174,0.0,0.0,128.0,557.0
997843.0,0.0,-3.1339,0.003,-0.04343,0.0,0.0,0.174,0.0,0.0,128.0,550.0
997883.0,0.0,-3.1339,0.001,-0.04343,0.0,0.0,0.174,0.0,0.0,128.0,550.0
997923.0,0.0,-3.1339,0.002,-0.04343,0.0,0.0,0.174,0.0,0.0,128.0,556.0
997964.0,0.0,-3.1339,-0.003,-0.04343,0.0,0.0,0.174,0.0,0.0,128.0,549.0
998004.0,0.0,-3.1339,-0.0,-0.04343,0.0,0.0,0.174,0.0,0.0,128.0,550.0
998044.0,0.0,-3.1339,0.003,-0.04343,0.0,0.0,0.174,0.0,0.0,128.0,550.0
998084.0,0.0,-3.1339,-0.001,-0.04343,0.0,0.0,0.174,0.0,0.0,128.0,544.0
998125.0,0.0,-3.1339,0.003,-0.04343,0.0,0.0,0.174,0.0,0.0,128.0,544.0
998165.0,0.0,-3.1339,-0.002,-0.04343,0.0,0.0,0.174,0.0,0.0,128.0,549.0
998205.0,0.0,-3.1339,-0.001,-0.04343,0.0,0.0,0.174,0.0,0.0,128.0,550.0
998245.0,0.0,-3.1339,-0.001,-0.04343,0.0,0.0,0.174,0.0,0.0,128.0,549.0
998285.0,0.0,-3.1339,-0.0,-0.04343,0.0,0.0,0.174,0.0,0.0,128.0,549.0
998326.0,0.0,-3.1339,0.003,-0.04343,0.0,0.0,0.174,0.0,0.0,128.0,544.0
998366.0,0.0,-3.1339,-0.002,-0.04343,0.0,0.0,0.174,0.0,0.0,128.0,549.0
998406.0,0.0,-3.1339,-0.0,-0.04343,0.0,0.0,0.174,0.0,0.0,128.0,557.0
998446.0,0.0,-3.1339,-0.001,-0.04343,0.0,0.0,0.174,0.0,0.0,128.0,550.0
998486.0,0.0,-3.1339,-0.001,-0.04343,0.0,0.0,0.174,0.0,0.0,128.0,570.0
998526.0,0.0,-3.1339,-0.003,-0.04343,0.0,0.0,0.174,0.0,0.0,128.0,549.0
998566.0,0.0,-3.1339,-0.001,-0.04343,0.0,0.0,0.174,0.0,0.0,128.0,550.0
998607.0,0.0,-3.1339,-0.0,-0.04343,0.0,0.0,0.174,0.0,0.0,128.0,550.0
998647.0,0.0,-3.1324,0.008,-0.04343,0.0,0.0,0.174,0.0,0.0,128.0,571.0
998687.0,0.0,-3.1339,-0.002,-0.04343,0.0,0.0,0.174,0.0,0.0,128.0,542.0
998727.0,0.0,-3.1339,-0.0,-0.04343,0.0,0.0,0.174,0.0,0.0,128.0,550.0
998768.0,0.0,-3.1339,-0.0,-0.04343,0.0,0.0,0.174,0.0,0.0,128.0,544.0
998808.0,0.0,-3.1339,0.0,-0.04343,0.0,0.0,0.174,0.0,0.0,128.0,550.0
998848.0,0.0,-3.1339,0.003,-0.04343,0.0,0.0,0.174,0.0,0.0,128.0,551.0
998889.0,0.0,-3.1339,-0.001,-0.04343,0.0,0.0,0.174,0.0,0.0,128.0,551.0
998929.0,0.0,-3.1339,0.001,-0.04343,0.0,0.0,0.174,0.0,0.0,128.0,563.0
998969.0,0.0,-3.1339,0.005,-0.04343,0.0,0.0,0.174,0.0,0.0,128.0,549.0
999009.0,0.0,-3.1339,-0.001,-0.04343,0.0,0.0,0.174,0.0,0.0,128.0,550.0
999050.0,0.0,-3.1339,-0.0,-0.04343,0.0,0.0,0.174,0.0,0.0,128.0,550.0
999090.0,0.0,-3.1339,-0.001,-0.04343,0.0,0.0,0.174,0.0,0.0,128.0,550.0
999130.0,0.0,-3.1339,0.0,-0.04343,0.0,0.0,0.174,0.0,0.0,128.0,549.0
999171.0,0.0,-3.1339,-0.0,-0.04343,0.0,0.0,0.174,0.0,0.0,128.0,544.0
999211.0,0.0,-3.1339,-0.001,-0.04343,0.0,0.0,0.174,0.0,0.0,128.0,550.0
999251.0,0.0,-3.1339,0.005,-0.04343,0.0,0.0,0.174,0.0,0.0,128.0,556.0
999291.0,0.0,-3.1339,-0.002,-0.04343,0.0,0.0,0.174,0.0,0.0,128.0,550.0
999332.0,0.0,-3.1339,-0.003,-0.04343,0.0,0.0,0.174,0.0,0.0,128.0,549.0
999372.0,0.0,-3.1339,-0.008,-0.04343,0.0,0.0,0.174,0.0,0.0,128.0,550.0
999412.0,0.0,-3.1339,-0.0,-0.04343,0.0,0.0,0.174,0.0,0.0,128.0,550.0
999452.0,0.0,-3.1324,0.005,-0.04343,0.0,0.0,0.174,0.0,0.0,128.0,556.0
999492.0,0.0,-3.1339,0.003,-0.04343,0.0,0.0,0.174,0.0,0.0,128.0,544.0
999532.0,0.0,-3.1339,-0.002,-0.04343,0.0,0.0,0.174,0.0,0.0,128.0,550.0
999573.0,0.0,-3.1339,-0.0,-0.04343,0.0,0.0,0.174,0.0,0.0,128.0,550.0
999613.0,0.0,-3.1339,-0.001,-0.04343,0.0,0.0,0.174,0.0,0.0,128.0,550.0
999653.0,0.0,-3.1339,-0.001,-0.04343,0.0,0.0,0.174,0.0,0.0,128.0,556.0
999693.0,0.0,-3.1339,-0.002,-0.04343,0.0,0.0,0.174,0.0,0.0,128.0,550.0
999734.0,0.0,-3.1339,-0.001,-0.04343,0.0,0.0,0.174,0.0,0.0,128.0,550.0
999774.0,0.0,-3.1339,-0.001,-0.04343,0.0,0.0,0.174,0.0,0.0,128.0,550.0
999814.0,0.0,-3.1339,-0.002,-0.04343,0.0,0.0,0.174,0.0,0.0,128.0,550.0
999855.0,0.0,-3.1339,-0.001,-0.04343,0.0,0.0,0.174,0.0,0.0,128.0,549.0
999895.0,0.0,-3.1339,-0.001,-0.04343,0.0,0.0,0.174,0.0,0.0,128.0,550.0
999935.0,0.0,-3.1339,-0.001,-0.04343,0.0,0.0,0.174,0.0,0.0,128.0,542.0
999976.0,0.0,-3.1339,-0.001,-0.04343,0.0,0.0,0.174,0.0,0.0,128.0,544.0
1000016.0,0.0,-3.1339,-0.0,-0.04343,0.0,0.0,0.174,0.0,0.0,128.0,550.0
1000056.0,0.0,-3.1339,-0.001,-0.04343,0.0,0.0,0.174,0.0,0.0,128.0,550.0
1000096.0,0.0,-3.1339,-0.0,-0.04343,0.0,0.0,0.174,0.0,0.0,128.0,550.0
1000137.0,0.0,-3.1339,0.0,-0.04343,0.0,0.0,0.174,0.0,0.0,128.0,550.0
1000177.0,0.0,-3.1339,0.0,-0.04343,0.0,0.0,0.174,0.0,0.0,128.0,550.0
1000217.0,0.0,-3.1339,0.001,-0.04343,0.0,0.0,0.174,0.0,0.0,128.0,551.0
1000258.0,0.0,-3.1339,-0.001,-0.04343,0.0,0.0,0.174,0.0,0.0,128.0,550.0
1000298.0,0.0,-3.1339,-0.002,-0.04343,0.0,0.0,0.174,0.0,0.0,128.0,550.0
1000338.0,0.0,-3.1339,-0.001,-0.04343,0.0,0.0,0.174,0.0,0.0,128.0,549.0
1000378.0,0.0,-3.1339,0.007,-0.04343,0.0,0.0,0.174,0.0,0.0,128.0,557.0
1000419.0,0.0,-3.1339,-0.001,-0.04343,0.0,0.0,0.174,0.0,0.0,128.0,549.0
1000459.0,0.0,-3.1339,-0.002,-0.04343,0.0,0.0,0.174,0.0,0.0,128.0,543.0
1000499.0,0.0,-3.1339,-0.0,-0.04343,0.0,0.0,0.174,0.0,0.0,128.0,550.0
1000539.0,0.0,-3.1339,-0.0,-0.04343,0.0,0.0,0.174,0.0,0.0,128.0,550.0
1000579.0,0.0,-3.1339,-0.001,-0.04343,0.0,0.0,0.174,0.0,0.0,128.0,550.0
1000620.0,0.0,-3.1339,0.002,-0.04343,0.0,0.0,0.174,0.0,0.0,128.0,550.0
1000660.0,0.0,-3.1339,-0.001,-0.04343,0.0,0.0,0.174,0.0,0.0,128.0,550.0
1000700.0,0.0,-3.1339,0.001,-0.04343,0.0,0.0,0.174,0.0,0.0,128.0,543.0
1000740.0,0.0,-3.1339,0.0,-0.04343,0.0,0.0,0.174,0.0,0.0,128.0,550.0
1000781.0,0.0,-3.1339,-0.0,-0.04343,0.0,0.0,0.174,0.0,0.0,128.0,550.0
1000821.0,0.0,-3.1324,0.014,-0.04343,0.0,0.0,0.174,0.0,0.0,128.0,557.0
1000861.0,0.0,-3.1339,-0.003,-0.04343,0.0,0.0,0.174,0.0,0.0,128.0,557.0
1000902.0,0.0,-3.1339,0.005,-0.04343,0.0,0.0,0.174,0.0,0.0,128.0,551.0
1000942.0,0.0,-3.1339,-0.001,-0.04343,0.0,0.0,0.174,0.0,0.0,128.0,558.0
1000982.0,0.0,-3.1339,-0.001,-0.04343,0.0,0.0,0.174,0.0,0.0,128.0,564.0
1001022.0,0.0,-3.1339,-0.001,-0.04343,0.0,0.0,0.174,0.0,0.0,128.0,544.0
1001063.0,0.0,-3.1339,-0.0,-0.04343,0.0,0.0,0.174,0.0,0.0,128.0,550.0
1001103.0,0.0,-3.1339,-0.0,-0.04343,0.0,0.0,0.174,0.0,0.0,128.0,550.0
1001143.0,0.0,-3.1339,0.004,-0.04343,0.0,0.0,0.174,0.0,0.0,128.0,550.0
1001183.0,0.0,-3.1339,0.001,-0.04343,0.0,0.0,0.174,0.0,0.0,128.0,544.0
1001223.0,0.0,-3.1339,-0.002,-0.04343,0.0,0.0,0.174,0.0,0.0,128.0,564.0
1001263.0,0.0,-3.1339,-0.002,-0.04343,0.0,0.0,0.174,0.0,0.0,128.0,550.0
1001304.0,0.0,-3.1339,-0.0,-0.04343,0.0,0.0,0.174,0.0,0.0,128.0,550.0
1001344.0,0.0,-3.1339,-0.001,-0.04343,0.0,0.0,0.174,0.0,0.0,128.0,550.0
1001384.0,0.0,-3.1339,-0.0,-0.04343,0.0,0.0,0.174,0.0,0.0,128.0,549.0
1001424.0,0.0,-3.1339,0.001,-0.04343,0.0,0.0,0.174,0.0,0.0,128.0,550.0
1001465.0,0.0,-3.1339,-0.001,-0.04343,0.0,0.0,0.174,0.0,0.0,128.0,550.0
1001505.0,0.0,-3.1339,-0.0,-0.04343,0.0,0.0,0.174,0.0,0.0,128.0,551.0
1001545.0,0.0,-3.1339,0.001,-0.04343,0.0,0.0,0.174,0.0,0.0,128.0,550.0
1001585.0,0.0,-3.1339,0.004,-0.04343,0.0,0.0,0.174,0.0,0.0,128.0,557.0
1001626.0,0.0,-3.1339,0.001,-0.04343,0.0,0.0,0.174,0.0,0.0,128.0,557.0
1001666.0,0.0,-3.1339,-0.002,-0.04343,0.0,0.0,0.174,0.0,0.0,128.0,543.0
1001706.0,0.0,-3.1339,-0.002,-0.04343,0.0,0.0,0.174,0.0,0.0,128.0,549.0
1001746.0,0.0,-3.1339,0.0,-0.04343,0.0,0.0,0.174,0.0,0.0,128.0,550.0
1001787.0,0.0,-3.1339,-0.001,-0.04343,0.0,0.0,0.174,0.0,0.0,128.0,550.0
1001827.0,0.0,-3.1339,0.005,-0.04343,0.0,0.0,0.174,0.0,0.0,128.0,556.0
1001867.0,0.0,-3.1339,0.003,-0.04343,0.0,0.0,0.174,0.0,0.0,128.0,550.0
1001907.0,0.0,-3.1339,-0.002,-0.04343,0.0,0.0,0.174,0.0,0.0,128.0,558.0
1001948.0,0.0,-3.1339,-0.0,-0.04343,0.0,0.0,0.174,0.0,0.0,128.0,557.0
1001988.0,0.0,-3.1339,0.0,-0.04343,0.0,0.0,0.174,0.0,0.0,128.0,557.0
1002028.0,0.0,-3.1339,0.008,-0.04343,0.0,0.0,0.174,0.0,0.0,128.0,549.0
1002069.0,0.0,-3.1339,-0.001,-0.04343,0.0,0.0,0.174,0.0,0.0,128.0,550.0
1002109.0,0.0,-3.1339,-0.0,-0.04343,0.0,0.0,0.174,0.0,0.0,128.0,550.0
1002149.0,0.0,-3.1339,-0.0,-0.04343,0.0,0.0,0.174,0.0,0.0,128.0,549.0
1002189.0,0.0,-3.1339,-0.001,-0.04343,0.0,0.0,0.174,0.0,0.0,128.0,549.0
1002230.0,0.0,-3.1339,-0.0,-0.04343,0.0,0.0,0.174,0.0,0.0,128.0,544.0
1002270.0,0.0,-3.1339,-0.0,-0.04343,0.0,0.0,0.174,0.0,0.0,128.0,544.0
1002310.0,0.0,-3.1339,-0.002,-0.04343,0.0,0.0,0.174,0.0,0.0,128.0,550.0
1002350.0,0.0,-3.1339,-0.001,-0.04343,0.0,0.0,0.174,0.0,0.0,128.0,557.0
1002390.0,0.0,-3.1339,0.0,-0.04343,0.0,0.0,0.174,0.0,0.0,128.0,556.0
1002430.0,0.0,-3.1339,-0.001,-0.04343,0.0,0.0,0.174,0.0,0.0,128.0,550.0
1002471.0,0.0,-3.1339,-0.001,-0.04343,0.0,0.0,0.174,0.0,0.0,128.0,543.0
1002511.0,0.0,-3.1339,0.004,-0.04343,0.0,0.0,0.174,0.0,0.0,128.0,549.0
1002551.0,0.0,-3.1324,0.008,-0.04343,0.0,0.0,0.174,0.0,0.0,128.0,556.0
1002591.0,0.0,-3.1339,-0.002,-0.04343,0.0,0.0,0.174,0.0,0.0,128.0,550.0
1002631.0,0.0,-3.1339,-0.001,-0.04343,0.0,0.0,0.174,0.0,0.0,128.0,557.0
1002672.0,0.0,-3.1339,-0.0,-0.04343,0.0,0.0,0.174,0.0,0.0,128.0,549.0
1002712.0,0.0,-3.1339,0.005,-0.04343,0.0,0.0,0.174,0.0,0.0,128.0,556.0
1002752.0,0.0,-3.1339,-0.001,-0.04343,0.0,0.0,0.174,0.0,0.0,128.0,550.0
1002792.0,0.0,-3.1339,-0.001,-0.04343,0.0,0.0,0.174,0.0,0.0,128.0,550.0
1002833.0,0.0,-3.1339,-0.001,-0.04343,0.0,0.0,0.174,0.0,0.0,128.0,550.0
1002873.0,0.0,-3.1339,-0.0,-0.04343,0.0,0.0,0.174,0.0,0.0,128.0,550.0
1002913.0,0.0,-3.1339,-0.001,-0.04343,0.0,0.0,0.174,0.0,0.0,128.0,542.0
1002954.0,0.0,-3.1339,-0.003,-0.04343,0.0,0.0,0.174,0.0,0.0,128.0,549.0
1002994.0,0.0,-3.1339,0.001,-0.04343,0.0,0.0,0.174,0.0,0.0,128.0,550.0
1003034.0,0.0,-3.1339,-0.001,-0.04343,0.0,0.0,0.174,0.0,0.0,128.0,550.0
1003074.0,0.0,-3.1339,-0.0,-0.04343,0.0,0.0,0.174,0.0,0.0,128.0,550.0
1003115.0,0.0,-3.1339,-0.001,-0.04343,0.0,0.0,0.174,0.0,0.0,128.0,549.0
1003155.0,0.0,-3.1339,-0.0,-0.04343,0.0,0.0,0.174,0.0,0.0,128.0,550.0
1003195.0,0.0,-3.1339,0.0,-0.04343,0.0,0.0,0.174,0.0,0.0,128.0,544.0
1003235.0,0.0,-3.1339,0.007,-0.04343,0.0,0.0,0.174,0.0,0.0,128.0,551.0
1003276.0,0.0,-3.1339,-0.002,-0.04343,0.0,0.0,0.174,0.0,0.0,128.0,549.0
1003316.0,0.0,-3.1339,-0.001,-0.04343,0.0,0.0,0.174,0.0,0.0,128.0,550.0
1003356.0,0.0,-3.1339,0.002,-0.04343,0.0,0.0,0.174,0.0,0.0,128.0,549.0
1003396.0,0.0,-3.1339,-0.002,-0.04343,0.0,0.0,0.174,0.0,0.0,128.0,550.0
1003437.0,0.0,-3.1339,-0.0,-0.04343,0.0,0.0,0.174,0.0,0.0,128.0,550.0
1003477.0,0.0,-3.1339,-0.001,-0.04343,0.0,0.0,0.174,0.0,0.0,128.0,550.0
1003517.0,0.0,-3.1324,0.008,-0.04343,0.0,0.0,0.174,0.0,0.0,128.0,556.0
1003558.0,0.0,-3.1339,-0.002,-0.04343,0.0,0.0,0.174,0.0,0.0,128.0,550.0
1003598.0,0.0,-3.1339,-0.0,-0.04343,0.0,0.0,0.174,0.0,0.0,128.0,550.0
1003638.0,0.0,-3.1324,0.006,-0.04343,0.0,0.0,0.174,0.0,0.0,128.0,552.0
1003678.0,0.0,-3.1339,0.001,-0.04343,0.0,0.0,0.174,0.0,0.0,128.0,550.0
1003718.0,0.0,-3.1339,-0.001,-0.04343,0.0,0.0,0.174,0.0,0.0,128.0,549.0
1003758.0,0.0,-3.1339,-0.0,-0.04343,0.0,0.0,0.174,0.0,0.0,128.0,550.0
1003799.0,0.0,-3.1339,0.0,-0.04343,0.0,0.0,0.174,0.0,0.0,128.0,550.0
1003839.0,0.0,-3.1339,0.0,-0.04343,0.0,0.0,0.174,0.0,0.0,128.0,551.0
1003879.0,0.0,-3.1339,-0.001,-0.04343,0.0,0.0,0.174,0.0,0.0,128.0,557.0
1003919.0,0.0,-3.1324,0.005,-0.04343,0.0,0.0,0.174,0.0,0.0,128.0,565.0
1003959.0,0.0,-3.1339,-0.001,-0.04343,0.0,0.0,0.174,0.0,0.0,128.0,551.0
1004000.0,0.0,-3.1339,0.004,-0.04343,0.0,0.0,0.174,0.0,0.0,128.0,551.0
1004040.0,0.0,-3.1339,-0.002,-0.04343,0.0,0.0,0.174,0.0,0.0,128.0,558.0
1004080.0,0.0,-3.1339,0.003,-0.04343,0.0,0.0,0.174,0.0,0.0,128.0,557.0
1004120.0,0.0,-3.1339,-0.002,-0.04343,0.0,0.0,0.174,0.0,0.0,128.0,564.0
1004160.0,0.0,-3.1339,-0.001,-0.04343,0.0,0.0,0.174,0.0,0.0,128.0,551.0
1004201.0,0.0,-3.1339,-0.005,-0.04343,0.0,0.0,0.174,0.0,0.0,128.0,543.0
1004241.0,0.0,-3.1339,0.001,-0.04343,0.0,0.0,0.174,0.0,0.0,128.0,550.0
1004281.0,0.0,-3.1339,0.0,-0.04343,0.0,0.0,0.174,0.0,0.0,128.0,542.0
1004321.0,0.0,-3.1339,-0.0,-0.04343,0.0,0.0,0.174,0.0,0.0,128.0,550.0
1004362.0,0.0,-3.1339,-0.001,-0.04343,0.0,0.0,0.174,0.0,0.0,128.0,544.0
1004402.0,0.0,-3.1339,-0.001,-0.04343,0.0,0.0,0.174,0.0,0.0,128.0,550.0
1004442.0,0.0,-3.1339,-0.001,-0.04343,0.0,0.0,0.174,0.0,0.0,128.0,550.0
1004482.0,0.0,-3.1339,-0.0,-0.04343,0.0,0.0,0.174,0.0,0.0,128.0,550.0
1004523.0,0.0,-3.1339,0.0,-0.04343,0.0,0.0,0.174,0.0,0.0,128.0,550.0
1004563.0,0.0,-3.1339,-0.002,-0.04343,0.0,0.0,0.174,0.0,0.0,128.0,548.0
1004603.0,0.0,-3.1339,-0.003,-0.04343,0.0,0.0,0.174,0.0,0.0,128.0,550.0
1004643.0,0.0,-3.1339,-0.001,-0.04343,0.0,0.0,0.174,0.0,0.0,128.0,549.0
1004684.0,0.0,-3.1339,-0.001,-0.04343,0.0,0.0,0.174,0.0,0.0,128.0,549.0
1004724.0,0.0,-3.1339,-0.0,-0.04343,0.0,0.0,0.174,0.0,0.0,128.0,564.0
1004764.0,0.0,-3.1339,-0.003,-0.04343,0.0,0.0,0.174,0.0,0.0,128.0,550.0
1004805.0,0.0,-3.1339,-0.001,-0.04343,0.0,0.0,0.174,0.0,0.0,128.0,549.0
1004845.0,0.0,-3.1339,0.005,-0.04343,0.0,0.0,0.174,0.0,0.0,128.0,544.0
1004885.0,0.0,-3.1339,0.004,-0.04343,0.0,0.0,0.174,0.0,0.0,128.0,551.0
1004925.0,0.0,-3.1339,0.008,-0.04343,0.0,0.0,0.174,0.0,0.0,128.0,557.0
1004965.0,0.0,-3.1339,-0.003,-0.04343,0.0,0.0,0.174,0.0,0.0,128.0,550.0
1005005.0,0.0,-3.1339,-0.001,-0.04343,0.0,0.0,0.174,0.0,0.0,128.0,551.0
1005046.0,0.0,-3.1339,-0.001,-0.04343,0.0,0.0,0.174,0.0,0.0,128.0,550.0
1005086.0,0.0,-3.1339,0.012,-0.04343,0.0,0.0,0.174,0.0,0.0,128.0,571.0
1005126.0,0.0,-3.1339,-0.003,-0.04343,0.0,0.0,0.174,0.0,0.0,128.0,550.0
1005167.0,0.0,-3.1339,-0.0,-0.04343,0.0,0.0,0.174,0.0,0.0,128.0,542.0
1005207.0,0.0,-3.1355,-0.007,-0.04343,0.0,0.0,0.174,0.0,0.0,128.0,549.0
1005247.0,0.0,-3.1339,0.001,-0.04343,0.0,0.0,0.174,0.0,0.0,128.0,550.0
1005287.0,0.0,-3.1339,-0.0,-0.04343,0.0,0.0,0.174,0.0,0.0,128.0,549.0
1005327.0,0.0,-3.1339,-0.001,-0.04343,0.0,0.0,0.174,0.0,0.0,128.0,549.0
1005368.0,0.0,-3.1339,0.0,-0.04343,0.0,0.0,0.174,0.0,0.0,128.0,550.0
1005408.0,0.0,-3.1339,-0.002,-0.04343,0.0,0.0,0.174,0.0,0.0,128.0,550.0
1005448.0,0.0,-3.1339,-0.0,-0.04343,0.0,0.0,0.174,0.0,0.0,128.0,551.0
1005488.0,0.0,-3.1339,-0.0,-0.04343,0.0,0.0,0.174,0.0,0.0,128.0,550.0
1005528.0,0.0,-3.1339,0.0,-0.04343,0.0,0.0,0.174,0.0,0.0,128.0,550.0
1005569.0,0.0,-3.1339,-0.0,-0.04343,0.0,0.0,0.174,0.0,0.0,128.0,543.0
1005609.0,0.0,-3.1339,-0.0,-0.04343,0.0,0.0,0.174,0.0,0.0,128.0,556.0
1005649.0,0.0,-3.1339,0.0,-0.04343,0.0,0.0,0.174,0.0,0.0,128.0,550.0
1005690.0,0.0,-3.1339,-0.0,-0.04343,0.0,0.0,0.174,0.0,0.0,128.0,550.0
1005730.0,0.0,-3.1339,-0.0,-0.04343,0.0,0.0,0.174,0.0,0.0,128.0,550.0
1005770.0,0.0,-3.1339,0.0,-0.04343,0.0,0.0,0.174,0.0,0.0,128.0,551.0
1005810.0,0.0,-3.1339,0.001,-0.04343,0.0,0.0,0.174,0.0,0.0,128.0,557.0
1005851.0,0.0,-3.1339,-0.001,-0.04343,0.0,0.0,0.174,0.0,0.0,128.0,557.0
1005891.0,0.0,-3.1339,-0.0,-0.04343,0.0,0.0,0.174,0.0,0.0,128.0,569.0
1005931.0,0.0,-3.1339,0.0,-0.04343,0.0,0.0,0.174,0.0,0.0,128.0,544.0
1005972.0,0.0,-3.1339,0.0,-0.04343,0.0,0.0,0.174,0.0,0.0,128.0,549.0
1006012.0,0.0,-3.1339,-0.001,-0.04343,0.0,0.0,0.174,0.0,0.0,128.0,543.0
1006052.0,0.0,-3.1339,0.0,-0.04343,0.0,0.0,0.174,0.0,0.0,128.0,550.0
1006092.0,0.0,-3.1339,-0.001,-0.04343,0.0,0.0,0.174,0.0,0.0,128.0,550.0
1006133.0,0.0,-3.1339,-0.001,-0.04343,0.0,0.0,0.174,0.0,0.0,128.0,550.0
1006173.0,0.0,-3.1339,0.002,-0.04343,0.0,0.0,0.174,0.0,0.0,128.0,550.0
1006213.0,0.0,-3.1339,-0.002,-0.04343,0.0,0.0,0.174,0.0,0.0,128.0,549.0
1006253.0,0.0,-3.1339,0.001,-0.04343,0.0,0.0,0.174,0.0,0.0,128.0,550.0
1006293.0,0.0,-3.1339,-0.001,-0.04343,0.0,0.0,0.174,0.0,0.0,128.0,549.0
1006334.0,0.0,-3.1339,0.001,-0.04343,0.0,0.0,0.174,0.0,0.0,128.0,550.0
1006374.0,0.0,-3.1339,-0.002,-0.04343,0.0,0.0,0.174,0.0,0.0,128.0,550.0
1006414.0,0.0,-3.1339,0.0,-0.04343,0.0,0.0,0.174,0.0,0.0,128.0,542.0
1006454.0,0.0,-3.1339,0.003,-0.04343,0.0,0.0,0.174,0.0,0.0,128.0,550.0
1006495.0,0.0,-3.1339,-0.003,-0.04343,0.0,0.0,0.174,0.0,0.0,128.0,550.0
1006535.0,0.0,-3.1339,-0.001,-0.04343,0.0,0.0,0.174,0.0,0.0,128.0,550.0
1006575.0,0.0,-3.1339,0.001,-0.04343,0.0,0.0,0.174,0.0,0.0,128.0,570.0
1006615.0,0.0,-3.1339,-0.001,-0.04343,0.0,0.0,0.174,0.0,0.0,128.0,542.0
1006656.0,0.0,-3.1339,0.0,-0.04343,0.0,0.0,0.174,0.0,0.0,128.0,544.0
1006696.0,0.0,-3.1339,-0.001,-0.04343,0.0,0.0,0.174,0.0,0.0,128.0,557.0
1006736.0,0.0,-3.1339,-0.001,-0.04343,0.0,0.0,0.174,0.0,0.0,128.0,550.0
1006776.0,0.0,-3.1339,-0.002,-0.04343,0.0,0.0,0.174,0.0,0.0,128.0,544.0
1006816.0,0.0,-3.1324,0.007,-0.04343,0.0,0.0,0.174,0.0,0.0,128.0,557.0
1006857.0,0.0,-3.1339,-0.004,-0.04343,0.0,0.0,0.174,0.0,0.0,128.0,549.0
1006897.0,0.0,-3.1339,-0.002,-0.04343,0.0,0.0,0.174,0.0,0.0,128.0,543.0
1006937.0,0.0,-3.1339,0.005,-0.04343,0.0,0.0,0.174,0.0,0.0,128.0,551.0
1006977.0,0.0,-3.1324,0.003,-0.04343,0.0,0.0,0.174,0.0,0.0,128.0,557.0
1007017.0,0.0,-3.1339,0.002,-0.04343,0.0,0.0,0.174,0.0,0.0,128.0,550.0
1007058.0,0.0,-3.1339,0.0,-0.04343,0.0,0.0,0.174,0.0,0.0,128.0,549.0
1007098.0,0.0,-3.1339,-0.008,-0.04343,0.0,0.0,0.174,0.0,0.0,128.0,557.0
1007138.0,0.0,-3.1339,-0.0,-0.04343,0.0,0.0,0.174,0.0,0.0,128.0,550.0
1007178.0,0.0,-3.1339,0.005,-0.04343,0.0,0.0,0.174,0.0,0.0,128.0,550.0
1007219.0,0.0,-3.1339,0.004,-0.04343,0.0,0.0,0.174,0.0,0.0,128.0,549.0
1007259.0,0.0,-3.1339,-0.002,-0.04343,0.0,0.0,0.174,0.0,0.0,128.0,550.0
1007299.0,0.0,-3.1339,-0.001,-0.04343,0.0,0.0,0.174,0.0,0.0,128.0,549.0
1007339.0,0.0,-3.1339,-0.002,-0.04343,0.0,0.0,0.174,0.0,0.0,128.0,550.0
1007380.0,0.0,-3.1339,-0.0,-0.04343,0.0,0.0,0.174,0.0,0.0,128.0,550.0
1007420.0,0.0,-3.1339,-0.002,-0.04343,0.0,0.0,0.174,0.0,0.0,128.0,550.0
1007460.0,0.0,-3.1339,0.007,-0.04343,0.0,0.0,0.174,0.0,0.0,128.0,558.0
1007501.0,0.0,-3.1339,-0.004,-0.04343,0.0,0.0,0.174,0.0,0.0,128.0,551.0
1007541.0,0.0,-3.1339,-0.002,-0.04343,0.0,0.0,0.174,0.0,0.0,128.0,557.0
1007581.0,0.0,-3.1339,0.0,-0.04343,0.0,0.0,0.174,0.0,0.0,128.0,557.0
1007621.0,0.0,-3.1339,0.001,-0.04343,0.0,0.0,0.174,0.0,0.0,128.0,557.0
1007661.0,0.0,-3.1339,-0.001,-0.04343,0.0,0.0,0.174,0.0,0.0,128.0,549.0
1007702.0,0.0,-3.1339,-0.0,-0.04343,0.0,0.0,0.174,0.0,0.0,128.0,544.0
1007742.0,0.0,-3.1339,0.0,-0.04343,0.0,0.0,0.174,0.0,0.0,128.0,550.0
1007782.0,0.0,-3.1339,0.0,-0.04343,0.0,0.0,0.174,0.0,0.0,128.0,551.0
1007822.0,0.0,-3.1339,0.001,-0.04343,0.0,0.0,0.174,0.0,0.0,128.0,551.0
1007862.0,0.0,-3.1339,-0.001,-0.04343,0.0,0.0,0.174,0.0,0.0,128.0,557.0
1007903.0,0.0,-3.1339,-0.0,-0.04343,0.0,0.0,0.174,0.0,0.0,128.0,557.0
1007943.0,0.0,-3.1339,0.0,-0.04343,0.0,0.0,0.174,0.0,0.0,128.0,563.0
1007983.0,0.0,-3.1339,0.001,-0.04343,0.0,0.0,0.174,0.0,0.0,128.0,549.0
1008023.0,0.0,-3.1339,0.0,-0.04343,0.0,0.0,0.174,0.0,0.0,128.0,549.0
1008064.0,0.0,-3.1339,-0.001,-0.04343,0.0,0.0,0.174,0.0,0.0,128.0,550.0
1008104.0,0.0,-3.1324,0.005,-0.04343,0.0,0.0,0.174,0.0,0.0,128.0,557.0
1008144.0,0.0,-3.1339,-0.002,-0.04343,0.0,0.0,0.174,0.0,0.0,128.0,550.0
1008184.0,0.0,-3.1339,-0.002,-0.04343,0.0,0.0,0.174,0.0,0.0,128.0,550.0
1008225.0,0.0,-3.1339,-0.001,-0.04343,0.0,0.0,0.174,0.0,0.0,128.0,550.0
1008265.0,0.0,-3.1339,-0.0,-0.04343,0.0,0.0,0.174,0.0,0.0,128.0,549.0
1008305.0,0.0,-3.1339,0.0,-0.04343,0.0,0.0,0.174,0.0,0.0,128.0,550.0
1008345.0,0.0,-3.1339,-0.0,-0.04343,0.0,0.0,0.174,0.0,0.0,128.0,542.0
1008385.0,0.0,-3.1339,-0.002,-0.04343,0.0,0.0,0.174,0.0,0.0,128.0,550.0
1008426.0,0.0,-3.1339,-0.001,-0.04343,0.0,0.0,0.174,0.0,0.0,128.0,550.0
1008466.0,0.0,-3.1339,-0.0,-0.04343,0.0,0.0,0.174,0.0,0.0,128.0,550.0
1008506.0,0.0,-3.1339,-0.001,-0.04343,0.0,0.0,0.174,0.0,0.0,128.0,557.0
1008546.0,0.0,-3.1339,-0.0,-0.04343,0.0,0.0,0.174,0.0,0.0,128.0,564.0
1008586.0,0.0,-3.1339,-0.001,-0.04343,0.0,0.0,0.174,0.0,0.0,128.0,550.0
1008627.0,0.0,-3.1339,-0.001,-0.04343,0.0,0.0,0.174,0.0,0.0,128.0,549.0
1008667.0,0.0,-3.1339,-0.0,-0.04343,0.0,0.0,0.174,0.0,0.0,128.0,550.0
1008707.0,0.0,-3.1339,0.0,-0.04343,0.0,0.0,0.174,0.0,0.0,128.0,543.0
1008747.0,0.0,-3.1339,0.001,-0.04343,0.0,0.0,0.174,0.0,0.0,128.0,549.0
1008788.0,0.0,-3.1339,-0.001,-0.04343,0.0,0.0,0.174,0.0,0.0,128.0,544.0
1008828.0,0.0,-3.1339,-0.001,-0.04343,0.0,0.0,0.174,0.0,0.0,128.0,564.0
1008868.0,0.0,-3.1339,-0.0,-0.04343,0.0,0.0,0.174,0.0,0.0,128.0,550.0
1008909.0,0.0,-3.1339,-0.002,-0.04343,0.0,0.0,0.174,0.0,0.0,128.0,550.0
1008949.0,0.0,-3.1339,0.002,-0.04343,0.0,0.0,0.174,0.0,0.0,128.0,550.0
1008989.0,0.0,-3.1339,0.0,-0.04343,0.0,0.0,0.174,0.0,0.0,128.0,542.0
1009029.0,0.0,-3.1339,-0.002,-0.04343,0.0,0.0,0.174,0.0,0.0,128.0,550.0
1009070.0,0.0,-3.1339,0.006,-0.04343,0.0,0.0,0.174,0.0,0.0,128.0,550.0
1009110.0,0.0,-3.1339,-0.001,-0.04343,0.0,0.0,0.174,0.0,0.0,128.0,551.0
1009150.0,0.0,-3.1339,-0.001,-0.04343,0.0,0.0,0.174,0.0,0.0,128.0,557.0
1009190.0,0.0,-3.1339,0.002,-0.04343,0.0,0.0,0.174,0.0,0.0,128.0,551.0
1009231.0,0.0,-3.1339,-0.001,-0.04343,0.0,0.0,0.174,0.0,0.0,128.0,557.0
1009271.0,0.0,-3.1339,0.006,-0.04343,0.0,0.0,0.174,0.0,0.0,128.0,570.0
1009311.0,0.0,-3.1339,-0.002,-0.04343,0.0,0.0,0.174,0.0,0.0,128.0,549.0
1009351.0,0.0,-3.1339,-0.003,-0.04343,0.0,0.0,0.174,0.0,0.0,128.0,550.0
1009392.0,0.0,-3.1339,-0.002,-0.04343,0.0,0.0,0.174,0.0,0.0,128.0,542.0
1009432.0,0.0,-3.1339,-0.0,-0.04343,0.0,0.0,0.174,0.0,0.0,128.0,549.0
1009472.0,0.0,-3.1339,-0.0,-0.04343,0.0,0.0,0.174,0.0,0.0,128.0,550.0
1009512.0,0.0,-3.1339,-0.001,-0.04343,0.0,0.0,0.174,0.0,0.0,128.0,551.0
1009553.0,0.0,-3.1339,-0.0,-0.04343,0.0,0.0,0.174,0.0,0.0,128.0,550.0
1009593.0,0.0,-3.1339,0.001,-0.04343,0.0,0.0,0.174,0.0,0.0,128.0,550.0
1009633.0,0.0,-3.1339,-0.0,-0.04343,0.0,0.0,0.174,0.0,0.0,128.0,550.0
1009674.0,0.0,-3.1339,-0.002,-0.04343,0.0,0.0,0.174,0.0,0.0,128.0,550.0
1009714.0,0.0,-3.1339,0.0,-0.04343,0.0,0.0,0.174,0.0,0.0,128.0,544.0
1009754.0,0.0,-3.1324,0.006,-0.04343,0.0,0.0,0.174,0.0,0.0,128.0,557.0
1009794.0,0.0,-3.1339,-0.001,-0.04343,0.0,0.0,0.174,0.0,0.0,128.0,550.0
1009834.0,0.0,-3.1339,0.004,-0.04343,0.0,0.0,0.174,0.0,0.0,128.0,549.0
1009874.0,0.0,-3.1324,0.005,-0.04343,0.0,0.0,0.174,0.0,0.0,128.0,557.0
1009915.0,0.0,-3.1339,-0.001,-0.04343,0.0,0.0,0.174,0.0,0.0,128.0,550.0
1009955.0,0.0,-3.1339,-0.0,-0.04343,0.0,0.0,0.174,0.0,0.0,128.0,551.0
1009995.0,0.0,-3.1339,0.0,-0.04343,0.0,0.0,0.174,0.0,0.0,128.0,544.0
1010035.0,0.0,-3.1339,0.001,-0.04343,0.0,0.0,0.174,0.0,0.0,128.0,564.0
1010075.0,0.0,-3.1339,0.001,-0.04343,0.0,0.0,0.174,0.0,0.0,128.0,549.0
1010116.0,0.0,-3.1339,-0.001,-0.04343,0.0,0.0,0.174,0.0,0.0,128.0,549.0
1010156.0,0.0,-3.1339,-0.0,-0.04343,0.0,0.0,0.174,0.0,0.0,128.0,550.0
1010196.0,0.0,-3.1339,-0.002,-0.04343,0.0,0.0,0.174,0.0,0.0,128.0,549.0
1010236.0,0.0,-3.1339,0.0,-0.04343,0.0,0.0,0.174,0.0,0.0,128.0,550.0
1010276.0,0.0,-3.1339,0.0,-0.04343,0.0,0.0,0.174,0.0,0.0,128.0,542.0
1010316.0,0.0,-3.1339,-0.001,-0.04343,0.0,0.0,0.174,0.0,0.0,128.0,550.0
1010357.0,0.0,-3.1339,0.001,-0.04343,0.0,0.0,0.174,0.0,0.0,128.0,549.0
1010397.0,0.0,-3.1339,-0.003,-0.04343,0.0,0.0,0.174,0.0,0.0,128.0,550.0
1010437.0,0.0,-3.1339,-0.0,-0.04343,0.0,0.0,0.174,0.0,0.0,128.0,544.0
1010478.0,0.0,-3.1339,0.003,-0.04343,0.0,0.0,0.174,0.0,0.0,128.0,550.0
1010518.0,0.0,-3.1339,-0.001,-0.04343,0.0,0.0,0.174,0.0,0.0,128.0,550.0
1010558.0,0.0,-3.1339,0.004,-0.04343,0.0,0.0,0.174,0.0,0.0,128.0,549.0
1010598.0,0.0,-3.1339,-0.002,-0.04343,0.0,0.0,0.174,0.0,0.0,128.0,550.0
1010639.0,0.0,-3.1339,-0.002,-0.04343,0.0,0.0,0.174,0.0,0.0,128.0,549.0
1010679.0,0.0,-3.1339,-0.001,-0.04343,0.0,0.0,0.174,0.0,0.0,128.0,557.0
1010719.0,0.0,-3.1339,-0.001,-0.04343,0.0,0.0,0.174,0.0,0.0,128.0,550.0
1010760.0,0.0,-3.1339,-0.004,-0.04343,0.0,0.0,0.174,0.0,0.0,128.0,550.0
1010800.0,0.0,-3.1339,0.004,-0.04343,0.0,0.0,0.174,0.0,0.0,128.0,550.0
1010840.0,0.0,-3.1339,-0.0,-0.04343,0.0,0.0,0.174,0.0,0.0,128.0,550.0
1010880.0,0.0,-3.1339,-0.001,-0.04343,0.0,0.0,0.174,0.0,0.0,128.0,549.0
1010921.0,0.0,-3.1339,-0.0,-0.04343,0.0,0.0,0.174,0.0,0.0,128.0,550.0
1010961.0,0.0,-3.1339,0.0,-0.04343,0.0,0.0,0.174,0.0,0.0,128.0,550.0
1011001.0,0.0,-3.1324,0.006,-0.04343,0.0,0.0,0.174,0.0,0.0,128.0,558.0
1011042.0,0.0,-3.1339,-0.004,-0.04343,0.0,0.0,0.174,0.0,0.0,128.0,550.0
1011082.0,0.0,-3.1339,0.0,-0.04343,0.0,0.0,0.174,0.0,0.0,128.0,556.0
1011122.0,0.0,-3.1339,-0.002,-0.04343,0.0,0.0,0.174,0.0,0.0,128.0,549.0
1011163.0,0.0,-3.1339,-0.001,-0.04343,0.0,0.0,0.174,0.0,0.0,128.0,544.0
1011203.0,0.0,-3.1339,-0.001,-0.04343,0.0,0.0,0.174,0.0,0.0,128.0,550.0
1011243.0,0.0,-3.1339,-0.001,-0.04343,0.0,0.0,0.174,0.0,0.0,128.0,550.0
1011284.0,0.0,-3.1339,-0.001,-0.04343,0.0,0.0,0.174,0.0,0.0,128.0,550.0
1011324.0,0.0,-3.1339,-0.0,-0.04343,0.0,0.0,0.174,0.0,0.0,128.0,549.0
1011364.0,0.0,-3.1339,0.0,-0.04343,0.0,0.0,0.174,0.0,0.0,128.0,556.0
1011404.0,0.0,-3.1339,-0.001,-0.04343,0.0,0.0,0.174,0.0,0.0,128.0,550.0
1011445.0,0.0,-3.1339,0.004,-0.04343,0.0,0.0,0.174,0.0,0.0,128.0,550.0
1011485.0,0.0,-3.1339,-0.001,-0.04343,0.0,0.0,0.174,0.0,0.0,128.0,550.0
1011525.0,0.0,-3.1339,0.0,-0.04343,0.0,0.0,0.174,0.0,0.0,128.0,542.0
1011565.0,0.0,-3.1339,-0.001,-0.04343,0.0,0.0,0.174,0.0,0.0,128.0,550.0
1011606.0,0.0,-3.1339,-0.0,-0.04343,0.0,0.0,0.174,0.0,0.0,128.0,550.0
1011646.0,0.0,-3.1339,0.0,-0.04343,0.0,0.0,0.174,0.0,0.0,128.0,550.0
1011686.0,0.0,-3.1339,-0.001,-0.04343,0.0,0.0,0.174,0.0,0.0,128.0,537.0
1011726.0,0.0,-3.1339,-0.001,-0.04343,0.0,0.0,0.174,0.0,0.0,128.0,550.0
1011767.0,0.0,-3.1339,-0.001,-0.04343,0.0,0.0,0.174,0.0,0.0,128.0,549.0
1011807.0,0.0,-3.1339,-0.0,-0.04343,0.0,0.0,0.174,0.0,0.0,128.0,544.0
1011847.0,0.0,-3.1339,0.0,-0.04343,0.0,0.0,0.174,0.0,0.0,128.0,550.0
1011887.0,0.0,-3.1339,-0.001,-0.04343,0.0,0.0,0.174,0.0,0.0,128.0,542.0
1011928.0,0.0,-3.1339,-0.002,-0.04343,0.0,0.0,0.174,0.0,0.0,128.0,542.0
1011968.0,0.0,-3.1324,0.012,-0.04343,0.0,0.0,0.174,0.0,0.0,128.0,551.0
1012008.0,0.0,-3.1339,0.003,-0.04343,0.0,0.0,0.174,0.0,0.0,128.0,550.0
1012048.0,0.0,-3.1339,-0.005,-0.04343,0.0,0.0,0.174,0.0,0.0,128.0,542.0
1012088.0,0.0,-3.1339,0.0,-0.04343,0.0,0.0,0.174,0.0,0.0,128.0,550.0
1012129.0,0.0,-3.1339,0.008,-0.04343,0.0,0.0,0.174,0.0,0.0,128.0,556.0
1012169.0,0.0,-3.1339,-0.001,-0.04343,0.0,0.0,0.174,0.0,0.0,128.0,550.0
1012209.0,0.0,-3.1339,-0.001,-0.04343,0.0,0.0,0.174,0.0,0.0,128.0,550.0
1012250.0,0.0,-3.1339,-0.0,-0.04343,0.0,0.0,0.174,0.0,0.0,128.0,543.0
1012290.0,0.0,-3.1339,0.002,-0.04343,0.0,0.0,0.174,0.0,0.0,128.0,550.0
1012330.0,0.0,-3.1339,0.0,-0.04343,0.0,0.0,0.174,0.0,0.0,128.0,550.0
1012371.0,0.0,-3.1339,-0.001,-0.04343,0.0,0.0,0.174,0.0,0.0,128.0,544.0
1012411.0,0.0,-3.1339,-0.0,-0.04343,0.0,0.0,0.174,0.0,0.0,128.0,550.0
1012451.0,0.0,-3.1339,0.001,-0.04343,0.0,0.0,0.174,0.0,0.0,128.0,544.0
1012491.0,0.0,-3.1339,0.0,-0.04343,0.0,0.0,0.174,0.0,0.0,128.0,550.0
1012532.0,0.0,-3.1339,0.004,-0.04343,0.0,0.0,0.174,0.0,0.0,128.0,550.0
1012572.0,0.0,-3.1339,-0.003,-0.04343,0.0,0.0,0.174,0.0,0.0,128.0,544.0
1012612.0,0.0,-3.1339,-0.002,-0.04343,0.0,0.0,0.174,0.0,0.0,128.0,550.0
1012652.0,0.0,-3.1339,-0.001,-0.04343,0.0,0.0,0.174,0.0,0.0,128.0,549.0
1012692.0,0.0,-3.1339,0.001,-0.04343,0.0,0.0,0.174,0.0,0.0,128.0,550.0
1012732.0,0.0,-3.1339,0.002,-0.04343,0.0,0.0,0.174,0.0,0.0,128.0,549.0
1012772.0,0.0,-3.1339,-0.002,-0.04343,0.0,0.0,0.174,0.0,0.0,128.0,549.0
1012813.0,0.0,-3.1339,-0.0,-0.04343,0.0,0.0,0.174,0.0,0.0,128.0,550.0
1012853.0,0.0,-3.1339,-0.001,-0.04343,0.0,0.0,0.174,0.0,0.0,128.0,550.0
1012893.0,0.0,-3.1339,0.004,-0.04343,0.0,0.0,0.174,0.0,0.0,128.0,549.0
1012934.0,0.0,-3.1339,0.003,-0.04343,0.0,0.0,0.174,0.0,0.0,128.0,550.0
1012974.0,0.0,-3.1339,-0.001,-0.04343,0.0,0.0,0.174,0.0,0.0,128.0,550.0
1013014.0,0.0,-3.1339,-0.0,-0.04343,0.0,0.0,0.174,0.0,0.0,128.0,549.0
1013054.0,0.0,-3.1324,0.007,-0.04343,0.0,0.0,0.174,0.0,0.0,128.0,556.0
1013095.0,0.0,-3.1339,0.003,-0.04343,0.0,0.0,0.174,0.0,0.0,128.0,550.0
1013135.0,0.0,-3.1339,-0.001,-0.04343,0.0,0.0,0.174,0.0,0.0,128.0,550.0
1013175.0,0.0,-3.1339,-0.001,-0.04343,0.0,0.0,0.174,0.0,0.0,128.0,549.0
1013215.0,0.0,-3.1339,0.0,-0.04343,0.0,0.0,0.174,0.0,0.0,128.0,550.0
1013256.0,0.0,-3.1339,-0.001,-0.04343,0.0,0.0,0.174,0.0,0.0,128.0,550.0
1013296.0,0.0,-3.1339,0.0,-0.04343,0.0,0.0,0.174,0.0,0.0,128.0,550.0
1013336.0,0.0,-3.1339,0.001,-0.04343,0.0,0.0,0.174,0.0,0.0,128.0,557.0
1013376.0,0.0,-3.1339,-0.001,-0.04343,0.0,0.0,0.174,0.0,0.0,128.0,550.0
1013416.0,0.0,-3.1339,-0.001,-0.04343,0.0,0.0,0.174,0.0,0.0,128.0,557.0
1013457.0,0.0,-3.1339,-0.0,-0.04343,0.0,0.0,0.174,0.0,0.0,128.0,550.0
1013497.0,0.0,-3.1339,0.001,-0.04343,0.0,0.0,0.174,0.0,0.0,128.0,550.0
1013537.0,0.0,-3.1339,-0.001,-0.04343,0.0,0.0,0.174,0.0,0.0,128.0,557.0
1013578.0,0.0,-3.1339,-0.0,-0.04343,0.0,0.0,0.174,0.0,0.0,128.0,551.0
1013618.0,0.0,-3.1339,0.0,-0.04343,0.0,0.0,0.174,0.0,0.0,128.0,569.0
1013658.0,0.0,-3.1339,0.0,-0.04343,0.0,0.0,0.174,0.0,0.0,128.0,557.0
1013699.0,0.0,-3.1339,-0.001,-0.04343,0.0,0.0,0.174,0.0,0.0,128.0,542.0
1013739.0,0.0,-3.1339,-0.0,-0.04343,0.0,0.0,0.174,0.0,0.0,128.0,550.0
1013779.0,0.0,-3.1339,-0.002,-0.04343,0.0,0.0,0.174,0.0,0.0,128.0,543.0
1013819.0,0.0,-3.1339,0.001,-0.04343,0.0,0.0,0.174,0.0,0.0,128.0,550.0
1013859.0,0.0,-3.1339,0.003,-0.04343,0.0,0.0,0.174,0.0,0.0,128.0,551.0
1013900.0,0.0,-3.1339,-0.0,-0.04343,0.0,0.0,0.174,0.0,0.0,128.0,544.0
1013940.0,0.0,-3.1339,-0.001,-0.04343,0.0,0.0,0.174,0.0,0.0,128.0,542.0
1013980.0,0.0,-3.1339,-0.0,-0.04343,0.0,0.0,0.174,0.0,0.0,128.0,549.0
1014020.0,0.0,-3.1339,0.002,-0.04343,0.0,0.0,0.174,0.0,0.0,128.0,551.0
1014060.0,0.0,-3.1339,-0.001,-0.04343,0.0,0.0,0.174,0.0,0.0,128.0,558.0
1014100.0,0.0,-3.1339,-0.0,-0.04343,0.0,0.0,0.174,0.0,0.0,128.0,551.0
1014141.0,0.0,-3.1339,-0.0,-0.04343,0.0,0.0,0.174,0.0,0.0,128.0,558.0
1014181.0,0.0,-3.1339,0.004,-0.04343,0.0,0.0,0.174,0.0,0.0,128.0,570.0
1014221.0,0.0,-3.1339,-0.0,-0.04343,0.0,0.0,0.174,0.0,0.0,128.0,549.0
1014261.0,0.0,-3.1339,-0.001,-0.04343,0.0,0.0,0.174,0.0,0.0,128.0,550.0
1014302.0,0.0,-3.1339,-0.0,-0.04343,0.0,0.0,0.174,0.0,0.0,128.0,550.0
1014342.0,0.0,-3.1339,0.0,-0.04343,0.0,0.0,0.174,0.0,0.0,128.0,543.0
1014382.0,0.0,-3.1339,-0.0,-0.04343,0.0,0.0,0.174,0.0,0.0,128.0,550.0
1014422.0,0.0,-3.1339,-0.0,-0.04343,0.0,0.0,0.174,0.0,0.0,128.0,549.0
1014462.0,0.0,-3.1339,0.0,-0.04343,0.0,0.0,0.174,0.0,0.0,128.0,542.0
1014502.0,0.0,-3.1339,-0.001,-0.04343,0.0,0.0,0.174,0.0,0.0,128.0,550.0
1014543.0,0.0,-3.1339,-0.0,-0.04343,0.0,0.0,0.174,0.0,0.0,128.0,550.0
1014583.0,0.0,-3.1339,0.003,-0.04343,0.0,0.0,0.174,0.0,0.0,128.0,550.0
1014623.0,0.0,-3.1339,-0.001,-0.04343,0.0,0.0,0.174,0.0,0.0,128.0,550.0
1014663.0,0.0,-3.1339,-0.0,-0.04343,0.0,0.0,0.174,0.0,0.0,128.0,550.0
1014704.0,0.0,-3.1339,-0.001,-0.04343,0.0,0.0,0.174,0.0,0.0,128.0,550.0
1014744.0,0.0,-3.1339,-0.002,-0.04343,0.0,0.0,0.174,0.0,0.0,128.0,550.0
1014784.0,0.0,-3.1339,-0.003,-0.04343,0.0,0.0,0.174,0.0,0.0,128.0,551.0
1014824.0,0.0,-3.1339,-0.001,-0.04343,0.0,0.0,0.174,0.0,0.0,128.0,551.0
1014865.0,0.0,-3.1339,-0.0,-0.04343,0.0,0.0,0.174,0.0,0.0,128.0,551.0
1014905.0,0.0,-3.1324,0.008,-0.04343,0.0,0.0,0.174,0.0,0.0,128.0,564.0
1014945.0,0.0,-3.1339,-0.003,-0.04343,0.0,0.0,0.174,0.0,0.0,128.0,557.0
1014985.0,0.0,-3.1339,-0.001,-0.04343,0.0,0.0,0.174,0.0,0.0,128.0,549.0
1015025.0,0.0,-3.1339,-0.001,-0.04343,0.0,0.0,0.174,0.0,0.0,128.0,550.0
1015066.0,0.0,-3.1339,-0.0,-0.04343,0.0,0.0,0.174,0.0,0.0,128.0,549.0
1015106.0,0.0,-3.1339,-0.0,-0.04343,0.0,0.0,0.174,0.0,0.0,128.0,550.0
1015146.0,0.0,-3.1339,0.0,-0.04343,0.0,0.0,0.174,0.0,0.0,128.0,551.0
1015186.0,0.0,-3.1339,-0.002,-0.04343,0.0,0.0,0.174,0.0,0.0,128.0,557.0
1015227.0,0.0,-3.1339,0.004,-0.04343,0.0,0.0,0.174,0.0,0.0,128.0,551.0
1015267.0,0.0,-3.1339,-0.003,-0.04343,0.0,0.0,0.174,0.0,0.0,128.0,569.0
1015307.0,0.0,-3.1339,0.006,-0.04343,0.0,0.0,0.174,0.0,0.0,128.0,556.0
1015347.0,0.0,-3.1339,-0.002,-0.04343,0.0,0.0,0.174,0.0,0.0,128.0,549.0
1015388.0,0.0,-3.1339,0.001,-0.04343,0.0,0.0,0.174,0.0,0.0,128.0,543.0
1015428.0,0.0,-3.1339,0.0,-0.04343,0.0,0.0,0.174,0.0,0.0,128.0,550.0
1015468.0,0.0,-3.1339,-0.001,-0.04343,0.0,0.0,0.174,0.0,0.0,128.0,551.0
1015509.0,0.0,-3.1339,-0.001,-0.04343,0.0,0.0,0.174,0.0,0.0,128.0,550.0
1015549.0,0.0,-3.1339,-0.001,-0.04343,0.0,0.0,0.174,0.0,0.0,128.0,543.0
1015589.0,0.0,-3.1339,-0.0,-0.04343,0.0,0.0,0.174,0.0,0.0,128.0,564.0
1015629.0,0.0,-3.1339,0.0,-0.04343,0.0,0.0,0.174,0.0,0.0,128.0,544.0
1015670.0,0.0,-3.1339,0.001,-0.04343,0.0,0.0,0.174,0.0,0.0,128.0,544.0
1015710.0,0.0,-3.1339,0.0,-0.04343,0.0,0.0,0.174,0.0,0.0,128.0,550.0
1015750.0,0.0,-3.1339,0.001,-0.04343,0.0,0.0,0.174,0.0,0.0,128.0,549.0
1015790.0,0.0,-3.1339,-0.001,-0.04343,0.0,0.0,0.174,0.0,0.0,128.0,550.0
1015831.0,0.0,-3.1339,-0.0,-0.04343,0.0,0.0,0.174,0.0,0.0,128.0,550.0
1015871.0,0.0,-3.1339,0.004,-0.04343,0.0,0.0,0.174,0.0,0.0,128.0,550.0
1015911.0,0.0,-3.1339,-0.001,-0.04343,0.0,0.0,0.174,0.0,0.0,128.0,556.0
1015951.0,0.0,-3.1339,0.005,-0.04343,0.0,0.0,0.174,0.0,0.0,128.0,550.0
1015992.0,0.0,-3.1339,-0.001,-0.04343,0.0,0.0,0.174,0.0,0.0,128.0,549.0
1016032.0,0.0,-3.1339,-0.0,-0.04343,0.0,0.0,0.174,0.0,0.0,128.0,550.0
1016072.0,0.0,-3.1339,0.001,-0.04343,0.0,0.0,0.174,0.0,0.0,128.0,549.0
1016112.0,0.0,-3.1339,-0.0,-0.04343,0.0,0.0,0.174,0.0,0.0,128.0,550.0
1016153.0,0.0,-3.1339,-0.0,-0.04343,0.0,0.0,0.174,0.0,0.0,128.0,550.0
1016193.0,0.0,-3.1324,0.006,-0.04343,0.0,0.0,0.174,0.0,0.0,128.0,551.0
1016233.0,0.0,-3.1339,-0.002,-0.04343,0.0,0.0,0.174,0.0,0.0,128.0,550.0
1016273.0,0.0,-3.1339,-0.001,-0.04343,0.0,0.0,0.174,0.0,0.0,128.0,549.0
1016313.0,0.0,-3.1339,-0.001,-0.04343,0.0,0.0,0.174,0.0,0.0,128.0,550.0
1016354.0,0.0,-3.1339,-0.0,-0.04343,0.0,0.0,0.174,0.0,0.0,128.0,550.0
1016394.0,0.0,-3.1339,0.0,-0.04343,0.0,0.0,0.174,0.0,0.0,128.0,550.0
1016434.0,0.0,-3.1339,-0.001,-0.04343,0.0,0.0,0.174,0.0,0.0,128.0,542.0
1016474.0,0.0,-3.1339,-0.001,-0.04343,0.0,0.0,0.174,0.0,0.0,128.0,550.0
1016515.0,0.0,-3.1339,-0.001,-0.04343,0.0,0.0,0.174,0.0,0.0,128.0,550.0
1016555.0,0.0,-3.1339,-0.0,-0.04343,0.0,0.0,0.174,0.0,0.0,128.0,550.0
1016595.0,0.0,-3.1339,0.0,-0.04343,0.0,0.0,0.174,0.0,0.0,128.0,550.0
1016635.0,0.0,-3.1339,-0.001,-0.04343,0.0,0.0,0.174,0.0,0.0,128.0,550.0
1016675.0,0.0,-3.1324,0.004,-0.04343,0.0,0.0,0.174,0.0,0.0,128.0,557.0
1016716.0,0.0,-3.1339,-0.001,-0.04343,0.0,0.0,0.174,0.0,0.0,128.0,549.0
1016756.0,0.0,-3.1339,0.009,-0.04343,0.0,0.0,0.174,0.0,0.0,128.0,557.0
1016796.0,0.0,-3.1339,-0.003,-0.04343,0.0,0.0,0.174,0.0,0.0,128.0,542.0
1016837.0,0.0,-3.1339,-0.001,-0.04343,0.0,0.0,0.174,0.0,0.0,128.0,544.0
1016877.0,0.0,-3.1339,-0.001,-0.04343,0.0,0.0,0.174,0.0,0.0,128.0,549.0
1016917.0,0.0,-3.1339,-0.002,-0.04343,0.0,0.0,0.174,0.0,0.0,128.0,550.0
1016957.0,0.0,-3.1339,0.001,-0.04343,0.0,0.0,0.174,0.0,0.0,128.0,544.0
1016997.0,0.0,-3.1339,-0.001,-0.04343,0.0,0.0,0.174,0.0,0.0,128.0,551.0
1017038.0,0.0,-3.1339,0.004,-0.04343,0.0,0.0,0.174,0.0,0.0,128.0,550.0
1017078.0,0.0,-3.1339,-0.003,-0.04343,0.0,0.0,0.174,0.0,0.0,128.0,550.0
1017118.0,0.0,-3.1339,0.003,-0.04343,0.0,0.0,0.174,0.0,0.0,128.0,550.0
1017158.0,0.0,-3.1339,-0.001,-0.04343,0.0,0.0,0.174,0.0,0.0,128.0,550.0
1017198.0,0.0,-3.1339,0.007,-0.04343,0.0,0.0,0.174,0.0,0.0,128.0,556.0
1017239.0,0.0,-3.1339,-0.003,-0.04343,0.0,0.0,0.174,0.0,0.0,128.0,549.0
1017279.0,0.0,-3.1339,-0.001,-0.04343,0.0,0.0,0.174,0.0,0.0,128.0,550.0
1017319.0,0.0,-3.1339,-0.001,-0.04343,0.0,0.0,0.174,0.0,0.0,128.0,550.0
1017359.0,0.0,-3.1339,-0.001,-0.04343,0.0,0.0,0.174,0.0,0.0,128.0,550.0
1017399.0,0.0,-3.1339,-0.001,-0.04343,0.0,0.0,0.174,0.0,0.0,128.0,550.0
1017440.0,0.0,-3.1339,-0.003,-0.04343,0.0,0.0,0.174,0.0,0.0,128.0,550.0
1017480.0,0.0,-3.1339,-0.001,-0.04343,0.0,0.0,0.174,0.0,0.0,128.0,550.0
1017520.0,0.0,-3.1339,-0.0,-0.04343,0.0,0.0,0.174,0.0,0.0,128.0,549.0
1017560.0,0.0,-3.1339,-0.0,-0.04343,0.0,0.0,0.174,0.0,0.0,128.0,543.0
1017600.0,0.0,-3.1339,-0.002,-0.04343,0.0,0.0,0.174,0.0,0.0,128.0,550.0
1017641.0,0.0,-3.1339,-0.001,-0.04343,0.0,0.0,0.174,0.0,0.0,128.0,550.0
1017681.0,0.0,-3.1339,-0.0,-0.04343,0.0,0.0,0.174,0.0,0.0,128.0,550.0
1017721.0,0.0,-3.1339,-0.002,-0.04343,0.0,0.0,0.174,0.0,0.0,128.0,550.0
1017761.0,0.0,-3.1339,0.002,-0.04343,0.0,0.0,0.174,0.0,0.0,128.0,557.0
1017802.0,0.0,-3.1339,-0.002,-0.04343,0.0,0.0,0.174,0.0,0.0,128.0,549.0
1017842.0,0.0,-3.1339,-0.005,-0.04343,0.0,0.0,0.174,0.0,0.0,128.0,550.0
1017882.0,0.0,-3.1339,0.001,-0.04343,0.0,0.0,0.174,0.0,0.0,128.0,544.0
1017922.0,0.0,-3.1339,-0.001,-0.04343,0.0,0.0,0.174,0.0,0.0,128.0,557.0
1017962.0,0.0,-3.1339,0.004,-0.04343,0.0,0.0,0.174,0.0,0.0,128.0,551.0
1018003.0,0.0,-3.1339,-0.001,-0.04343,0.0,0.0,0.174,0.0,0.0,128.0,557.0
1018043.0,0.0,-3.1339,-0.0,-0.04343,0.0,0.0,0.174,0.0,0.0,128.0,543.0
1018083.0,0.0,-3.1339,0.0,-0.04343,0.0,0.0,0.174,0.0,0.0,128.0,549.0
1018123.0,0.0,-3.1339,-0.002,-0.04343,0.0,0.0,0.174,0.0,0.0,128.0,543.0
1018163.0,0.0,-3.1339,0.003,-0.04343,0.0,0.0,0.174,0.0,0.0,128.0,557.0
1018204.0,0.0,-3.1339,-0.001,-0.04343,0.0,0.0,0.174,0.0,0.0,128.0,550.0
1018244.0,0.0,-3.1339,-0.0,-0.04343,0.0,0.0,0.174,0.0,0.0,128.0,550.0
1018284.0,0.0,-3.1339,0.0,-0.04343,0.0,0.0,0.174,0.0,0.0,128.0,550.0
1018325.0,0.0,-3.1339,-0.002,-0.04343,0.0,0.0,0.174,0.0,0.0,128.0,544.0
1018365.0,0.0,-3.1339,-0.001,-0.04343,0.0,0.0,0.174,0.0,0.0,128.0,544.0
1018405.0,0.0,-3.1339,-0.0,-0.04343,0.0,0.0,0.174,0.0,0.0,128.0,564.0
1018445.0,0.0,-3.1339,-0.0,-0.04343,0.0,0.0,0.174,0.0,0.0,128.0,544.0
1018486.0,0.0,-3.1339,-0.002,-0.04343,0.0,0.0,0.174,0.0,0.0,128.0,550.0
1018526.0,0.0,-3.1339,-0.001,-0.04343,0.0,0.0,0.174,0.0,0.0,128.0,550.0
1018566.0,0.0,-3.1339,-0.002,-0.04343,0.0,0.0,0.174,0.0,0.0,128.0,549.0
1018606.0,0.0,-3.1339,-0.001,-0.04343,0.0,0.0,0.174,0.0,0.0,128.0,550.0
1018647.0,0.0,-3.1339,-0.0,-0.04343,0.0,0.0,0.174,0.0,0.0,128.0,550.0
1018687.0,0.0,-3.1339,0.005,-0.04343,0.0,0.0,0.174,0.0,0.0,128.0,550.0
1018727.0,0.0,-3.1339,-0.002,-0.04343,0.0,0.0,0.174,0.0,0.0,128.0,550.0
1018767.0,0.0,-3.1339,-0.001,-0.04343,0.0,0.0,0.174,0.0,0.0,128.0,551.0
1018808.0,0.0,-3.1339,-0.0,-0.04343,0.0,0.0,0.174,0.0,0.0,128.0,550.0
1018848.0,0.0,-3.1339,0.0,-0.04343,0.0,0.0,0.174,0.0,0.0,128.0,549.0
1018888.0,0.0,-3.1339,-0.001,-0.04343,0.0,0.0,0.174,0.0,0.0,128.0,550.0
1018928.0,0.0,-3.1339,0.0,-0.04343,0.0,0.0,0.174,0.0,0.0,128.0,549.0
1018968.0,0.0,-3.1339,0.001,-0.04343,0.0,0.0,0.174,0.0,0.0,128.0,550.0
1019009.0,0.0,-3.1339,0.0,-0.04343,0.0,0.0,0.174,0.0,0.0,128.0,550.0
1019049.0,0.0,-3.1339,-0.002,-0.04343,0.0,0.0,0.174,0.0,0.0,128.0,550.0
1019089.0,0.0,-3.1339,-0.002,-0.04343,0.0,0.0,0.174,0.0,0.0,128.0,544.0
1019130.0,0.0,-3.1339,-0.001,-0.04343,0.0,0.0,0.174,0.0,0.0,128.0,550.0
1019170.0,0.0,-3.1339,-0.001,-0.04343,0.0,0.0,0.174,0.0,0.0,128.0,550.0
1019210.0,0.0,-3.1339,-0.0,-0.04343,0.0,0.0,0.174,0.0,0.0,128.0,550.0
1019250.0,0.0,-3.1339,-0.001,-0.04343,0.0,0.0,0.174,0.0,0.0,128.0,550.0
1019290.0,0.0,-3.1339,0.004,-0.04343,0.0,0.0,0.174,0.0,0.0,128.0,557.0
1019331.0,0.0,-3.1339,-0.004,-0.04343,0.0,0.0,0.174,0.0,0.0,128.0,550.0
1019371.0,0.0,-3.1339,-0.0,-0.04343,0.0,0.0,0.174,0.0,0.0,128.0,555.0
1019411.0,0.0,-3.1339,-0.0,-0.04343,0.0,0.0,0.174,0.0,0.0,128.0,550.0
1019451.0,0.0,-3.1339,0.002,-0.04343,0.0,0.0,0.174,0.0,0.0,128.0,545.0
1019492.0,0.0,-3.1339,-0.001,-0.04343,0.0,0.0,0.174,0.0,0.0,128.0,550.0
1019532.0,0.0,-3.1339,0.004,-0.04343,0.0,0.0,0.174,0.0,0.0,128.0,550.0
1019572.0,0.0,-3.1339,-0.001,-0.04343,0.0,0.0,0.174,0.0,0.0,128.0,550.0
1019613.0,0.0,-3.1339,0.004,-0.04343,0.0,0.0,0.174,0.0,0.0,128.0,551.0
1019653.0,0.0,-3.1339,-0.001,-0.04343,0.0,0.0,0.174,0.0,0.0,128.0,556.0
1019693.0,0.0,-3.1339,-0.003,-0.04343,0.0,0.0,0.174,0.0,0.0,128.0,550.0
1019734.0,0.0,-3.1339,-0.001,-0.04343,0.0,0.0,0.174,0.0,0.0,128.0,550.0
1019774.0,0.0,-3.1339,0.003,-0.04343,0.0,0.0,0.174,0.0,0.0,128.0,550.0
1019814.0,0.0,-3.1339,0.004,-0.04343,0.0,0.0,0.174,0.0,0.0,128.0,557.0
1019854.0,0.0,-3.1339,-0.001,-0.04343,0.0,0.0,0.174,0.0,0.0,128.0,549.0
1019894.0,0.0,-3.1339,0.0,-0.04343,0.0,0.0,0.174,0.0,0.0,128.0,549.0
1019935.0,0.0,-3.1339,0.0,-0.04343,0.0,0.0,0.174,0.0,0.0,128.0,550.0
1019975.0,0.0,-3.1339,0.002,-0.04343,0.0,0.0,0.174,0.0,0.0,128.0,550.0
1020015.0,0.0,-3.1339,-0.001,-0.04343,0.0,0.0,0.174,0.0,0.0,128.0,542.0
1020055.0,0.0,-3.1339,-0.002,-0.04343,0.0,0.0,0.174,0.0,0.0,128.0,550.0
1020096.0,0.0,-3.1339,-0.001,-0.04343,0.0,0.0,0.174,0.0,0.0,128.0,549.0
1020136.0,0.0,-3.1339,-0.001,-0.04343,0.0,0.0,0.174,0.0,0.0,128.0,550.0
1020176.0,0.0,-3.1339,-0.0,-0.04343,0.0,0.0,0.174,0.0,0.0,128.0,544.0
1020217.0,0.0,-3.1339,-0.0,-0.04343,0.0,0.0,0.174,0.0,0.0,128.0,550.0
1020257.0,0.0,-3.1339,-0.0,-0.04343,0.0,0.0,0.174,0.0,0.0,128.0,551.0
1020297.0,0.0,-3.1339,-0.002,-0.04343,0.0,0.0,0.174,0.0,0.0,128.0,557.0
1020338.0,0.0,-3.1339,0.003,-0.04343,0.0,0.0,0.174,0.0,0.0,128.0,557.0
1020378.0,0.0,-3.1339,-0.001,-0.04343,0.0,0.0,0.174,0.0,0.0,128.0,557.0
1020418.0,0.0,-3.1339,0.01,-0.04343,0.0,0.0,0.174,0.0,0.0,128.0,556.0
1020458.0,0.0,-3.1339,-0.003,-0.04343,0.0,0.0,0.174,0.0,0.0,128.0,557.0
1020499.0,0.0,-3.1339,0.003,-0.04343,0.0,0.0,0.174,0.0,0.0,128.0,550.0
1020539.0,0.0,-3.1339,-0.002,-0.04343,0.0,0.0,0.174,0.0,0.0,128.0,550.0
1020579.0,0.0,-3.1339,0.0,-0.04343,0.0,0.0,0.174,0.0,0.0,128.0,550.0
1020619.0,0.0,-3.1339,0.0,-0.04343,0.0,0.0,0.174,0.0,0.0,128.0,550.0
1020659.0,0.0,-3.1339,-0.0,-0.04343,0.0,0.0,0.174,0.0,0.0,128.0,550.0
1020700.0,0.0,-3.1339,-0.0,-0.04343,0.0,0.0,0.174,0.0,0.0,128.0,549.0
1020740.0,0.0,-3.1339,-0.0,-0.04343,0.0,0.0,0.174,0.0,0.0,128.0,557.0
1020780.0,0.0,-3.1339,0.002,-0.04343,0.0,0.0,0.174,0.0,0.0,128.0,564.0
1020820.0,0.0,-3.1339,-0.003,-0.04343,0.0,0.0,0.174,0.0,0.0,128.0,550.0
1020861.0,0.0,-3.1339,-0.0,-0.04343,0.0,0.0,0.174,0.0,0.0,128.0,550.0
1020901.0,0.0,-3.1339,0.002,-0.04343,0.0,0.0,0.174,0.0,0.0,128.0,550.0
1020941.0,0.0,-3.1339,-0.001,-0.04343,0.0,0.0,0.174,0.0,0.0,128.0,550.0
1020982.0,0.0,-3.1339,-0.001,-0.04343,0.0,0.0,0.174,0.0,0.0,128.0,544.0
1021022.0,0.0,-3.1339,0.002,-0.04343,0.0,0.0,0.174,0.0,0.0,128.0,550.0
1021062.0,0.0,-3.1339,-0.002,-0.04343,0.0,0.0,0.174,0.0,0.0,128.0,550.0
1021102.0,0.0,-3.1355,-0.007,-0.04343,0.0,0.0,0.174,0.0,0.0,128.0,558.0
1021143.0,0.0,-3.1339,0.001,-0.04343,0.0,0.0,0.174,0.0,0.0,128.0,544.0
1021183.0,0.0,-3.1339,-0.001,-0.04343,0.0,0.0,0.174,0.0,0.0,128.0,550.0
1021223.0,0.0,-3.1339,-0.001,-0.04343,0.0,0.0,0.174,0.0,0.0,128.0,555.0
1021263.0,0.0,-3.1339,0.001,-0.04343,0.0,0.0,0.174,0.0,0.0,128.0,550.0
1021303.0,0.0,-3.1339,-0.005,-0.04343,0.0,0.0,0.174,0.0,0.0,128.0,551.0
1021344.0,0.0,-3.1339,-0.001,-0.04343,0.0,0.0,0.174,0.0,0.0,128.0,550.0
1021384.0,0.0,-3.1339,0.003,-0.04343,0.0,0.0,0.174,0.0,0.0,128.0,550.0
1021424.0,0.0,-3.1339,-0.002,-0.04343,0.0,0.0,0.174,0.0,0.0,128.0,544.0
1021464.0,0.0,-3.1339,0.005,-0.04343,0.0,0.0,0.174,0.0,0.0,128.0,550.0
1021505.0,0.0,-3.1339,-0.003,-0.04343,0.0,0.0,0.174,0.0,0.0,128.0,542.0
1021545.0,0.0,-3.1339,0.002,-0.04343,0.0,0.0,0.174,0.0,0.0,128.0,549.0
1021585.0,0.0,-3.1339,-0.004,-0.04343,0.0,0.0,0.174,0.0,0.0,128.0,550.0
1021625.0,0.0,-3.1324,0.011,-0.04343,0.0,0.0,0.174,0.0,0.0,128.0,549.0
1021666.0,0.0,-3.1339,-0.003,-0.04343,0.0,0.0,0.174,0.0,0.0,128.0,550.0
1021706.0,0.0,-3.1324,0.005,-0.04343,0.0,0.0,0.174,0.0,0.0,128.0,557.0
1021746.0,0.0,-3.1339,-0.002,-0.04343,0.0,0.0,0.174,0.0,0.0,128.0,550.0
1021786.0,0.0,-3.1339,-0.001,-0.04343,0.0,0.0,0.174,0.0,0.0,128.0,549.0
1021826.0,0.0,-3.1339,-0.001,-0.04343,0.0,0.0,0.174,0.0,0.0,128.0,550.0
1021866.0,0.0,-3.1324,0.007,-0.04343,0.0,0.0,0.174,0.0,0.0,128.0,556.0
1021907.0,0.0,-3.1339,-0.002,-0.04343,0.0,0.0,0.174,0.0,0.0,128.0,549.0
1021947.0,0.0,-3.1339,-0.002,-0.04343,0.0,0.0,0.174,0.0,0.0,128.0,550.0
1021987.0,0.0,-3.1339,0.001,-0.04343,0.0,0.0,0.174,0.0,0.0,128.0,542.0
1022027.0,0.0,-3.1339,-0.001,-0.04343,0.0,0.0,0.174,0.0,0.0,128.0,550.0
1022068.0,0.0,-3.1339,-0.0,-0.04343,0.0,0.0,0.174,0.0,0.0,128.0,542.0
1022108.0,0.0,-3.1339,-0.001,-0.04343,0.0,0.0,0.174,0.0,0.0,128.0,544.0
1022148.0,0.0,-3.1339,-0.0,-0.04343,0.0,0.0,0.174,0.0,0.0,128.0,552.0
1022188.0,0.0,-3.1339,0.0,-0.04343,0.0,0.0,0.174,0.0,0.0,128.0,557.0
1022229.0,0.0,-3.1339,0.006,-0.04343,0.0,0.0,0.174,0.0,0.0,128.0,551.0
1022269.0,0.0,-3.1339,-0.001,-0.04343,0.0,0.0,0.174,0.0,0.0,128.0,557.0
1022309.0,0.0,-3.1339,-0.0,-0.04343,0.0,0.0,0.174,0.0,0.0,128.0,570.0
1022349.0,0.0,-3.1339,-0.0,-0.04343,0.0,0.0,0.174,0.0,0.0,128.0,549.0
1022389.0,0.0,-3.1339,0.001,-0.04343,0.0,0.0,0.174,0.0,0.0,128.0,557.0
1022430.0,0.0,-3.1339,0.002,-0.04343,0.0,0.0,0.174,0.0,0.0,128.0,549.0
1022470.0,0.0,-3.1339,-0.001,-0.04343,0.0,0.0,0.174,0.0,0.0,128.0,550.0
1022510.0,0.0,-3.1339,0.005,-0.04343,0.0,0.0,0.174,0.0,0.0,128.0,549.0
1022550.0,0.0,-3.1339,-0.003,-0.04343,0.0,0.0,0.174,0.0,0.0,128.0,550.0
1022591.0,0.0,-3.1339,0.0,-0.04343,0.0,0.0,0.174,0.0,0.0,128.0,543.0
1022631.0,0.0,-3.1339,0.002,-0.04343,0.0,0.0,0.174,0.0,0.0,128.0,551.0
1022671.0,0.0,-3.1339,0.002,-0.04343,0.0,0.0,0.174,0.0,0.0,128.0,556.0
1022711.0,0.0,-3.1339,-0.001,-0.04343,0.0,0.0,0.174,0.0,0.0,128.0,549.0
1022752.0,0.0,-3.1339,-0.001,-0.04343,0.0,0.0,0.174,0.0,0.0,128.0,549.0
1022792.0,0.0,-3.1339,-0.0,-0.04343,0.0,0.0,0.174,0.0,0.0,128.0,550.0
1022832.0,0.0,-3.1339,-0.001,-0.04343,0.0,0.0,0.174,0.0,0.0,128.0,550.0
1022872.0,0.0,-3.1339,0.005,-0.04343,0.0,0.0,0.174,0.0,0.0,128.0,550.0
1022912.0,0.0,-3.1339,-0.001,-0.04343,0.0,0.0,0.174,0.0,0.0,128.0,549.0
1022952.0,0.0,-3.1339,0.005,-0.04343,0.0,0.0,0.174,0.0,0.0,128.0,549.0
1022993.0,0.0,-3.1339,-0.003,-0.04343,0.0,0.0,0.174,0.0,0.0,128.0,550.0
1023033.0,0.0,-3.1339,-0.001,-0.04343,0.0,0.0,0.174,0.0,0.0,128.0,549.0
1023073.0,0.0,-3.1339,-0.001,-0.04343,0.0,0.0,0.174,0.0,0.0,128.0,550.0
1023113.0,0.0,-3.1339,0.003,-0.04343,0.0,0.0,0.174,0.0,0.0,128.0,543.0
1023153.0,0.0,-3.1339,-0.004,-0.04343,0.0,0.0,0.174,0.0,0.0,128.0,557.0
1023194.0,0.0,-3.1339,-0.001,-0.04343,0.0,0.0,0.174,0.0,0.0,128.0,557.0
1023234.0,0.0,-3.1339,-0.001,-0.04343,0.0,0.0,0.174,0.0,0.0,128.0,557.0
1023274.0,0.0,-3.1339,-0.0,-0.04343,0.0,0.0,0.174,0.0,0.0,128.0,570.0
1023314.0,0.0,-3.1339,-0.001,-0.04343,0.0,0.0,0.174,0.0,0.0,128.0,549.0
1023354.0,0.0,-3.1339,-0.001,-0.04343,0.0,0.0,0.174,0.0,0.0,128.0,549.0
1023395.0,0.0,-3.1339,-0.001,-0.04343,0.0,0.0,0.174,0.0,0.0,128.0,550.0
1023435.0,0.0,-3.1339,-0.001,-0.04343,0.0,0.0,0.174,0.0,0.0,128.0,550.0
1023475.0,0.0,-3.1324,0.006,-0.04343,0.0,0.0,0.174,0.0,0.0,128.0,550.0
1023516.0,0.0,-3.1339,-0.001,-0.04343,0.0,0.0,0.174,0.0,0.0,128.0,550.0
1023556.0,0.0,-3.1339,-0.001,-0.04343,0.0,0.0,0.174,0.0,0.0,128.0,550.0
1023596.0,0.0,-3.1339,-0.001,-0.04343,0.0,0.0,0.174,0.0,0.0,128.0,549.0
1023636.0,0.0,-3.1339,-0.001,-0.04343,0.0,0.0,0.174,0.0,0.0,128.0,550.0
1023677.0,0.0,-3.1339,-0.0,-0.04343,0.0,0.0,0.174,0.0,0.0,128.0,550.0
1023717.0,0.0,-3.1339,0.001,-0.04343,0.0,0.0,0.174,0.0,0.0,128.0,550.0
1023757.0,0.0,-3.1339,-0.0,-0.04343,0.0,0.0,0.174,0.0,0.0,128.0,564.0
1023797.0,0.0,-3.1339,0.0,-0.04343,0.0,0.0,0.174,0.0,0.0,128.0,549.0
1023838.0,0.0,-3.1339,-0.001,-0.04343,0.0,0.0,0.174,0.0,0.0,128.0,550.0
1023878.0,0.0,-3.1339,0.002,-0.04343,0.0,0.0,0.174,0.0,0.0,128.0,543.0
1023918.0,0.0,-3.1339,0.001,-0.04343,0.0,0.0,0.174,0.0,0.0,128.0,550.0
1023958.0,0.0,-3.1339,-0.001,-0.04343,0.0,0.0,0.174,0.0,0.0,128.0,549.0
1023998.0,0.0,-3.1339,0.001,-0.04343,0.0,0.0,0.174,0.0,0.0,128.0,549.0
1024039.0,0.0,-3.1339,-0.002,-0.04343,0.0,0.0,0.174,0.0,0.0,128.0,550.0
1024079.0,0.0,-3.1339,-0.0,-0.04343,0.0,0.0,0.174,0.0,0.0,128.0,550.0
1024119.0,0.0,-3.1339,-0.001,-0.04343,0.0,0.0,0.174,0.0,0.0,128.0,549.0
1024159.0,0.0,-3.1339,-0.001,-0.04343,0.0,0.0,0.174,0.0,0.0,128.0,550.0
1024200.0,0.0,-3.1339,-0.003,-0.04343,0.0,0.0,0.174,0.0,0.0,128.0,550.0
1024240.0,0.0,-3.1339,-0.0,-0.04343,0.0,0.0,0.174,0.0,0.0,128.0,550.0
1024280.0,0.0,-3.1339,-0.002,-0.04343,0.0,0.0,0.174,0.0,0.0,128.0,549.0
1024320.0,0.0,-3.1339,-0.003,-0.04343,0.0,0.0,0.174,0.0,0.0,128.0,550.0
1024361.0,0.0,-3.1339,0.002,-0.04343,0.0,0.0,0.174,0.0,0.0,128.0,544.0
1024401.0,0.0,-3.1339,-0.002,-0.04343,0.0,0.0,0.174,0.0,0.0,128.0,550.0
1024441.0,0.0,-3.1339,-0.001,-0.04343,0.0,0.0,0.174,0.0,0.0,128.0,550.0
1024481.0,0.0,-3.1339,-0.0,-0.04343,0.0,0.0,0.174,0.0,0.0,128.0,550.0
1024522.0,0.0,-3.1339,0.0,-0.04343,0.0,0.0,0.174,0.0,0.0,128.0,550.0
1024562.0,0.0,-3.1339,-0.001,-0.04343,0.0,0.0,0.174,0.0,0.0,128.0,550.0
1024602.0,0.0,-3.1339,-0.0,-0.04343,0.0,0.0,0.174,0.0,0.0,128.0,551.0
1024642.0,0.0,-3.1339,-0.0,-0.04343,0.0,0.0,0.174,0.0,0.0,128.0,557.0
1024683.0,0.0,-3.1339,0.002,-0.04343,0.0,0.0,0.174,0.0,0.0,128.0,557.0
1024723.0,0.0,-3.1339,0.005,-0.04343,0.0,0.0,0.174,0.0,0.0,128.0,557.0
1024763.0,0.0,-3.1339,-0.002,-0.04343,0.0,0.0,0.174,0.0,0.0,128.0,550.0
1024803.0,0.0,-3.1339,-0.002,-0.04343,0.0,0.0,0.174,0.0,0.0,128.0,543.0
1024843.0,0.0,-3.1339,-0.001,-0.04343,0.0,0.0,0.174,0.0,0.0,128.0,550.0
1024884.0,0.0,-3.1339,-0.0,-0.04343,0.0,0.0,0.174,0.0,0.0,128.0,550.0
1024924.0,0.0,-3.1324,0.008,-0.04343,0.0,0.0,0.174,0.0,0.0,128.0,556.0
1024964.0,0.0,-3.1339,0.003,-0.04343,0.0,0.0,0.174,0.0,0.0,128.0,550.0
1025004.0,0.0,-3.1339,-0.001,-0.04343,0.0,0.0,0.174,0.0,0.0,128.0,549.0
1025044.0,0.0,-3.1339,0.002,-0.04343,0.0,0.0,0.174,0.0,0.0,128.0,544.0
1025085.0,0.0,-3.1339,-0.0,-0.04343,0.0,0.0,0.174,0.0,0.0,128.0,549.0
1025125.0,0.0,-3.1339,-0.001,-0.04343,0.0,0.0,0.174,0.0,0.0,128.0,549.0
1025165.0,0.0,-3.1355,-0.003,-0.04343,0.0,0.0,0.174,0.0,0.0,128.0,556.0
1025205.0,0.0,-3.1339,0.0,-0.04343,0.0,0.0,0.174,0.0,0.0,128.0,550.0
1025245.0,0.0,-3.1339,0.003,-0.04343,0.0,0.0,0.174,0.0,0.0,128.0,549.0
1025285.0,0.0,-3.1339,-0.003,-0.04343,0.0,0.0,0.174,0.0,0.0,128.0,550.0
1025326.0,0.0,-3.1339,-0.001,-0.04343,0.0,0.0,0.174,0.0,0.0,128.0,549.0
1025366.0,0.0,-3.1339,-0.001,-0.04343,0.0,0.0,0.174,0.0,0.0,128.0,550.0
1025406.0,0.0,-3.1339,0.002,-0.04343,0.0,0.0,0.174,0.0,0.0,128.0,542.0
1025446.0,0.0,-3.1339,-0.001,-0.04343,0.0,0.0,0.174,0.0,0.0,128.0,549.0
1025487.0,0.0,-3.1339,-0.0,-0.04343,0.0,0.0,0.174,0.0,0.0,128.0,549.0
1025527.0,0.0,-3.1339,-0.001,-0.04343,0.0,0.0,0.174,0.0,0.0,128.0,550.0
1025567.0,0.0,-3.1339,-0.001,-0.04343,0.0,0.0,0.174,0.0,0.0,128.0,549.0
1025608.0,0.0,-3.1339,-0.001,-0.04343,0.0,0.0,0.174,0.0,0.0,128.0,549.0
1025648.0,0.0,-3.1339,-0.001,-0.04343,0.0,0.0,0.174,0.0,0.0,128.0,549.0
1025688.0,0.0,-3.1339,-0.0,-0.04343,0.0,0.0,0.174,0.0,0.0,128.0,550.0
1025728.0,0.0,-3.1339,0.003,-0.04343,0.0,0.0,0.174,0.0,0.0,128.0,549.0
1025768.0,0.0,-3.1339,-0.002,-0.04343,0.0,0.0,0.174,0.0,0.0,128.0,550.0
1025809.0,0.0,-3.1339,0.0,-0.04343,0.0,0.0,0.174,0.0,0.0,128.0,550.0
1025849.0,0.0,-3.1339,-0.002,-0.04343,0.0,0.0,0.174,0.0,0.0,128.0,549.0
1025889.0,0.0,-3.1324,0.008,-0.04343,0.0,0.0,0.174,0.0,0.0,128.0,557.0
1025929.0,0.0,-3.1339,-0.002,-0.04343,0.0,0.0,0.174,0.0,0.0,128.0,550.0
1025969.0,0.0,-3.1339,0.002,-0.04343,0.0,0.0,0.174,0.0,0.0,128.0,557.0
1026010.0,0.0,-3.1339,-0.001,-0.04343,0.0,0.0,0.174,0.0,0.0,128.0,548.0
1026050.0,0.0,-3.1339,-0.001,-0.04343,0.0,0.0,0.174,0.0,0.0,128.0,550.0
1026090.0,0.0,-3.1339,-0.001,-0.04343,0.0,0.0,0.174,0.0,0.0,128.0,549.0
1026130.0,0.0,-3.1339,-0.0,-0.04343,0.0,0.0,0.174,0.0,0.0,128.0,550.0
1026171.0,0.0,-3.1339,0.0,-0.04343,0.0,0.0,0.174,0.0,0.0,128.0,550.0
1026211.0,0.0,-3.1339,-0.002,-0.04343,0.0,0.0,0.174,0.0,0.0,128.0,550.0
1026251.0,0.0,-3.1339,-0.0,-0.04343,0.0,0.0,0.174,0.0,0.0,128.0,550.0
1026291.0,0.0,-3.1339,-0.001,-0.04343,0.0,0.0,0.174,0.0,0.0,128.0,555.0
1026331.0,0.0,-3.1339,0.007,-0.04343,0.0,0.0,0.174,0.0,0.0,128.0,556.0
1026372.0,0.0,-3.1339,-0.003,-0.04343,0.0,0.0,0.174,0.0,0.0,128.0,550.0
1026412.0,0.0,-3.1339,0.005,-0.04343,0.0,0.0,0.174,0.0,0.0,128.0,557.0
1026452.0,0.0,-3.1339,-0.002,-0.04343,0.0,0.0,0.174,0.0,0.0,128.0,544.0
1026492.0,0.0,-3.1339,-0.001,-0.04343,0.0,0.0,0.174,0.0,0.0,128.0,564.0
1026532.0,0.0,-3.1339,0.002,-0.04343,0.0,0.0,0.174,0.0,0.0,128.0,550.0
1026573.0,0.0,-3.1339,0.004,-0.04343,0.0,0.0,0.174,0.0,0.0,128.0,542.0
1026613.0,0.0,-3.1339,-0.002,-0.04343,0.0,0.0,0.174,0.0,0.0,128.0,550.0
1026653.0,0.0,-3.1339,-0.002,-0.04343,0.0,0.0,0.174,0.0,0.0,128.0,542.0
1026693.0,0.0,-3.1339,-0.003,-0.04343,0.0,0.0,0.174,0.0,0.0,128.0,549.0
1026734.0,0.0,-3.1339,0.0,-0.04343,0.0,0.0,0.174,0.0,0.0,128.0,550.0
1026774.0,0.0,-3.1339,0.009,-0.04343,0.0,0.0,0.174,0.0,0.0,128.0,557.0
1026814.0,0.0,-3.1339,-0.003,-0.04343,0.0,0.0,0.174,0.0,0.0,128.0,550.0
1026855.0,0.0,-3.1339,0.002,-0.04343,0.0,0.0,0.174,0.0,0.0,128.0,550.0
1026895.0,0.0,-3.1339,-0.002,-0.04343,0.0,0.0,0.174,0.0,0.0,128.0,544.0
1026935.0,0.0,-3.1339,0.0,-0.04343,0.0,0.0,0.174,0.0,0.0,128.0,552.0
1026976.0,0.0,-3.1339,-0.002,-0.04343,0.0,0.0,0.174,0.0,0.0,128.0,550.0
1027016.0,0.0,-3.1339,-0.0,-0.04343,0.0,0.0,0.174,0.0,0.0,128.0,551.0
1027056.0,0.0,-3.1339,-0.001,-0.04343,0.0,0.0,0.174,0.0,0.0,128.0,557.0
1027096.0,0.0,-3.1339,-0.001,-0.04343,0.0,0.0,0.174,0.0,0.0,128.0,543.0
1027136.0,0.0,-3.1339,0.0,-0.04343,0.0,0.0,0.174,0.0,0.0,128.0,549.0
1027176.0,0.0,-3.1339,0.0,-0.04343,0.0,0.0,0.174,0.0,0.0,128.0,551.0
1027217.0,0.0,-3.1339,-0.002,-0.04343,0.0,0.0,0.174,0.0,0.0,128.0,549.0
1027257.0,0.0,-3.1339,-0.002,-0.04343,0.0,0.0,0.174,0.0,0.0,128.0,550.0
1027297.0,0.0,-3.1339,-0.001,-0.04343,0.0,0.0,0.174,0.0,0.0,128.0,542.0
1027338.0,0.0,-3.1339,-0.001,-0.04343,0.0,0.0,0.174,0.0,0.0,128.0,549.0
1027378.0,0.0,-3.1324,0.006,-0.04343,0.0,0.0,0.174,0.0,0.0,128.0,557.0
1027418.0,0.0,-3.1339,-0.001,-0.04343,0.0,0.0,0.174,0.0,0.0,128.0,550.0
1027458.0,0.0,-3.1339,-0.002,-0.04343,0.0,0.0,0.174,0.0,0.0,128.0,543.0
1027498.0,0.0,-3.1339,-0.003,-0.04343,0.0,0.0,0.174,0.0,0.0,128.0,549.0
1027539.0,0.0,-3.1339,0.001,-0.04343,0.0,0.0,0.174,0.0,0.0,128.0,550.0
1027579.0,0.0,-3.1339,-0.001,-0.04343,0.0,0.0,0.174,0.0,0.0,128.0,550.0
1027619.0,0.0,-3.1339,-0.003,-0.04343,0.0,0.0,0.174,0.0,0.0,128.0,549.0
1027659.0,0.0,-3.1339,0.002,-0.04343,0.0,0.0,0.174,0.0,0.0,128.0,550.0
1027699.0,0.0,-3.1339,-0.002,-0.04343,0.0,0.0,0.174,0.0,0.0,128.0,557.0
1027740.0,0.0,-3.1339,-0.0,-0.04343,0.0,0.0,0.174,0.0,0.0,128.0,550.0
1027780.0,0.0,-3.1339,0.002,-0.04343,0.0,0.0,0.174,0.0,0.0,128.0,550.0
1027820.0,0.0,-3.1324,0.009,-0.04343,0.0,0.0,0.174,0.0,0.0,128.0,557.0
1027860.0,0.0,-3.1339,-0.004,-0.04343,0.0,0.0,0.174,0.0,0.0,128.0,550.0
1027901.0,0.0,-3.1339,-0.001,-0.04343,0.0,0.0,0.174,0.0,0.0,128.0,549.0
1027941.0,0.0,-3.1339,-0.003,-0.04343,0.0,0.0,0.174,0.0,0.0,128.0,544.0
1027981.0,0.0,-3.1339,0.006,-0.04343,0.0,0.0,0.174,0.0,0.0,128.0,557.0
1028021.0,0.0,-3.1339,-0.002,-0.04343,0.0,0.0,0.174,0.0,0.0,128.0,550.0
1028061.0,0.0,-3.1339,-0.002,-0.04343,0.0,0.0,0.174,0.0,0.0,128.0,549.0
1028101.0,0.0,-3.1339,0.001,-0.04343,0.0,0.0,0.174,0.0,0.0,128.0,543.0
1028142.0,0.0,-3.1339,0.001,-0.04343,0.0,0.0,0.174,0.0,0.0,128.0,544.0
1028182.0,0.0,-3.1339,-0.001,-0.04343,0.0,0.0,0.174,0.0,0.0,128.0,550.0
1028222.0,0.0,-3.1339,-0.0,-0.04343,0.0,0.0,0.174,0.0,0.0,128.0,550.0
1028262.0,0.0,-3.1339,-0.0,-0.04343,0.0,0.0,0.174,0.0,0.0,128.0,543.0
1028303.0,0.0,-3.1339,-0.004,-0.04343,0.0,0.0,0.174,0.0,0.0,128.0,549.0
1028343.0,0.0,-3.1339,0.001,-0.04343,0.0,0.0,0.174,0.0,0.0,128.0,550.0
1028383.0,0.0,-3.1339,0.002,-0.04343,0.0,0.0,0.174,0.0,0.0,128.0,550.0
1028423.0,0.0,-3.1339,-0.002,-0.04343,0.0,0.0,0.174,0.0,0.0,128.0,542.0
1028463.0,0.0,-3.1339,-0.001,-0.04343,0.0,0.0,0.174,0.0,0.0,128.0,550.0
1028504.0,0.0,-3.1339,-0.0,-0.04343,0.0,0.0,0.174,0.0,0.0,128.0,550.0
1028544.0,0.0,-3.1339,0.0,-0.04343,0.0,0.0,0.174,0.0,0.0,128.0,557.0
1028584.0,0.0,-3.1339,-0.001,-0.04343,0.0,0.0,0.174,0.0,0.0,128.0,564.0
1028624.0,0.0,-3.1339,-0.001,-0.04343,0.0,0.0,0.174,0.0,0.0,128.0,550.0
1028665.0,0.0,-3.1339,-0.001,-0.04343,0.0,0.0,0.174,0.0,0.0,128.0,550.0
1028705.0,0.0,-3.1339,0.003,-0.04343,0.0,0.0,0.174,0.0,0.0,128.0,550.0
1028745.0,0.0,-3.1339,0.003,-0.04343,0.0,0.0,0.174,0.0,0.0,128.0,549.0
1028785.0,0.0,-3.1339,-0.001,-0.04343,0.0,0.0,0.174,0.0,0.0,128.0,549.0
1028826.0,0.0,-3.1339,-0.001,-0.04343,0.0,0.0,0.174,0.0,0.0,128.0,549.0
1028866.0,0.0,-3.1339,-0.001,-0.04343,0.0,0.0,0.174,0.0,0.0,128.0,550.0
1028906.0,0.0,-3.1339,-0.0,-0.04343,0.0,0.0,0.174,0.0,0.0,128.0,550.0
1028947.0,0.0,-3.1339,-0.0,-0.04343,0.0,0.0,0.174,0.0,0.0,128.0,550.0
1028987.0,0.0,-3.1339,-0.0,-0.04343,0.0,0.0,0.174,0.0,0.0,128.0,550.0
1029027.0,0.0,-3.1339,-0.0,-0.04343,0.0,0.0,0.174,0.0,0.0,128.0,550.0
1029068.0,0.0,-3.1339,0.001,-0.04343,0.0,0.0,0.174,0.0,0.0,128.0,550.0
1029108.0,0.0,-3.1339,0.0,-0.04343,0.0,0.0,0.174,0.0,0.0,128.0,551.0
1029148.0,0.0,-3.1339,-0.0,-0.04343,0.0,0.0,0.174,0.0,0.0,128.0,550.0
1029188.0,0.0,-3.1339,-0.001,-0.04343,0.0,0.0,0.174,0.0,0.0,128.0,557.0
1029229.0,0.0,-3.1339,0.002,-0.04343,0.0,0.0,0.174,0.0,0.0,128.0,544.0
1029269.0,0.0,-3.1339,-0.003,-0.04343,0.0,0.0,0.174,0.0,0.0,128.0,550.0
1029309.0,0.0,-3.1339,-0.001,-0.04343,0.0,0.0,0.174,0.0,0.0,128.0,550.0
1029349.0,0.0,-3.1339,-0.0,-0.04343,0.0,0.0,0.174,0.0,0.0,128.0,549.0
1029389.0,0.0,-3.1339,-0.001,-0.04343,0.0,0.0,0.174,0.0,0.0,128.0,542.0
1029429.0,0.0,-3.1339,0.002,-0.04343,0.0,0.0,0.174,0.0,0.0,128.0,550.0
1029469.0,0.0,-3.1339,-0.002,-0.04343,0.0,0.0,0.174,0.0,0.0,128.0,557.0
1029510.0,0.0,-3.1339,0.0,-0.04343,0.0,0.0,0.174,0.0,0.0,128.0,550.0
1029550.0,0.0,-3.1339,-0.0,-0.04343,0.0,0.0,0.174,0.0,0.0,128.0,551.0
1029590.0,0.0,-3.1339,-0.0,-0.04343,0.0,0.0,0.174,0.0,0.0,128.0,550.0
1029630.0,0.0,-3.1339,-0.002,-0.04343,0.0,0.0,0.174,0.0,0.0,128.0,544.0
1029671.0,0.0,-3.1339,-0.0,-0.04343,0.0,0.0,0.174,0.0,0.0,128.0,544.0
1029711.0,0.0,-3.1339,0.0,-0.04343,0.0,0.0,0.174,0.0,0.0,128.0,550.0
1029751.0,0.0,-3.1339,0.008,-0.04343,0.0,0.0,0.174,0.0,0.0,128.0,549.0
1029792.0,0.0,-3.1339,-0.007,-0.04343,0.0,0.0,0.174,0.0,0.0,128.0,544.0
1029832.0,0.0,-3.1339,-0.0,-0.04343,0.0,0.0,0.174,0.0,0.0,128.0,550.0
1029872.0,0.0,-3.1339,-0.001,-0.04343,0.0,0.0,0.174,0.0,0.0,128.0,542.0
1029912.0,0.0,-3.1339,-0.001,-0.04343,0.0,0.0,0.174,0.0,0.0,128.0,549.0
1029952.0,0.0,-3.1339,0.0,-0.04343,0.0,0.0,0.174,0.0,0.0,128.0,551.0
1029993.0,0.0,-3.1339,-0.0,-0.04343,0.0,0.0,0.174,0.0,0.0,128.0,544.0
1030033.0,0.0,-3.1339,-0.0,-0.04343,0.0,0.0,0.174,0.0,0.0,128.0,550.0
1030073.0,0.0,-3.1339,-0.001,-0.04343,0.0,0.0,0.174,0.0,0.0,128.0,550.0
1030113.0,0.0,-3.1339,0.007,-0.04343,0.0,0.0,0.174,0.0,0.0,128.0,557.0
1030154.0,0.0,-3.1324,0.005,-0.04343,0.0,0.0,0.174,0.0,0.0,128.0,557.0
1030194.0,0.0,-3.1339,-0.002,-0.04343,0.0,0.0,0.174,0.0,0.0,128.0,550.0
1030234.0,0.0,-3.1339,0.001,-0.04343,0.0,0.0,0.174,0.0,0.0,128.0,542.0
1030274.0,0.0,-3.1339,0.001,-0.04343,0.0,0.0,0.174,0.0,0.0,128.0,550.0
1030315.0,0.0,-3.1339,0.001,-0.04343,0.0,0.0,0.174,0.0,0.0,128.0,550.0
1030355.0,0.0,-3.1339,-0.001,-0.04343,0.0,0.0,0.174,0.0,0.0,128.0,550.0
1030395.0,0.0,-3.1339,0.001,-0.04343,0.0,0.0,0.174,0.0,0.0,128.0,542.0
1030435.0,0.0,-3.1339,-0.001,-0.04343,0.0,0.0,0.174,0.0,0.0,128.0,550.0
1030475.0,0.0,-3.1324,0.006,-0.04343,0.0,0.0,0.174,0.0,0.0,128.0,557.0
1030516.0,0.0,-3.1339,-0.002,-0.04343,0.0,0.0,0.174,0.0,0.0,128.0,550.0
1030556.0,0.0,-3.1339,-0.001,-0.04343,0.0,0.0,0.174,0.0,0.0,128.0,550.0
1030596.0,0.0,-3.1339,0.004,-0.04343,0.0,0.0,0.174,0.0,0.0,128.0,544.0
1030637.0,0.0,-3.1339,-0.001,-0.04343,0.0,0.0,0.174,0.0,0.0,128.0,550.0
1030677.0,0.0,-3.1339,0.001,-0.04343,0.0,0.0,0.174,0.0,0.0,128.0,550.0
1030717.0,0.0,-3.1339,-0.002,-0.04343,0.0,0.0,0.174,0.0,0.0,128.0,549.0
1030757.0,0.0,-3.1339,-0.001,-0.04343,0.0,0.0,0.174,0.0,0.0,128.0,549.0
1030797.0,0.0,-3.1339,-0.001,-0.04343,0.0,0.0,0.174,0.0,0.0,128.0,551.0
1030838.0,0.0,-3.1339,-0.003,-0.04343,0.0,0.0,0.174,0.0,0.0,128.0,550.0
1030878.0,0.0,-3.1339,-0.001,-0.04343,0.0,0.0,0.174,0.0,0.0,128.0,550.0
1030918.0,0.0,-3.1339,0.002,-0.04343,0.0,0.0,0.174,0.0,0.0,128.0,550.0
1030959.0,0.0,-3.1339,-0.001,-0.04343,0.0,0.0,0.174,0.0,0.0,128.0,550.0
1030999.0,0.0,-3.1339,-0.001,-0.04343,0.0,0.0,0.174,0.0,0.0,128.0,550.0
1031039.0,0.0,-3.1339,-0.001,-0.04343,0.0,0.0,0.174,0.0,0.0,128.0,557.0
1031080.0,0.0,-3.1339,0.0,-0.04343,0.0,0.0,0.174,0.0,0.0,128.0,542.0
1031120.0,0.0,-3.1339,-0.001,-0.04343,0.0,0.0,0.174,0.0,0.0,128.0,549.0
1031160.0,0.0,-3.1339,-0.0,-0.04343,0.0,0.0,0.174,0.0,0.0,128.0,550.0
1031200.0,0.0,-3.1339,0.0,-0.04343,0.0,0.0,0.174,0.0,0.0,128.0,570.0
1031240.0,0.0,-3.1339,0.0,-0.04343,0.0,0.0,0.174,0.0,0.0,128.0,557.0
1031281.0,0.0,-3.1339,-0.002,-0.04343,0.0,0.0,0.174,0.0,0.0,128.0,550.0
1031321.0,0.0,-3.1324,0.005,-0.04343,0.0,0.0,0.174,0.0,0.0,128.0,557.0
1031361.0,0.0,-3.1339,-0.002,-0.04343,0.0,0.0,0.174,0.0,0.0,128.0,550.0
1031401.0,0.0,-3.1339,-0.001,-0.04343,0.0,0.0,0.174,0.0,0.0,128.0,544.0
1031441.0,0.0,-3.1339,-0.002,-0.04343,0.0,0.0,0.174,0.0,0.0,128.0,550.0
1031482.0,0.0,-3.1339,-0.001,-0.04343,0.0,0.0,0.174,0.0,0.0,128.0,544.0
1031522.0,0.0,-3.1339,0.002,-0.04343,0.0,0.0,0.174,0.0,0.0,128.0,550.0
1031562.0,0.0,-3.1339,-0.001,-0.04343,0.0,0.0,0.174,0.0,0.0,128.0,549.0
1031602.0,0.0,-3.1339,-0.002,-0.04343,0.0,0.0,0.174,0.0,0.0,128.0,544.0
1031643.0,0.0,-3.1339,-0.0,-0.04343,0.0,0.0,0.174,0.0,0.0,128.0,550.0
1031683.0,0.0,-3.1339,0.0,-0.04343,0.0,0.0,0.174,0.0,0.0,128.0,550.0
1031723.0,0.0,-3.1339,0.0,-0.04343,0.0,0.0,0.174,0.0,0.0,128.0,557.0
1031763.0,0.0,-3.1339,-0.002,-0.04343,0.0,0.0,0.174,0.0,0.0,128.0,564.0
1031803.0,0.0,-3.1339,-0.001,-0.04343,0.0,0.0,0.174,0.0,0.0,128.0,549.0
1031844.0,0.0,-3.1339,-0.0,-0.04343,0.0,0.0,0.174,0.0,0.0,128.0,550.0
1031884.0,0.0,-3.1339,-0.0,-0.04343,0.0,0.0,0.174,0.0,0.0,128.0,549.0
1031924.0,0.0,-3.1339,0.001,-0.04343,0.0,0.0,0.174,0.0,0.0,128.0,551.0
1031964.0,0.0,-3.1339,-0.001,-0.04343,0.0,0.0,0.174,0.0,0.0,128.0,557.0
1032005.0,0.0,-3.1339,0.001,-0.04343,0.0,0.0,0.174,0.0,0.0,128.0,557.0
1032045.0,0.0,-3.1339,0.0,-0.04343,0.0,0.0,0.174,0.0,0.0,128.0,543.0
1032085.0,0.0,-3.1339,-0.0,-0.04343,0.0,0.0,0.174,0.0,0.0,128.0,549.0
1032125.0,0.0,-3.1339,-0.0,-0.04343,0.0,0.0,0.174,0.0,0.0,128.0,549.0
1032166.0,0.0,-3.1339,-0.0,-0.04343,0.0,0.0,0.174,0.0,0.0,128.0,550.0
1032206.0,0.0,-3.1339,0.0,-0.04343,0.0,0.0,0.174,0.0,0.0,128.0,549.0
1032246.0,0.0,-3.1339,-0.002,-0.04343,0.0,0.0,0.174,0.0,0.0,128.0,550.0
1032286.0,0.0,-3.1339,-0.001,-0.04343,0.0,0.0,0.174,0.0,0.0,128.0,550.0
1032326.0,0.0,-3.1339,-0.002,-0.04343,0.0,0.0,0.174,0.0,0.0,128.0,551.0
1032367.0,0.0,-3.1339,0.001,-0.04343,0.0,0.0,0.174,0.0,0.0,128.0,550.0
1032407.0,0.0,-3.1339,-0.001,-0.04343,0.0,0.0,0.174,0.0,0.0,128.0,543.0
1032447.0,0.0,-3.1324,0.005,-0.04343,0.0,0.0,0.174,0.0,0.0,128.0,576.0
1032487.0,0.0,-3.1339,-0.001,-0.04343,0.0,0.0,0.174,0.0,0.0,128.0,549.0
1032527.0,0.0,-3.1339,-0.001,-0.04343,0.0,0.0,0.174,0.0,0.0,128.0,544.0
1032568.0,0.0,-3.1339,0.001,-0.04343,0.0,0.0,0.174,0.0,0.0,128.0,550.0
1032608.0,0.0,-3.1339,0.002,-0.04343,0.0,0.0,0.174,0.0,0.0,128.0,544.0
1032648.0,0.0,-3.1339,-0.001,-0.04343,0.0,0.0,0.174,0.0,0.0,128.0,556.0
1032688.0,0.0,-3.1339,0.001,-0.04343,0.0,0.0,0.174,0.0,0.0,128.0,550.0
1032728.0,0.0,-3.1339,0.001,-0.04343,0.0,0.0,0.174,0.0,0.0,128.0,549.0
1032769.0,0.0,-3.1339,-0.001,-0.04343,0.0,0.0,0.174,0.0,0.0,128.0,549.0
1032809.0,0.0,-3.1339,0.002,-0.04343,0.0,0.0,0.174,0.0,0.0,128.0,543.0
1032849.0,0.0,-3.1339,0.002,-0.04343,0.0,0.0,0.174,0.0,0.0,128.0,550.0
1032889.0,0.0,-3.1339,-0.0,-0.04343,0.0,0.0,0.174,0.0,0.0,128.0,557.0
1032930.0,0.0,-3.1339,0.006,-0.04343,0.0,0.0,0.174,0.0,0.0,128.0,550.0
1032970.0,0.0,-3.1339,-0.001,-0.04343,0.0,0.0,0.174,0.0,0.0,128.0,550.0
1033010.0,0.0,-3.1339,-0.001,-0.04343,0.0,0.0,0.174,0.0,0.0,128.0,544.0
1033050.0,0.0,-3.1339,-0.001,-0.04343,0.0,0.0,0.174,0.0,0.0,128.0,551.0
1033091.0,0.0,-3.1339,0.005,-0.04343,0.0,0.0,0.174,0.0,0.0,128.0,542.0
1033131.0,0.0,-3.1339,-0.002,-0.04343,0.0,0.0,0.174,0.0,0.0,128.0,544.0
1033171.0,0.0,-3.1339,0.004,-0.04343,0.0,0.0,0.174,0.0,0.0,128.0,550.0
1033211.0,0.0,-3.1339,-0.001,-0.04343,0.0,0.0,0.174,0.0,0.0,128.0,550.0
1033251.0,0.0,-3.1339,-0.001,-0.04343,0.0,0.0,0.174,0.0,0.0,128.0,543.0
1033292.0,0.0,-3.1339,-0.0,-0.04343,0.0,0.0,0.174,0.0,0.0,128.0,550.0
1033332.0,0.0,-3.1339,0.002,-0.04343,0.0,0.0,0.174,0.0,0.0,128.0,544.0
1033372.0,0.0,-3.1339,-0.003,-0.04343,0.0,0.0,0.174,0.0,0.0,128.0,550.0
1033412.0,0.0,-3.1339,-0.0,-0.04343,0.0,0.0,0.174,0.0,0.0,128.0,543.0
1033452.0,0.0,-3.1339,0.0,-0.04343,0.0,0.0,0.174,0.0,0.0,128.0,549.0
1033493.0,0.0,-3.1339,0.0,-0.04343,0.0,0.0,0.174,0.0,0.0,128.0,550.0
1033533.0,0.0,-3.1339,0.0,-0.04343,0.0,0.0,0.174,0.0,0.0,128.0,550.0
1033573.0,0.0,-3.1339,0.0,-0.04343,0.0,0.0,0.174,0.0,0.0,128.0,549.0
1033613.0,0.0,-3.1339,-0.001,-0.04343,0.0,0.0,0.174,0.0,0.0,128.0,550.0
1033654.0,0.0,-3.1339,-0.001,-0.04343,0.0,0.0,0.174,0.0,0.0,128.0,544.0
1033694.0,0.0,-3.1339,0.0,-0.04343,0.0,0.0,0.174,0.0,0.0,128.0,550.0
1033734.0,0.0,-3.1339,-0.002,-0.04343,0.0,0.0,0.174,0.0,0.0,128.0,549.0
1033774.0,0.0,-3.1339,0.003,-0.04343,0.0,0.0,0.174,0.0,0.0,128.0,550.0
1033814.0,0.0,-3.1355,-0.009,-0.04343,0.0,0.0,0.174,0.0,0.0,128.0,557.0
1033855.0,0.0,-3.1339,0.005,-0.04343,0.0,0.0,0.174,0.0,0.0,128.0,550.0
1033895.0,0.0,-3.1339,-0.003,-0.04343,0.0,0.0,0.174,0.0,0.0,128.0,564.0
1033935.0,0.0,-3.1339,-0.001,-0.04343,0.0,0.0,0.174,0.0,0.0,128.0,549.0
1033976.0,0.0,-3.1339,0.002,-0.04343,0.0,0.0,0.174,0.0,0.0,128.0,550.0
1034016.0,0.0,-3.1339,-0.001,-0.04343,0.0,0.0,0.174,0.0,0.0,128.0,556.0
1034056.0,0.0,-3.1339,-0.001,-0.04343,0.0,0.0,0.174,0.0,0.0,128.0,550.0
1034097.0,0.0,-3.1339,-0.001,-0.04343,0.0,0.0,0.174,0.0,0.0,128.0,550.0
1034137.0,0.0,-3.1339,-0.001,-0.04343,0.0,0.0,0.174,0.0,0.0,128.0,544.0
1034177.0,0.0,-3.1339,-0.0,-0.04343,0.0,0.0,0.174,0.0,0.0,128.0,550.0
1034217.0,0.0,-3.1339,0.0,-0.04343,0.0,0.0,0.174,0.0,0.0,128.0,551.0
1034257.0,0.0,-3.1339,0.002,-0.04343,0.0,0.0,0.174,0.0,0.0,128.0,557.0
1034298.0,0.0,-3.1339,-0.002,-0.04343,0.0,0.0,0.174,0.0,0.0,128.0,551.0
1034338.0,0.0,-3.1339,-0.0,-0.04343,0.0,0.0,0.174,0.0,0.0,128.0,557.0
1034378.0,0.0,-3.1339,-0.001,-0.04343,0.0,0.0,0.174,0.0,0.0,128.0,557.0
1034418.0,0.0,-3.1339,-0.001,-0.04343,0.0,0.0,0.174,0.0,0.0,128.0,569.0
1034458.0,0.0,-3.1339,0.0,-0.04343,0.0,0.0,0.174,0.0,0.0,128.0,551.0
1034499.0,0.0,-3.1339,-0.002,-0.04343,0.0,0.0,0.174,0.0,0.0,128.0,550.0
1034539.0,0.0,-3.1324,0.006,-0.04343,0.0,0.0,0.174,0.0,0.0,128.0,551.0
1034579.0,0.0,-3.1339,-0.001,-0.04343,0.0,0.0,0.174,0.0,0.0,128.0,556.0
1034619.0,0.0,-3.1339,0.002,-0.04343,0.0,0.0,0.174,0.0,0.0,128.0,542.0
1034659.0,0.0,-3.1339,-0.001,-0.04343,0.0,0.0,0.174,0.0,0.0,128.0,550.0
1034700.0,0.0,-3.1339,0.002,-0.04343,0.0,0.0,0.174,0.0,0.0,128.0,550.0
1034740.0,0.0,-3.1339,0.001,-0.04343,0.0,0.0,0.174,0.0,0.0,128.0,564.0
1034780.0,0.0,-3.1339,-0.001,-0.04343,0.0,0.0,0.174,0.0,0.0,128.0,550.0
1034821.0,0.0,-3.1339,-0.0,-0.04343,0.0,0.0,0.174,0.0,0.0,128.0,549.0
1034861.0,0.0,-3.1339,-0.001,-0.04343,0.0,0.0,0.174,0.0,0.0,128.0,550.0
1034901.0,0.0,-3.1339,0.007,-0.04343,0.0,0.0,0.174,0.0,0.0,128.0,557.0
1034941.0,0.0,-3.1339,-0.003,-0.04343,0.0,0.0,0.174,0.0,0.0,128.0,550.0
1034981.0,0.0,-3.1339,-0.001,-0.04343,0.0,0.0,0.174,0.0,0.0,128.0,549.0
1035021.0,0.0,-3.1339,-0.0,-0.04343,0.0,0.0,0.174,0.0,0.0,128.0,549.0
1035062.0,0.0,-3.1339,0.0,-0.04343,0.0,0.0,0.174,0.0,0.0,128.0,550.0
1035102.0,0.0,-3.1339,-0.0,-0.04343,0.0,0.0,0.174,0.0,0.0,128.0,550.0
1035142.0,0.0,-3.1339,-0.002,-0.04343,0.0,0.0,0.174,0.0,0.0,128.0,551.0
1035183.0,0.0,-3.1339,-0.001,-0.04343,0.0,0.0,0.174,0.0,0.0,128.0,550.0
1035223.0,0.0,-3.1339,-0.001,-0.04343,0.0,0.0,0.174,0.0,0.0,128.0,550.0
1035263.0,0.0,-3.1339,0.001,-0.04343,0.0,0.0,0.174,0.0,0.0,128.0,550.0
1035303.0,0.0,-3.1339,-0.0,-0.04343,0.0,0.0,0.174,0.0,0.0,128.0,550.0
1035343.0,0.0,-3.1339,-0.0,-0.04343,0.0,0.0,0.174,0.0,0.0,128.0,550.0
1035383.0,0.0,-3.1339,0.003,-0.04343,0.0,0.0,0.174,0.0,0.0,128.0,551.0
1035424.0,0.0,-3.1339,-0.001,-0.04343,0.0,0.0,0.174,0.0,0.0,128.0,550.0
1035464.0,0.0,-3.1339,0.0,-0.04343,0.0,0.0,0.174,0.0,0.0,128.0,550.0
1035504.0,0.0,-3.1339,0.0,-0.04343,0.0,0.0,0.174,0.0,0.0,128.0,549.0
1035545.0,0.0,-3.1339,-0.001,-0.04343,0.0,0.0,0.174,0.0,0.0,128.0,549.0
1035585.0,0.0,-3.1339,-0.001,-0.04343,0.0,0.0,0.174,0.0,0.0,128.0,550.0
1035625.0,0.0,-3.1339,-0.001,-0.04343,0.0,0.0,0.174,0.0,0.0,128.0,549.0
1035665.0,0.0,-3.1339,-0.0,-0.04343,0.0,0.0,0.174,0.0,0.0,128.0,550.0
1035706.0,0.0,-3.1339,0.003,-0.04343,0.0,0.0,0.174,0.0,0.0,128.0,544.0
1035746.0,0.0,-3.1339,-0.001,-0.04343,0.0,0.0,0.174,0.0,0.0,128.0,550.0
1035786.0,0.0,-3.1324,0.006,-0.04343,0.0,0.0,0.174,0.0,0.0,128.0,556.0
1035827.0,0.0,-3.1339,-0.002,-0.04343,0.0,0.0,0.174,0.0,0.0,128.0,549.0
1035867.0,0.0,-3.1339,-0.002,-0.04343,0.0,0.0,0.174,0.0,0.0,128.0,550.0
1035907.0,0.0,-3.1339,-0.0,-0.04343,0.0,0.0,0.174,0.0,0.0,128.0,570.0
1035947.0,0.0,-3.1339,0.001,-0.04343,0.0,0.0,0.174,0.0,0.0,128.0,549.0
1035987.0,0.0,-3.1339,-0.001,-0.04343,0.0,0.0,0.174,0.0,0.0,128.0,550.0
1036028.0,0.0,-3.1339,-0.001,-0.04343,0.0,0.0,0.174,0.0,0.0,128.0,550.0
1036068.0,0.0,-3.1339,-0.001,-0.04343,0.0,0.0,0.174,0.0,0.0,128.0,550.0
1036108.0,0.0,-3.1339,-0.0,-0.04343,0.0,0.0,0.174,0.0,0.0,128.0,549.0
1036148.0,0.0,-3.1339,-0.0,-0.04343,0.0,0.0,0.174,0.0,0.0,128.0,543.0
1036188.0,0.0,-3.1339,0.001,-0.04343,0.0,0.0,0.174,0.0,0.0,128.0,549.0
1036229.0,0.0,-3.1339,0.0,-0.04343,0.0,0.0,0.174,0.0,0.0,128.0,549.0
1036269.0,0.0,-3.1339,-0.001,-0.04343,0.0,0.0,0.174,0.0,0.0,128.0,550.0
1036309.0,0.0,-3.1339,-0.002,-0.04343,0.0,0.0,0.174,0.0,0.0,128.0,550.0
1036349.0,0.0,-3.1339,-0.001,-0.04343,0.0,0.0,0.174,0.0,0.0,128.0,549.0
1036389.0,0.0,-3.1339,0.003,-0.04343,0.0,0.0,0.174,0.0,0.0,128.0,544.0
1036429.0,0.0,-3.1339,0.006,-0.04343,0.0,0.0,0.174,0.0,0.0,128.0,557.0
1036470.0,0.0,-3.1339,0.001,-0.04343,0.0,0.0,0.174,0.0,0.0,128.0,550.0
1036510.0,0.0,-3.1324,0.004,-0.04343,0.0,0.0,0.174,0.0,0.0,128.0,557.0
1036550.0,0.0,-3.1339,-0.008,-0.04343,0.0,0.0,0.174,0.0,0.0,128.0,550.0
1036590.0,0.0,-3.1339,-0.0,-0.04343,0.0,0.0,0.174,0.0,0.0,128.0,542.0
1036630.0,0.0,-3.1339,-0.001,-0.04343,0.0,0.0,0.174,0.0,0.0,128.0,550.0
1036671.0,0.0,-3.1339,0.003,-0.04343,0.0,0.0,0.174,0.0,0.0,128.0,550.0
1036711.0,0.0,-3.1339,0.002,-0.04343,0.0,0.0,0.174,0.0,0.0,128.0,551.0
1036751.0,0.0,-3.1339,-0.001,-0.04343,0.0,0.0,0.174,0.0,0.0,128.0,557.0
1036792.0,0.0,-3.1339,-0.0,-0.04343,0.0,0.0,0.174,0.0,0.0,128.0,557.0
1036832.0,0.0,-3.1339,-0.002,-0.04343,0.0,0.0,0.174,0.0,0.0,128.0,569.0
1036872.0,0.0,-3.1339,0.001,-0.04343,0.0,0.0,0.174,0.0,0.0,128.0,542.0
1036912.0,0.0,-3.1339,-0.001,-0.04343,0.0,0.0,0.174,0.0,0.0,128.0,550.0
1036953.0,0.0,-3.1339,-0.001,-0.04343,0.0,0.0,0.174,0.0,0.0,128.0,550.0
1036993.0,0.0,-3.1339,0.004,-0.04343,0.0,0.0,0.174,0.0,0.0,128.0,550.0
1037033.0,0.0,-3.1339,-0.001,-0.04343,0.0,0.0,0.174,0.0,0.0,128.0,558.0
1037073.0,0.0,-3.1339,-0.001,-0.04343,0.0,0.0,0.174,0.0,0.0,128.0,551.0
1037114.0,0.0,-3.1339,-0.0,-0.04343,0.0,0.0,0.174,0.0,0.0,128.0,557.0
1037154.0,0.0,-3.1339,-0.002,-0.04343,0.0,0.0,0.174,0.0,0.0,128.0,557.0
1037194.0,0.0,-3.1339,0.0,-0.04343,0.0,0.0,0.174,0.0,0.0,128.0,569.0
1037234.0,0.0,-3.1339,-0.003,-0.04343,0.0,0.0,0.174,0.0,0.0,128.0,549.0
1037274.0,0.0,-3.1339,0.002,-0.04343,0.0,0.0,0.174,0.0,0.0,128.0,551.0
1037315.0,0.0,-3.1339,-0.003,-0.04343,0.0,0.0,0.174,0.0,0.0,128.0,550.0
1037355.0,0.0,-3.1339,-0.001,-0.04343,0.0,0.0,0.174,0.0,0.0,128.0,550.0
1037395.0,0.0,-3.1339,-0.001,-0.04343,0.0,0.0,0.174,0.0,0.0,128.0,549.0
1037435.0,0.0,-3.1339,-0.0,-0.04343,0.0,0.0,0.174,0.0,0.0,128.0,549.0
1037476.0,0.0,-3.1339,-0.001,-0.04343,0.0,0.0,0.174,0.0,0.0,128.0,550.0
1037516.0,0.0,-3.1339,0.004,-0.04343,0.0,0.0,0.174,0.0,0.0,128.0,550.0
1037556.0,0.0,-3.1339,-0.001,-0.04343,0.0,0.0,0.174,0.0,0.0,128.0,549.0
1037596.0,0.0,-3.1324,0.005,-0.04343,0.0,0.0,0.174,0.0,0.0,128.0,557.0
1037636.0,0.0,-3.1339,-0.001,-0.04343,0.0,0.0,0.174,0.0,0.0,128.0,550.0
1037676.0,0.0,-3.1339,0.006,-0.04343,0.0,0.0,0.174,0.0,0.0,128.0,557.0
1037717.0,0.0,-3.1339,-0.001,-0.04343,0.0,0.0,0.174,0.0,0.0,128.0,550.0
1037757.0,0.0,-3.1339,0.001,-0.04343,0.0,0.0,0.174,0.0,0.0,128.0,550.0
1037797.0,0.0,-3.1339,-0.0,-0.04343,0.0,0.0,0.174,0.0,0.0,128.0,542.0
1037837.0,0.0,-3.1339,-0.0,-0.04343,0.0,0.0,0.174,0.0,0.0,128.0,557.0
1037878.0,0.0,-3.1339,-0.0,-0.04343,0.0,0.0,0.174,0.0,0.0,128.0,550.0
1037918.0,0.0,-3.1339,-0.0,-0.04343,0.0,0.0,0.174,0.0,0.0,128.0,550.0
1037958.0,0.0,-3.1339,-0.0,-0.04343,0.0,0.0,0.174,0.0,0.0,128.0,549.0
1037998.0,0.0,-3.1339,0.005,-0.04343,0.0,0.0,0.174,0.0,0.0,128.0,550.0
1038038.0,0.0,-3.1339,-0.001,-0.04343,0.0,0.0,0.174,0.0,0.0,128.0,542.0
1038078.0,0.0,-3.1324,0.005,-0.04343,0.0,0.0,0.174,0.0,0.0,128.0,556.0
1038119.0,0.0,-3.1339,0.005,-0.04343,0.0,0.0,0.174,0.0,0.0,128.0,543.0
1038159.0,0.0,-3.1339,-0.001,-0.04343,0.0,0.0,0.174,0.0,0.0,128.0,550.0
1038199.0,0.0,-3.1339,0.003,-0.04343,0.0,0.0,0.174,0.0,0.0,128.0,550.0
1038240.0,0.0,-3.1339,-0.001,-0.04343,0.0,0.0,0.174,0.0,0.0,128.0,543.0
1038280.0,0.0,-3.1339,-0.0,-0.04343,0.0,0.0,0.174,0.0,0.0,128.0,544.0
1038320.0,0.0,-3.1339,0.0,-0.04343,0.0,0.0,0.174,0.0,0.0,128.0,564.0
1038360.0,0.0,-3.1339,0.005,-0.04343,0.0,0.0,0.174,0.0,0.0,128.0,550.0
1038401.0,0.0,-3.1339,-0.007,-0.04343,0.0,0.0,0.174,0.0,0.0,128.0,544.0
1038441.0,0.0,-3.1339,-0.001,-0.04343,0.0,0.0,0.174,0.0,0.0,128.0,550.0
1038481.0,0.0,-3.1339,-0.0,-0.04343,0.0,0.0,0.174,0.0,0.0,128.0,549.0
1038521.0,0.0,-3.1339,-0.0,-0.04343,0.0,0.0,0.174,0.0,0.0,128.0,549.0
1038561.0,0.0,-3.1339,0.003,-0.04343,0.0,0.0,0.174,0.0,0.0,128.0,550.0
1038602.0,0.0,-3.1339,0.0,-0.04343,0.0,0.0,0.174,0.0,0.0,128.0,550.0
1038642.0,0.0,-3.1339,-0.002,-0.04343,0.0,0.0,0.174,0.0,0.0,128.0,550.0
1038682.0,0.0,-3.1339,-0.001,-0.04343,0.0,0.0,0.174,0.0,0.0,128.0,549.0
1038722.0,0.0,-3.1339,-0.0,-0.04343,0.0,0.0,0.174,0.0,0.0,128.0,549.0
1038762.0,0.0,-3.1324,0.005,-0.04343,0.0,0.0,0.174,0.0,0.0,128.0,556.0
1038803.0,0.0,-3.1339,-0.002,-0.04343,0.0,0.0,0.174,0.0,0.0,128.0,550.0
1038843.0,0.0,-3.1355,-0.008,-0.04343,0.0,0.0,0.174,0.0,0.0,128.0,551.0
1038883.0,0.0,-3.1339,-0.0,-0.04343,0.0,0.0,0.174,0.0,0.0,128.0,543.0
1038923.0,0.0,-3.1339,-0.0,-0.04343,0.0,0.0,0.174,0.0,0.0,128.0,551.0
1038964.0,0.0,-3.1339,0.001,-0.04343,0.0,0.0,0.174,0.0,0.0,128.0,557.0
1039004.0,0.0,-3.1339,-0.002,-0.04343,0.0,0.0,0.174,0.0,0.0,128.0,557.0
1039044.0,0.0,-3.1339,-0.001,-0.04343,0.0,0.0,0.174,0.0,0.0,128.0,550.0
1039085.0,0.0,-3.1339,0.004,-0.04343,0.0,0.0,0.174,0.0,0.0,128.0,549.0
1039125.0,0.0,-3.1339,-0.001,-0.04343,0.0,0.0,0.174,0.0,0.0,128.0,550.0
1039165.0,0.0,-3.1339,-0.0,-0.04343,0.0,0.0,0.174,0.0,0.0,128.0,550.0
1039206.0,0.0,-3.1339,-0.002,-0.04343,0.0,0.0,0.174,0.0,0.0,128.0,544.0
1039246.0,0.0,-3.1339,-0.0,-0.04343,0.0,0.0,0.174,0.0,0.0,128.0,550.0
1039286.0,0.0,-3.1339,-0.004,-0.04343,0.0,0.0,0.174,0.0,0.0,128.0,549.0
1039326.0,0.0,-3.1339,0.0,-0.04343,0.0,0.0,0.174,0.0,0.0,128.0,550.0
1039367.0,0.0,-3.1339,-0.002,-0.04343,0.0,0.0,0.174,0.0,0.0,128.0,544.0
1039407.0,0.0,-3.1339,-0.001,-0.04343,0.0,0.0,0.174,0.0,0.0,128.0,544.0
1039447.0,0.0,-3.1339,-0.0,-0.04343,0.0,0.0,0.174,0.0,0.0,128.0,550.0
1039487.0,0.0,-3.1339,0.001,-0.04343,0.0,0.0,0.174,0.0,0.0,128.0,557.0
1039528.0,0.0,-3.1339,0.004,-0.04343,0.0,0.0,0.174,0.0,0.0,128.0,557.0
1039568.0,0.0,-3.1339,-0.002,-0.04343,0.0,0.0,0.174,0.0,0.0,128.0,563.0
1039608.0,0.0,-3.1339,-0.002,-0.04343,0.0,0.0,0.174,0.0,0.0,128.0,542.0
1039648.0,0.0,-3.1339,-0.001,-0.04343,0.0,0.0,0.174,0.0,0.0,128.0,550.0
1039689.0,0.0,-3.1339,-0.0,-0.04343,0.0,0.0,0.174,0.0,0.0,128.0,549.0
1039729.0,0.0,-3.1339,-0.001,-0.04343,0.0,0.0,0.174,0.0,0.0,128.0,550.0
1039769.0,0.0,-3.1324,0.011,-0.04343,0.0,0.0,0.174,0.0,0.0,128.0,557.0
1039809.0,0.0,-3.1339,-0.002,-0.04343,0.0,0.0,0.174,0.0,0.0,128.0,556.0
1039849.0,0.0,-3.1339,-0.0,-0.04343,0.0,0.0,0.174,0.0,0.0,128.0,550.0
1039890.0,0.0,-3.1339,-0.001,-0.04343,0.0,0.0,0.174,0.0,0.0,128.0,550.0
1039930.0,0.0,-3.1339,0.006,-0.04343,0.0,0.0,0.174,0.0,0.0,128.0,557.0
1039970.0,0.0,-3.1339,-0.003,-0.04343,0.0,0.0,0.174,0.0,0.0,128.0,556.0
1040010.0,0.0,-3.1339,-0.002,-0.04343,0.0,0.0,0.174,0.0,0.0,128.0,544.0
1040051.0,0.0,-3.1339,-0.001,-0.04343,0.0,0.0,0.174,0.0,0.0,128.0,550.0
1040091.0,0.0,-3.1339,0.0,-0.04343,0.0,0.0,0.174,0.0,0.0,128.0,551.0
1040131.0,0.0,-3.1339,-0.001,-0.04343,0.0,0.0,0.174,0.0,0.0,128.0,551.0
1040172.0,0.0,-3.1339,-0.001,-0.04343,0.0,0.0,0.174,0.0,0.0,128.0,557.0
1040212.0,0.0,-3.1339,0.0,-0.04343,0.0,0.0,0.174,0.0,0.0,128.0,543.0
1040252.0,0.0,-3.1339,-0.001,-0.04343,0.0,0.0,0.174,0.0,0.0,128.0,549.0
1040292.0,0.0,-3.1339,-0.001,-0.04343,0.0,0.0,0.174,0.0,0.0,128.0,550.0
1040333.0,0.0,-3.1339,-0.002,-0.04343,0.0,0.0,0.174,0.0,0.0,128.0,550.0
1040373.0,0.0,-3.1339,-0.001,-0.04343,0.0,0.0,0.174,0.0,0.0,128.0,550.0
1040413.0,0.0,-3.1339,-0.001,-0.04343,0.0,0.0,0.174,0.0,0.0,128.0,550.0
1040453.0,0.0,-3.1339,0.0,-0.04343,0.0,0.0,0.174,0.0,0.0,128.0,550.0
1040494.0,0.0,-3.1339,0.0,-0.04343,0.0,0.0,0.174,0.0,0.0,128.0,550.0
1040534.0,0.0,-3.1339,-0.001,-0.04343,0.0,0.0,0.174,0.0,0.0,128.0,550.0
1040574.0,0.0,-3.1339,-0.001,-0.04343,0.0,0.0,0.174,0.0,0.0,128.0,549.0
1040614.0,0.0,-3.1339,-0.002,-0.04343,0.0,0.0,0.174,0.0,0.0,128.0,550.0
1040655.0,0.0,-3.1339,0.001,-0.04343,0.0,0.0,0.174,0.0,0.0,128.0,550.0
1040695.0,0.0,-3.1339,0.001,-0.04343,0.0,0.0,0.174,0.0,0.0,128.0,543.0
1040735.0,0.0,-3.1339,-0.003,-0.04343,0.0,0.0,0.174,0.0,0.0,128.0,544.0
1040775.0,0.0,-3.1339,-0.006,-0.04343,0.0,0.0,0.174,0.0,0.0,128.0,564.0
1040815.0,0.0,-3.1339,0.001,-0.04343,0.0,0.0,0.174,0.0,0.0,128.0,544.0
1040856.0,0.0,-3.1339,0.0,-0.04343,0.0,0.0,0.174,0.0,0.0,128.0,550.0
1040896.0,0.0,-3.1339,-0.004,-0.04343,0.0,0.0,0.174,0.0,0.0,128.0,550.0
1040936.0,0.0,-3.1339,-0.001,-0.04343,0.0,0.0,0.174,0.0,0.0,128.0,549.0
1040976.0,0.0,-3.1339,-0.001,-0.04343,0.0,0.0,0.174,0.0,0.0,128.0,543.0
1041016.0,0.0,-3.1339,0.001,-0.04343,0.0,0.0,0.174,0.0,0.0,128.0,550.0
1041057.0,0.0,-3.1339,0.0,-0.04343,0.0,0.0,0.174,0.0,0.0,128.0,550.0
1041097.0,0.0,-3.1339,-0.002,-0.04343,0.0,0.0,0.174,0.0,0.0,128.0,550.0
1041137.0,0.0,-3.1339,-0.005,-0.04343,0.0,0.0,0.174,0.0,0.0,128.0,550.0
1041178.0,0.0,-3.1339,0.001,-0.04343,0.0,0.0,0.174,0.0,0.0,128.0,550.0
1041218.0,0.0,-3.1339,-0.001,-0.04343,0.0,0.0,0.174,0.0,0.0,128.0,550.0
1041258.0,0.0,-3.1339,0.003,-0.04343,0.0,0.0,0.174,0.0,0.0,128.0,550.0
1041298.0,0.0,-3.1339,-0.002,-0.04343,0.0,0.0,0.174,0.0,0.0,128.0,557.0
1041339.0,0.0,-3.1339,0.0,-0.04343,0.0,0.0,0.174,0.0,0.0,128.0,549.0
1041379.0,0.0,-3.1339,0.005,-0.04343,0.0,0.0,0.174,0.0,0.0,128.0,550.0
1041419.0,0.0,-3.1339,-0.004,-0.04343,0.0,0.0,0.174,0.0,0.0,128.0,551.0
1041460.0,0.0,-3.1339,-0.001,-0.04343,0.0,0.0,0.174,0.0,0.0,128.0,550.0
1041500.0,0.0,-3.1339,-0.001,-0.04343,0.0,0.0,0.174,0.0,0.0,128.0,550.0
1041540.0,0.0,-3.1339,0.002,-0.04343,0.0,0.0,0.174,0.0,0.0,128.0,549.0
1041581.0,0.0,-3.1339,-0.001,-0.04343,0.0,0.0,0.174,0.0,0.0,128.0,550.0
1041621.0,0.0,-3.1339,-0.0,-0.04343,0.0,0.0,0.174,0.0,0.0,128.0,549.0
1041661.0,0.0,-3.1339,0.0,-0.04343,0.0,0.0,0.174,0.0,0.0,128.0,550.0
1041701.0,0.0,-3.1339,0.001,-0.04343,0.0,0.0,0.174,0.0,0.0,128.0,543.0
1041742.0,0.0,-3.1339,-0.001,-0.04343,0.0,0.0,0.174,0.0,0.0,128.0,550.0
1041782.0,0.0,-3.1339,-0.001,-0.04343,0.0,0.0,0.174,0.0,0.0,128.0,557.0
1041822.0,0.0,-3.1339,-0.0,-0.04343,0.0,0.0,0.174,0.0,0.0,128.0,544.0
1041862.0,0.0,-3.1339,-0.002,-0.04343,0.0,0.0,0.174,0.0,0.0,128.0,550.0
1041902.0,0.0,-3.1339,-0.002,-0.04343,0.0,0.0,0.174,0.0,0.0,128.0,558.0
1041942.0,0.0,-3.1339,-0.003,-0.04343,0.0,0.0,0.174,0.0,0.0,128.0,551.0
1041983.0,0.0,-3.1339,-0.001,-0.04343,0.0,0.0,0.174,0.0,0.0,128.0,557.0
1042023.0,0.0,-3.1339,-0.001,-0.04343,0.0,0.0,0.174,0.0,0.0,128.0,570.0
1042063.0,0.0,-3.1324,0.005,-0.04343,0.0,0.0,0.174,0.0,0.0,128.0,549.0
1042104.0,0.0,-3.1339,-0.003,-0.04343,0.0,0.0,0.174,0.0,0.0,128.0,550.0
1042144.0,0.0,-3.1339,-0.002,-0.04343,0.0,0.0,0.174,0.0,0.0,128.0,544.0
1042184.0,0.0,-3.1339,-0.002,-0.04343,0.0,0.0,0.174,0.0,0.0,128.0,550.0
1042224.0,0.0,-3.1339,0.003,-0.04343,0.0,0.0,0.174,0.0,0.0,128.0,557.0
1042264.0,0.0,-3.1339,-0.002,-0.04343,0.0,0.0,0.174,0.0,0.0,128.0,550.0
1042304.0,0.0,-3.1339,-0.002,-0.04343,0.0,0.0,0.174,0.0,0.0,128.0,549.0
1042344.0,0.0,-3.1339,-0.0,-0.04343,0.0,0.0,0.174,0.0,0.0,128.0,550.0
1042385.0,0.0,-3.1339,-0.001,-0.04343,0.0,0.0,0.174,0.0,0.0,128.0,550.0
1042425.0,0.0,-3.1339,-0.002,-0.04343,0.0,0.0,0.174,0.0,0.0,128.0,544.0
1042465.0,0.0,-3.1339,0.002,-0.04343,0.0,0.0,0.174,0.0,0.0,128.0,550.0
1042505.0,0.0,-3.1339,-0.001,-0.04343,0.0,0.0,0.174,0.0,0.0,128.0,557.0
1042546.0,0.0,-3.1339,0.001,-0.04343,0.0,0.0,0.174,0.0,0.0,128.0,549.0
1042586.0,0.0,-3.1339,0.005,-0.04343,0.0,0.0,0.174,0.0,0.0,128.0,550.0
1042626.0,0.0,-3.1339,-0.003,-0.04343,0.0,0.0,0.174,0.0,0.0,128.0,551.0
1042666.0,0.0,-3.1324,0.006,-0.04343,0.0,0.0,0.174,0.0,0.0,128.0,558.0
1042707.0,0.0,-3.1339,-0.001,-0.04343,0.0,0.0,0.174,0.0,0.0,128.0,557.0
1042747.0,0.0,-3.1339,-0.0,-0.04343,0.0,0.0,0.174,0.0,0.0,128.0,543.0
1042787.0,0.0,-3.1339,0.0,-0.04343,0.0,0.0,0.174,0.0,0.0,128.0,549.0
1042827.0,0.0,-3.1339,0.007,-0.04343,0.0,0.0,0.174,0.0,0.0,128.0,556.0
1042868.0,0.0,-3.1339,0.001,-0.04343,0.0,0.0,0.174,0.0,0.0,128.0,549.0
1042908.0,0.0,-3.1339,-0.002,-0.04343,0.0,0.0,0.174,0.0,0.0,128.0,544.0
1042948.0,0.0,-3.1339,0.003,-0.04343,0.0,0.0,0.174,0.0,0.0,128.0,551.0
1042988.0,0.0,-3.1339,-0.003,-0.04343,0.0,0.0,0.174,0.0,0.0,128.0,557.0
1043029.0,0.0,-3.1339,-0.001,-0.04343,0.0,0.0,0.174,0.0,0.0,128.0,551.0
1043069.0,0.0,-3.1339,-0.001,-0.04343,0.0,0.0,0.174,0.0,0.0,128.0,557.0
1043109.0,0.0,-3.1339,-0.0,-0.04343,0.0,0.0,0.174,0.0,0.0,128.0,543.0
1043149.0,0.0,-3.1339,-0.0,-0.04343,0.0,0.0,0.174,0.0,0.0,128.0,549.0
1043189.0,0.0,-3.1339,0.005,-0.04343,0.0,0.0,0.174,0.0,0.0,128.0,549.0
1043230.0,0.0,-3.1339,-0.003,-0.04343,0.0,0.0,0.174,0.0,0.0,128.0,550.0
1043270.0,0.0,-3.1339,-0.001,-0.04343,0.0,0.0,0.174,0.0,0.0,128.0,544.0
1043310.0,0.0,-3.1339,-0.0,-0.04343,0.0,0.0,0.174,0.0,0.0,128.0,550.0
1043350.0,0.0,-3.1339,0.0,-0.04343,0.0,0.0,0.174,0.0,0.0,128.0,551.0
1043391.0,0.0,-3.1339,0.005,-0.04343,0.0,0.0,0.174,0.0,0.0,128.0,556.0
1043431.0,0.0,-3.1339,-0.002,-0.04343,0.0,0.0,0.174,0.0,0.0,128.0,550.0
1043471.0,0.0,-3.1339,-0.0,-0.04343,0.0,0.0,0.174,0.0,0.0,128.0,549.0
1043511.0,0.0,-3.1339,-0.0,-0.04343,0.0,0.0,0.174,0.0,0.0,128.0,550.0
1043552.0,0.0,-3.1339,-0.0,-0.04343,0.0,0.0,0.174,0.0,0.0,128.0,549.0
1043592.0,0.0,-3.1339,-0.006,-0.04343,0.0,0.0,0.174,0.0,0.0,128.0,550.0
1043632.0,0.0,-3.1339,-0.001,-0.04343,0.0,0.0,0.174,0.0,0.0,128.0,556.0
1043672.0,0.0,-3.1339,0.001,-0.04343,0.0,0.0,0.174,0.0,0.0,128.0,542.0
1043712.0,0.0,-3.1339,-0.001,-0.04343,0.0,0.0,0.174,0.0,0.0,128.0,550.0
1043753.0,0.0,-3.1339,-0.002,-0.04343,0.0,0.0,0.174,0.0,0.0,128.0,550.0
1043793.0,0.0,-3.1339,-0.003,-0.04343,0.0,0.0,0.174,0.0,0.0,128.0,550.0
1043833.0,0.0,-3.1339,-0.002,-0.04343,0.0,0.0,0.174,0.0,0.0,128.0,537.0
1043873.0,0.0,-3.1324,0.006,-0.04343,0.0,0.0,0.174,0.0,0.0,128.0,550.0
1043914.0,0.0,-3.1339,-0.002,-0.04343,0.0,0.0,0.174,0.0,0.0,128.0,550.0
1043954.0,0.0,-3.1339,-0.001,-0.04343,0.0,0.0,0.174,0.0,0.0,128.0,550.0
1043994.0,0.0,-3.1339,0.002,-0.04343,0.0,0.0,0.174,0.0,0.0,128.0,551.0
1044035.0,0.0,-3.1339,-0.001,-0.04343,0.0,0.0,0.174,0.0,0.0,128.0,543.0
1044075.0,0.0,-3.1339,-0.0,-0.04343,0.0,0.0,0.174,0.0,0.0,128.0,550.0
1044115.0,0.0,-3.1339,0.0,-0.04343,0.0,0.0,0.174,0.0,0.0,128.0,550.0
1044155.0,0.0,-3.1339,0.0,-0.04343,0.0,0.0,0.174,0.0,0.0,128.0,555.0
1044196.0,0.0,-3.1339,-0.0,-0.04343,0.0,0.0,0.174,0.0,0.0,128.0,544.0
1044236.0,0.0,-3.1339,-0.001,-0.04343,0.0,0.0,0.174,0.0,0.0,128.0,550.0
1044276.0,0.0,-3.1339,-0.001,-0.04343,0.0,0.0,0.174,0.0,0.0,128.0,550.0
1044316.0,0.0,-3.1339,-0.001,-0.04343,0.0,0.0,0.174,0.0,0.0,128.0,544.0
1044356.0,0.0,-3.1339,0.003,-0.04343,0.0,0.0,0.174,0.0,0.0,128.0,557.0
1044397.0,0.0,-3.1339,-0.001,-0.04343,0.0,0.0,0.174,0.0,0.0,128.0,550.0
1044437.0,0.0,-3.1339,0.001,-0.04343,0.0,0.0,0.174,0.0,0.0,128.0,550.0
1044477.0,0.0,-3.1339,0.0,-0.04343,0.0,0.0,0.174,0.0,0.0,128.0,549.0
1044517.0,0.0,-3.1339,-0.001,-0.04343,0.0,0.0,0.174,0.0,0.0,128.0,550.0
1044558.0,0.0,-3.1339,-0.002,-0.04343,0.0,0.0,0.174,0.0,0.0,128.0,550.0
1044598.0,0.0,-3.1339,-0.001,-0.04343,0.0,0.0,0.174,0.0,0.0,128.0,544.0
1044638.0,0.0,-3.1339,0.008,-0.04343,0.0,0.0,0.174,0.0,0.0,128.0,571.0
1044678.0,0.0,-3.1339,-0.001,-0.04343,0.0,0.0,0.174,0.0,0.0,128.0,550.0
1044718.0,0.0,-3.1339,0.006,-0.04343,0.0,0.0,0.174,0.0,0.0,128.0,557.0
1044759.0,0.0,-3.1339,-0.002,-0.04343,0.0,0.0,0.174,0.0,0.0,128.0,550.0
1044799.0,0.0,-3.1324,0.008,-0.04343,0.0,0.0,0.174,0.0,0.0,128.0,557.0
1044839.0,0.0,-3.1339,-0.001,-0.04343,0.0,0.0,0.174,0.0,0.0,128.0,550.0
1044879.0,0.0,-3.1339,-0.001,-0.04343,0.0,0.0,0.174,0.0,0.0,128.0,549.0
1044919.0,0.0,-3.1324,0.008,-0.04343,0.0,0.0,0.174,0.0,0.0,128.0,557.0
1044960.0,0.0,-3.1339,-0.002,-0.04343,0.0,0.0,0.174,0.0,0.0,128.0,550.0
1045000.0,0.0,-3.1339,-0.0,-0.04343,0.0,0.0,0.174,0.0,0.0,128.0,550.0
1045040.0,0.0,-3.1339,-0.002,-0.04343,0.0,0.0,0.174,0.0,0.0,128.0,549.0
1045080.0,0.0,-3.1339,-0.001,-0.04343,0.0,0.0,0.174,0.0,0.0,128.0,542.0
1045120.0,0.0,-3.1339,-0.005,-0.04343,0.0,0.0,0.174,0.0,0.0,128.0,550.0
1045161.0,0.0,-3.1339,0.002,-0.04343,0.0,0.0,0.174,0.0,0.0,128.0,549.0
1045201.0,0.0,-3.1339,-0.002,-0.04343,0.0,0.0,0.174,0.0,0.0,128.0,556.0
1045241.0,0.0,-3.1339,0.004,-0.04343,0.0,0.0,0.174,0.0,0.0,128.0,542.0
1045282.0,0.0,-3.1339,0.002,-0.04343,0.0,0.0,0.174,0.0,0.0,128.0,544.0
1045322.0,0.0,-3.1324,0.003,-0.04343,0.0,0.0,0.174,0.0,0.0,128.0,551.0
1045362.0,0.0,-3.1339,-0.001,-0.04343,0.0,0.0,0.174,0.0,0.0,128.0,543.0
1045402.0,0.0,-3.1339,0.0,-0.04343,0.0,0.0,0.174,0.0,0.0,128.0,557.0
1045442.0,0.0,-3.1339,-0.001,-0.04343,0.0,0.0,0.174,0.0,0.0,128.0,551.0
1045483.0,0.0,-3.1339,0.0,-0.04343,0.0,0.0,0.174,0.0,0.0,128.0,551.0
1045523.0,0.0,-3.1339,-0.001,-0.04343,0.0,0.0,0.174,0.0,0.0,128.0,557.0
1045563.0,0.0,-3.1339,0.006,-0.04343,0.0,0.0,0.174,0.0,0.0,128.0,563.0
1045603.0,0.0,-3.1339,0.002,-0.04343,0.0,0.0,0.174,0.0,0.0,128.0,550.0
1045644.0,0.0,-3.1339,-0.001,-0.04343,0.0,0.0,0.174,0.0,0.0,128.0,549.0
1045684.0,0.0,-3.1339,-0.001,-0.04343,0.0,0.0,0.174,0.0,0.0,128.0,550.0
1045724.0,0.0,-3.1339,-0.001,-0.04343,0.0,0.0,0.174,0.0,0.0,128.0,549.0
1045765.0,0.0,-3.1339,-0.0,-0.04343,0.0,0.0,0.174,0.0,0.0,128.0,549.0
1045805.0,0.0,-3.1339,-0.0,-0.04343,0.0,0.0,0.174,0.0,0.0,128.0,550.0
1045845.0,0.0,-3.1339,-0.0,-0.04343,0.0,0.0,0.174,0.0,0.0,128.0,542.0
1045885.0,0.0,-3.1339,-0.001,-0.04343,0.0,0.0,0.174,0.0,0.0,128.0,550.0
1045926.0,0.0,-3.1339,-0.0,-0.04343,0.0,0.0,0.174,0.0,0.0,128.0,549.0
1045966.0,0.0,-3.1339,0.0,-0.04343,0.0,0.0,0.174,0.0,0.0,128.0,551.0
1046006.0,0.0,-3.1339,-0.001,-0.04343,0.0,0.0,0.174,0.0,0.0,128.0,550.0
1046046.0,0.0,-3.1339,-0.002,-0.04343,0.0,0.0,0.174,0.0,0.0,128.0,551.0
1046087.0,0.0,-3.1339,0.003,-0.04343,0.0,0.0,0.174,0.0,0.0,128.0,557.0
1046127.0,0.0,-3.1339,-0.001,-0.04343,0.0,0.0,0.174,0.0,0.0,128.0,557.0
1046167.0,0.0,-3.1339,0.001,-0.04343,0.0,0.0,0.174,0.0,0.0,128.0,542.0
1046208.0,0.0,-3.1339,0.002,-0.04343,0.0,0.0,0.174,0.0,0.0,128.0,543.0
1046248.0,0.0,-3.1339,0.0,-0.04343,0.0,0.0,0.174,0.0,0.0,128.0,549.0
1046288.0,0.0,-3.1339,0.002,-0.04343,0.0,0.0,0.174,0.0,0.0,128.0,557.0
1046328.0,0.0,-3.1339,-0.004,-0.04343,0.0,0.0,0.174,0.0,0.0,128.0,550.0
1046368.0,0.0,-3.1339,0.0,-0.04343,0.0,0.0,0.174,0.0,0.0,128.0,549.0
1046408.0,0.0,-3.1339,-0.001,-0.04343,0.0,0.0,0.174,0.0,0.0,128.0,544.0
1046448.0,0.0,-3.1339,-0.002,-0.04343,0.0,0.0,0.174,0.0,0.0,128.0,550.0
1046489.0,0.0,-3.1339,-0.001,-0.04343,0.0,0.0,0.174,0.0,0.0,128.0,550.0
1046529.0,0.0,-3.1339,-0.0,-0.04343,0.0,0.0,0.174,0.0,0.0,128.0,550.0
1046569.0,0.0,-3.1339,-0.0,-0.04343,0.0,0.0,0.174,0.0,0.0,128.0,551.0
1046609.0,0.0,-3.1339,0.0,-0.04343,0.0,0.0,0.174,0.0,0.0,128.0,551.0
1046650.0,0.0,-3.1339,0.002,-0.04343,0.0,0.0,0.174,0.0,0.0,128.0,557.0
1046690.0,0.0,-3.1339,-0.006,-0.04343,0.0,0.0,0.174,0.0,0.0,128.0,557.0
1046730.0,0.0,-3.1339,-0.001,-0.04343,0.0,0.0,0.174,0.0,0.0,128.0,570.0
1046770.0,0.0,-3.1339,-0.001,-0.04343,0.0,0.0,0.174,0.0,0.0,128.0,550.0
1046810.0,0.0,-3.1324,0.009,-0.04343,0.0,0.0,0.174,0.0,0.0,128.0,557.0
1046851.0,0.0,-3.1339,-0.001,-0.04343,0.0,0.0,0.174,0.0,0.0,128.0,550.0
1046891.0,0.0,-3.1339,0.001,-0.04343,0.0,0.0,0.174,0.0,0.0,128.0,550.0
1046931.0,0.0,-3.1339,0.0,-0.04343,0.0,0.0,0.174,0.0,0.0,128.0,570.0
1046971.0,0.0,-3.1339,-0.002,-0.04343,0.0,0.0,0.174,0.0,0.0,128.0,549.0
1047011.0,0.0,-3.1339,-0.0,-0.04343,0.0,0.0,0.174,0.0,0.0,128.0,550.0
1047052.0,0.0,-3.1339,0.001,-0.04343,0.0,0.0,0.174,0.0,0.0,128.0,549.0
1047092.0,0.0,-3.1339,0.003,-0.04343,0.0,0.0,0.174,0.0,0.0,128.0,549.0
1047132.0,0.0,-3.1339,-0.003,-0.04343,0.0,0.0,0.174,0.0,0.0,128.0,550.0
1047172.0,0.0,-3.1339,-0.001,-0.04343,0.0,0.0,0.174,0.0,0.0,128.0,548.0
1047213.0,0.0,-3.1339,-0.0,-0.04343,0.0,0.0,0.174,0.0,0.0,128.0,549.0
1047253.0,0.0,-3.1339,0.0,-0.04343,0.0,0.0,0.174,0.0,0.0,128.0,551.0
1047293.0,0.0,-3.1339,-0.001,-0.04343,0.0,0.0,0.174,0.0,0.0,128.0,557.0
1047334.0,0.0,-3.1339,-0.0,-0.04343,0.0,0.0,0.174,0.0,0.0,128.0,551.0
1047374.0,0.0,-3.1339,0.0,-0.04343,0.0,0.0,0.174,0.0,0.0,128.0,551.0
1047414.0,0.0,-3.1339,0.004,-0.04343,0.0,0.0,0.174,0.0,0.0,128.0,558.0
1047454.0,0.0,-3.1339,0.0,-0.04343,0.0,0.0,0.174,0.0,0.0,128.0,569.0
1047494.0,0.0,-3.1339,-0.003,-0.04343,0.0,0.0,0.174,0.0,0.0,128.0,549.0
1047534.0,0.0,-3.1339,-0.004,-0.04343,0.0,0.0,0.174,0.0,0.0,128.0,550.0
1047575.0,0.0,-3.1339,-0.002,-0.04343,0.0,0.0,0.174,0.0,0.0,128.0,549.0
1047615.0,0.0,-3.1339,0.001,-0.04343,0.0,0.0,0.174,0.0,0.0,128.0,543.0
1047655.0,0.0,-3.1339,0.004,-0.04343,0.0,0.0,0.174,0.0,0.0,128.0,550.0
1047695.0,0.0,-3.1339,0.0,-0.04343,0.0,0.0,0.174,0.0,0.0,128.0,550.0
1047736.0,0.0,-3.1339,-0.001,-0.04343,0.0,0.0,0.174,0.0,0.0,128.0,550.0
1047776.0,0.0,-3.1339,-0.001,-0.04343,0.0,0.0,0.174,0.0,0.0,128.0,550.0
1047816.0,0.0,-3.1339,-0.0,-0.04343,0.0,0.0,0.174,0.0,0.0,128.0,551.0
1047857.0,0.0,-3.1339,-0.0,-0.04343,0.0,0.0,0.174,0.0,0.0,128.0,549.0
1047897.0,0.0,-3.1339,-0.001,-0.04343,0.0,0.0,0.174,0.0,0.0,128.0,550.0
1047937.0,0.0,-3.1339,0.007,-0.04343,0.0,0.0,0.174,0.0,0.0,128.0,556.0
1047977.0,0.0,-3.1339,-0.001,-0.04343,0.0,0.0,0.174,0.0,0.0,128.0,542.0
1048017.0,0.0,-3.1339,-0.001,-0.04343,0.0,0.0,0.174,0.0,0.0,128.0,549.0
1048058.0,0.0,-3.1339,0.002,-0.04343,0.0,0.0,0.174,0.0,0.0,128.0,549.0
1048098.0,0.0,-3.1339,0.002,-0.04343,0.0,0.0,0.174,0.0,0.0,128.0,550.0
1048138.0,0.0,-3.1324,0.005,-0.04343,0.0,0.0,0.174,0.0,0.0,128.0,551.0
1048179.0,0.0,-3.1339,-0.002,-0.04343,0.0,0.0,0.174,0.0,0.0,128.0,549.0
1048219.0,0.0,-3.1339,-0.001,-0.04343,0.0,0.0,0.174,0.0,0.0,128.0,543.0
1048259.0,0.0,-3.1339,-0.001,-0.04343,0.0,0.0,0.174,0.0,0.0,128.0,564.0
1048299.0,0.0,-3.1339,-0.001,-0.04343,0.0,0.0,0.174,0.0,0.0,128.0,550.0
1048340.0,0.0,-3.1339,-0.001,-0.04343,0.0,0.0,0.174,0.0,0.0,128.0,550.0
1048380.0,0.0,-3.1339,0.0,-0.04343,0.0,0.0,0.174,0.0,0.0,128.0,550.0
1048420.0,0.0,-3.1339,-0.001,-0.04343,0.0,0.0,0.174,0.0,0.0,128.0,543.0
1048460.0,0.0,-3.1339,-0.0,-0.04343,0.0,0.0,0.174,0.0,0.0,128.0,550.0
1048501.0,0.0,-3.1339,0.003,-0.04343,0.0,0.0,0.174,0.0,0.0,128.0,544.0
1048541.0,0.0,-3.1339,0.006,-0.04343,0.0,0.0,0.174,0.0,0.0,128.0,557.0
1048581.0,0.0,-3.1339,-0.002,-0.04343,0.0,0.0,0.174,0.0,0.0,128.0,549.0
1048622.0,0.0,-3.1339,-0.002,-0.04343,0.0,0.0,0.174,0.0,0.0,128.0,549.0
1048662.0,0.0,-3.1339,0.005,-0.04343,0.0,0.0,0.174,0.0,0.0,128.0,557.0
1048702.0,0.0,-3.1339,-0.001,-0.04343,0.0,0.0,0.174,0.0,0.0,128.0,549.0
1048742.0,0.0,-3.1339,0.003,-0.04343,0.0,0.0,0.174,0.0,0.0,128.0,550.0
1048783.0,0.0,-3.1339,-0.001,-0.04343,0.0,0.0,0.174,0.0,0.0,128.0,549.0
1048823.0,0.0,-3.1339,-0.003,-0.04343,0.0,0.0,0.174,0.0,0.0,128.0,551.0
1048863.0,0.0,-3.1339,0.001,-0.04343,0.0,0.0,0.174,0.0,0.0,128.0,557.0
1048904.0,0.0,-3.1339,0.001,-0.04343,0.0,0.0,0.174,0.0,0.0,128.0,551.0
1048944.0,0.0,-3.1339,-0.001,-0.04343,0.0,0.0,0.174,0.0,0.0,128.0,543.0
1048984.0,0.0,-3.1339,-0.001,-0.04343,0.0,0.0,0.174,0.0,0.0,128.0,542.0
1049024.0,0.0,-3.1339,-0.0,-0.04343,0.0,0.0,0.174,0.0,0.0,128.0,549.0
1049065.0,0.0,-3.1339,-0.0,-0.04343,0.0,0.0,0.174,0.0,0.0,128.0,549.0
1049105.0,0.0,-3.1339,-0.001,-0.04343,0.0,0.0,0.174,0.0,0.0,128.0,550.0
1049145.0,0.0,-3.1339,0.003,-0.04343,0.0,0.0,0.174,0.0,0.0,128.0,549.0
1049185.0,0.0,-3.1339,-0.002,-0.04343,0.0,0.0,0.174,0.0,0.0,128.0,550.0
1049226.0,0.0,-3.1339,-0.001,-0.04343,0.0,0.0,0.174,0.0,0.0,128.0,550.0
1049266.0,0.0,-3.1339,-0.0,-0.04343,0.0,0.0,0.174,0.0,0.0,128.0,556.0
1049306.0,0.0,-3.1339,0.0,-0.04343,0.0,0.0,0.174,0.0,0.0,128.0,550.0
1049347.0,0.0,-3.1339,0.0,-0.04343,0.0,0.0,0.174,0.0,0.0,128.0,550.0
1049387.0,0.0,-3.1339,-0.0,-0.04343,0.0,0.0,0.174,0.0,0.0,128.0,551.0
1049427.0,0.0,-3.1339,-0.003,-0.04343,0.0,0.0,0.174,0.0,0.0,128.0,551.0
1049468.0,0.0,-3.1339,-0.002,-0.04343,0.0,0.0,0.174,0.0,0.0,128.0,557.0
1049508.0,0.0,-3.1339,-0.002,-0.04343,0.0,0.0,0.174,0.0,0.0,128.0,570.0
1049548.0,0.0,-3.1339,-0.001,-0.04343,0.0,0.0,0.174,0.0,0.0,128.0,550.0
1049589.0,0.0,-3.1339,-0.002,-0.04343,0.0,0.0,0.174,0.0,0.0,128.0,550.0
1049629.0,0.0,-3.1339,-0.001,-0.04343,0.0,0.0,0.174,0.0,0.0,128.0,549.0
1049669.0,0.0,-3.1339,-0.001,-0.04343,0.0,0.0,0.174,0.0,0.0,128.0,550.0
1049709.0,0.0,-3.1339,-0.0,-0.04343,0.0,0.0,0.174,0.0,0.0,128.0,551.0
1049749.0,0.0,-3.1339,-0.0,-0.04343,0.0,0.0,0.174,0.0,0.0,128.0,551.0
1049790.0,0.0,-3.1339,0.002,-0.04343,0.0,0.0,0.174,0.0,0.0,128.0,558.0
1049830.0,0.0,-3.1339,-0.002,-0.04343,0.0,0.0,0.174,0.0,0.0,128.0,557.0
1049870.0,0.0,-3.1339,-0.001,-0.04343,0.0,0.0,0.174,0.0,0.0,128.0,551.0
1049911.0,0.0,-3.1324,0.01,-0.04343,0.0,0.0,0.174,0.0,0.0,128.0,557.0
1049951.0,0.0,-3.1339,-0.002,-0.04343,0.0,0.0,0.174,0.0,0.0,128.0,550.0
1049991.0,0.0,-3.1324,0.006,-0.04343,0.0,0.0,0.174,0.0,0.0,128.0,556.0
1050031.0,0.0,-3.1339,-0.001,-0.04343,0.0,0.0,0.174,0.0,0.0,128.0,544.0
1050072.0,0.0,-3.1339,-0.0,-0.04343,0.0,0.0,0.174,0.0,0.0,128.0,549.0
1050112.0,0.0,-3.1339,-0.001,-0.04343,0.0,0.0,0.174,0.0,0.0,128.0,550.0
1050152.0,0.0,-3.1339,-0.0,-0.04343,0.0,0.0,0.174,0.0,0.0,128.0,550.0
1050192.0,0.0,-3.1339,-0.001,-0.04343,0.0,0.0,0.174,0.0,0.0,128.0,550.0
1050233.0,0.0,-3.1339,-0.002,-0.04343,0.0,0.0,0.174,0.0,0.0,128.0,550.0
1050273.0,0.0,-3.1339,-0.001,-0.04343,0.0,0.0,0.174,0.0,0.0,128.0,550.0
1050313.0,0.0,-3.1339,-0.001,-0.04343,0.0,0.0,0.174,0.0,0.0,128.0,550.0
1050353.0,0.0,-3.1324,0.011,-0.04343,0.0,0.0,0.174,0.0,0.0,128.0,557.0
1050394.0,0.0,-3.1339,-0.003,-0.04343,0.0,0.0,0.174,0.0,0.0,128.0,550.0
1050434.0,0.0,-3.1339,0.0,-0.04343,0.0,0.0,0.174,0.0,0.0,128.0,550.0
1050474.0,0.0,-3.1339,0.003,-0.04343,0.0,0.0,0.174,0.0,0.0,128.0,606.0
1050515.0,0.0,-3.1339,-0.004,-0.04343,0.0,0.0,0.174,0.0,0.0,128.0,550.0
1050555.0,0.0,-3.1339,0.0,-0.04343,0.0,0.0,0.174,0.0,0.0,128.0,550.0
1050595.0,0.0,-3.1339,-0.0,-0.04343,0.0,0.0,0.174,0.0,0.0,128.0,549.0
1050635.0,0.0,-3.1339,-0.002,-0.04343,0.0,0.0,0.174,0.0,0.0,128.0,550.0
1050676.0,0.0,-3.1339,-0.0,-0.04343,0.0,0.0,0.174,0.0,0.0,128.0,549.0
1050716.0,0.0,-3.1339,-0.001,-0.04343,0.0,0.0,0.174,0.0,0.0,128.0,542.0
1050756.0,0.0,-3.1339,-0.001,-0.04343,0.0,0.0,0.174,0.0,0.0,128.0,550.0
1050796.0,0.0,-3.1339,-0.001,-0.04343,0.0,0.0,0.174,0.0,0.0,128.0,550.0
1050836.0,0.0,-3.1339,0.004,-0.04343,0.0,0.0,0.174,0.0,0.0,128.0,550.0
1050876.0,0.0,-3.1339,-0.001,-0.04343,0.0,0.0,0.174,0.0,0.0,128.0,557.0
1050917.0,0.0,-3.1339,-0.0,-0.04343,0.0,0.0,0.174,0.0,0.0,128.0,551.0
1050957.0,0.0,-3.1339,0.007,-0.04343,0.0,0.0,0.174,0.0,0.0,128.0,558.0
1050997.0,0.0,-3.1339,0.001,-0.04343,0.0,0.0,0.174,0.0,0.0,128.0,570.0
1051037.0,0.0,-3.1339,0.001,-0.04343,0.0,0.0,0.174,0.0,0.0,128.0,549.0
1051077.0,0.0,-3.1339,-0.001,-0.04343,0.0,0.0,0.174,0.0,0.0,128.0,550.0
1051118.0,0.0,-3.1339,-0.0,-0.04343,0.0,0.0,0.174,0.0,0.0,128.0,550.0
1051158.0,0.0,-3.1339,-0.001,-0.04343,0.0,0.0,0.174,0.0,0.0,128.0,551.0
1051198.0,0.0,-3.1339,0.001,-0.04343,0.0,0.0,0.174,0.0,0.0,128.0,557.0
1051238.0,0.0,-3.1339,0.005,-0.04343,0.0,0.0,0.174,0.0,0.0,128.0,564.0
1051279.0,0.0,-3.1339,-0.003,-0.04343,0.0,0.0,0.174,0.0,0.0,128.0,557.0
1051319.0,0.0,-3.1339,-0.001,-0.04343,0.0,0.0,0.174,0.0,0.0,128.0,558.0
1051359.0,0.0,-3.1339,0.001,-0.04343,0.0,0.0,0.174,0.0,0.0,128.0,570.0
1051399.0,0.0,-3.1339,0.001,-0.04343,0.0,0.0,0.174,0.0,0.0,128.0,549.0
1051439.0,0.0,-3.1339,-0.002,-0.04343,0.0,0.0,0.174,0.0,0.0,128.0,549.0
1051480.0,0.0,-3.1339,-0.0,-0.04343,0.0,0.0,0.174,0.0,0.0,128.0,550.0
1051520.0,0.0,-3.1339,-0.001,-0.04343,0.0,0.0,0.174,0.0,0.0,128.0,550.0
1051560.0,0.0,-3.1339,-0.0,-0.04343,0.0,0.0,0.174,0.0,0.0,128.0,550.0
1051601.0,0.0,-3.1339,0.0,-0.04343,0.0,0.0,0.174,0.0,0.0,128.0,550.0
1051641.0,0.0,-3.1339,0.005,-0.04343,0.0,0.0,0.174,0.0,0.0,128.0,550.0
1051681.0,0.0,-3.1339,-0.002,-0.04343,0.0,0.0,0.174,0.0,0.0,128.0,557.0
1051722.0,0.0,-3.1339,-0.0,-0.04343,0.0,0.0,0.174,0.0,0.0,128.0,557.0
1051762.0,0.0,-3.1339,-0.001,-0.04343,0.0,0.0,0.174,0.0,0.0,128.0,557.0
1051802.0,0.0,-3.1339,0.002,-0.04343,0.0,0.0,0.174,0.0,0.0,128.0,544.0
1051843.0,0.0,-3.1339,-0.001,-0.04343,0.0,0.0,0.174,0.0,0.0,128.0,550.0
1051883.0,0.0,-3.1339,-0.002,-0.04343,0.0,0.0,0.174,0.0,0.0,128.0,550.0
1051923.0,0.0,-3.1339,-0.001,-0.04343,0.0,0.0,0.174,0.0,0.0,128.0,551.0
1051964.0,0.0,-3.1339,0.004,-0.04343,0.0,0.0,0.174,0.0,0.0,128.0,557.0
1052004.0,0.0,-3.1339,-0.003,-0.04343,0.0,0.0,0.174,0.0,0.0,128.0,563.0
1052044.0,0.0,-3.1339,-0.001,-0.04343,0.0,0.0,0.174,0.0,0.0,128.0,570.0
1052084.0,0.0,-3.1339,-0.0,-0.04343,0.0,0.0,0.174,0.0,0.0,128.0,550.0
1052125.0,0.0,-3.1339,0.0,-0.04343,0.0,0.0,0.174,0.0,0.0,128.0,549.0
1052165.0,0.0,-3.1339,-0.001,-0.04343,0.0,0.0,0.174,0.0,0.0,128.0,551.0
1052205.0,0.0,-3.1339,-0.0,-0.04343,0.0,0.0,0.174,0.0,0.0,128.0,556.0
1052245.0,0.0,-3.1339,-0.001,-0.04343,0.0,0.0,0.174,0.0,0.0,128.0,549.0
1052286.0,0.0,-3.1339,-0.0,-0.04343,0.0,0.0,0.174,0.0,0.0,128.0,550.0
1052326.0,0.0,-3.1339,0.0,-0.04343,0.0,0.0,0.174,0.0,0.0,128.0,550.0
1052366.0,0.0,-3.1339,0.0,-0.04343,0.0,0.0,0.174,0.0,0.0,128.0,548.0
1052407.0,0.0,-3.1339,-0.001,-0.04343,0.0,0.0,0.174,0.0,0.0,128.0,550.0
1052447.0,0.0,-3.1339,-0.0,-0.04343,0.0,0.0,0.174,0.0,0.0,128.0,550.0
1052487.0,0.0,-3.1339,-0.0,-0.04343,0.0,0.0,0.174,0.0,0.0,128.0,556.0
1052527.0,0.0,-3.1339,-0.001,-0.04343,0.0,0.0,0.174,0.0,0.0,128.0,550.0
1052568.0,0.0,-3.1339,-0.003,-0.04343,0.0,0.0,0.174,0.0,0.0,128.0,550.0
1052608.0,0.0,-3.1339,-0.002,-0.04343,0.0,0.0,0.174,0.0,0.0,128.0,550.0
1052648.0,0.0,-3.1339,-0.002,-0.04343,0.0,0.0,0.174,0.0,0.0,128.0,549.0
1052688.0,0.0,-3.1324,0.006,-0.04343,0.0,0.0,0.174,0.0,0.0,128.0,557.0
1052729.0,0.0,-3.1339,-0.001,-0.04343,0.0,0.0,0.174,0.0,0.0,128.0,549.0
1052769.0,0.0,-3.1339,-0.001,-0.04343,0.0,0.0,0.174,0.0,0.0,128.0,551.0
1052809.0,0.0,-3.1339,-0.0,-0.04343,0.0,0.0,0.174,0.0,0.0,128.0,544.0
1052849.0,0.0,-3.1339,0.0,-0.04343,0.0,0.0,0.174,0.0,0.0,128.0,564.0
1052889.0,0.0,-3.1339,0.0,-0.04343,0.0,0.0,0.174,0.0,0.0,128.0,550.0
1052929.0,0.0,-3.1339,0.0,-0.04343,0.0,0.0,0.174,0.0,0.0,128.0,556.0
1052970.0,0.0,-3.1339,0.001,-0.04343,0.0,0.0,0.174,0.0,0.0,128.0,550.0
1053010.0,0.0,-3.1339,0.001,-0.04343,0.0,0.0,0.174,0.0,0.0,128.0,564.0
1053050.0,0.0,-3.1339,-0.003,-0.04343,0.0,0.0,0.174,0.0,0.0,128.0,550.0
1053090.0,0.0,-3.1339,0.006,-0.04343,0.0,0.0,0.174,0.0,0.0,128.0,557.0
1053131.0,0.0,-3.1339,0.002,-0.04343,0.0,0.0,0.174,0.0,0.0,128.0,550.0
1053171.0,0.0,-3.1339,0.001,-0.04343,0.0,0.0,0.174,0.0,0.0,128.0,550.0
1053211.0,0.0,-3.1339,-0.004,-0.04343,0.0,0.0,0.174,0.0,0.0,128.0,543.0
1053252.0,0.0,-3.1339,-0.001,-0.04343,0.0,0.0,0.174,0.0,0.0,128.0,550.0
1053292.0,0.0,-3.1339,0.002,-0.04343,0.0,0.0,0.174,0.0,0.0,128.0,551.0
1053332.0,0.0,-3.1339,-0.001,-0.04343,0.0,0.0,0.174,0.0,0.0,128.0,550.0
1053372.0,0.0,-3.1339,-0.0,-0.04343,0.0,0.0,0.174,0.0,0.0,128.0,544.0
1053413.0,0.0,-3.1339,-0.0,-0.04343,0.0,0.0,0.174,0.0,0.0,128.0,544.0
1053453.0,0.0,-3.1339,-0.0,-0.04343,0.0,0.0,0.174,0.0,0.0,128.0,564.0
1053493.0,0.0,-3.1339,-0.0,-0.04343,0.0,0.0,0.174,0.0,0.0,128.0,550.0
1053534.0,0.0,-3.1339,0.002,-0.04343,0.0,0.0,0.174,0.0,0.0,128.0,544.0
1053574.0,0.0,-3.1339,-0.003,-0.04343,0.0,0.0,0.174,0.0,0.0,128.0,550.0
1053614.0,0.0,-3.1339,-0.001,-0.04343,0.0,0.0,0.174,0.0,0.0,128.0,550.0
1053654.0,0.0,-3.1339,0.002,-0.04343,0.0,0.0,0.174,0.0,0.0,128.0,549.0
1053694.0,2.0,3.0664,0.093,-0.04328,0.0129,1.1,-0.9999,0.0,0.0,128.0,741.0
1053735.0,2.0,-3.0173,3.037,-0.04234,0.0475,2.4,-0.9263,0.0,0.0,128.0,728.0
1053775.0,2.0,-3.025,0.295,-0.03818,0.1583,2.2,-0.9939,0.0,0.0,128.0,736.0
1053816.0,2.0,-2.8455,3.745,-0.02888,0.3346,6.3,-0.876,0.0,0.0,128.0,744.0
1053857.0,2.0,-2.6845,3.866,-0.00956,0.6259,5.897,-0.7953,0.0,0.0,128.0,739.0
1053898.0,2.0,-2.528,3.775,0.01935,0.7823,1.825,-0.7231,0.0,0.0,128.0,737.0
1053938.0,2.0,-2.301,3.909,0.05059,0.7831,-0.775,-0.6923,0.0,0.0,128.0,757.0
1053979.0,5.0,-2.4651,-1.111,0.08201,0.7562,-2.275,-0.3016,0.0,0.0,128.0,658.0
1054019.0,5.0,-2.4697,0.256,0.10909,0.5832,-6.275,-0.3016,0.0,0.0,128.0,682.0
1054060.0,5.0,-2.7474,-6.108,0.1266,0.2655,-7.276,-0.3016,0.0,0.0,128.0,687.0
1054100.0,5.0,-3.0388,-5.708,0.13252,0.0564,-3.276,-0.3016,0.0,0.0,128.0,661.0
1054140.0,6.0,2.7489,-10.982,0.1332,-0.0018,-0.593,-0.3016,0.0,0.0,128.0,722.0
1054181.0,6.0,2.4758,-7.69,0.13204,-0.0597,-1.5,-0.3016,0.0,0.0,128.0,709.0
1054221.0,2.0,2.2181,-7.127,0.12851,-0.1302,-2.9,-0.2758,0.0,0.0,128.0,740.0
1054262.0,2.0,2.097,-3.822,0.11981,-0.3352,-7.0,-0.375,0.0,0.0,128.0,738.0
1054302.0,2.0,1.9297,-3.506,0.1008,-0.6283,-5.857,-0.2742,0.0,0.0,128.0,740.0
1054342.0,2.0,1.9712,-0.066,0.07268,-0.781,-1.872,-0.3751,0.0,0.0,128.0,773.0
1054383.0,2.0,2.1092,2.669,0.04084,-0.7716,2.228,-0.4579,0.0,0.0,128.0,751.0
1054424.0,2.0,2.3347,5.006,0.01264,-0.5942,6.328,-0.5265,0.0,0.0,128.0,746.0
1054464.0,2.0,2.7458,8.817,-0.00491,-0.259,10.328,-0.4178,0.0,0.0,128.0,767.0
1054505.0,2.0,-3.0465,11.133,-0.00645,0.2026,10.928,-0.216,0.0,0.0,128.0,750.0
1054546.0,2.0,-2.0371,19.97,0.00938,0.5646,6.828,2.0163,0.0,0.0,128.0,752.0
1054587.0,2.0,-1.3622,17.876,0.03652,0.7584,2.728,2.2922,0.0,0.0,128.0,730.0
1054628.0,2.0,-0.9664,10.236,0.06836,0.7913,-1.172,1.2238,0.0,0.0,128.0,759.0
1054668.0,2.0,-0.5783,10.248,0.0975,0.6627,-5.027,1.5136,0.0,0.0,128.0,754.0
1054709.0,2.0,-0.4218,5.211,0.11914,0.3756,-8.999,1.094,0.0,0.0,128.0,729.0
1054750.0,2.0,-0.1871,4.286,0.12645,-0.0322,-9.729,1.0809,0.0,0.0,128.0,730.0
1054790.0,2.0,0.6167,17.289,0.1188,-0.3393,-5.729,2.7104,0.0,0.0,128.0,730.0
1054831.0,2.0,1.2855,16.682,0.10159,-0.4881,-1.629,2.0243,0.0,0.0,128.0,746.0
1054872.0,2.0,2.008,17.478,0.08078,-0.5668,-3.692,1.5161,0.0,0.0,128.0,746.0
1054913.0,2.0,2.867,19.745,0.05426,-0.7482,-3.2,1.5115,0.0,0.0,128.0,730.0
1054953.0,2.0,-2.4513,24.832,0.02336,-0.7999,0.0,3.1953,0.0,0.0,128.0,781.0
1054994.0,2.0,-1.4174,24.669,-0.00885,-0.7879,1.5,4.1429,0.0,0.0,128.0,758.0
1055035.0,2.0,-0.8728,14.532,-0.03829,-0.6403,5.6,2.0004,0.0,0.0,128.0,761.0
1055076.0,2.0,-0.5492,9.931,-0.0585,-0.3248,9.5,1.512,0.0,0.0,128.0,738.0
1055116.0,2.0,-0.3636,5.157,-0.06506,-0.0227,6.141,1.1098,0.0,0.0,128.0,736.0
1055157.0,3.0,-0.3344,2.374,-0.06165,0.1951,4.576,0.9802,0.0,0.0,128.0,707.0
1055197.0,3.0,-0.385,-0.615,-0.05123,0.2967,0.476,0.9292,0.0,0.0,128.0,696.0
1055237.0,3.0,-0.3329,1.555,-0.04009,0.2527,-1.964,0.9604,0.0,0.0,128.0,718.0
1055278.0,3.0,-0.3007,1.211,-0.03255,0.0924,-4.569,0.9644,0.0,0.0,128.0,721.0
1055318.0,3.0,-0.2163,1.757,-0.03135,-0.0098,-0.839,0.9962,0.0,0.0,128.0,709.0
1055359.0,3.0,-0.092,2.859,-0.03139,0.0358,3.108,1.0474,0.0,0.0,128.0,703.0
1055399.0,3.0,-0.0138,2.24,-0.0276,0.162,3.911,1.0316,0.0,0.0,128.0,702.0
1055439.0,3.0,0.0583,1.47,-0.01808,0.3176,3.52,1.012,0.0,0.0,128.0,688.0
1055480.0,3.0,0.0522,0.308,-0.0015,0.5082,3.753,0.9992,0.0,0.0,128.0,709.0
1055520.0,3.0,0.1104,1.356,0.02085,0.6326,4.364,1.0055,0.0,0.0,128.0,702.0
1055560.0,3.0,0.069,-0.297,0.04879,0.7624,1.75,0.9982,0.0,0.0,128.0,687.0
1055601.0,5.0,0.1028,0.403,0.0792,0.7566,-2.095,0.9977,0.0,0.0,128.0,660.0
1055641.0,5.0,0.25,2.906,0.10643,0.5908,-6.095,0.9977,0.0,0.0,128.0,674.0
1055681.0,5.0,0.5752,7.037,0.12409,0.2832,-7.495,0.9977,0.0,0.0,128.0,653.0
1055721.0,5.0,1.0339,10.58,0.13065,0.0614,-3.497,0.9977,0.0,0.0,128.0,656.0
1055762.0,6.0,1.4711,10.941,0.1314,-0.0006,-0.329,0.9977,0.0,0.0,128.0,826.0
1055802.0,6.0,2.1046,14.174,0.13046,-0.0543,-1.5,0.9977,0.0,0.0,128.0,703.0
1055843.0,2.0,2.8164,16.653,0.12641,-0.1753,-4.9,0.8142,0.0,0.0,128.0,737.0
1055883.0,2.0,-2.7412,19.902,0.11471,-0.4521,-8.3,1.6277,0.0,0.0,128.0,759.0
1055924.0,2.0,-1.9236,17.562,0.09094,-0.7085,-4.261,1.6168,0.0,0.0,128.0,732.0
1055964.0,2.0,-1.6214,8.103,0.06083,-0.7986,-0.38,0.4024,0.0,0.0,128.0,757.0
1056005.0,2.0,-1.399,5.663,0.02854,-0.7999,0.0,0.4132,0.0,0.0,128.0,729.0
1056045.0,2.0,-1.2303,3.94,-0.00304,-0.7999,0.0,0.4231,0.0,0.0,128.0,730.0
1056085.0,2.0,-1.3591,-1.323,-0.03446,-0.7789,2.0,0.2395,0.0,0.0,128.0,762.0
1056126.0,2.0,-1.4128,-1.664,-0.06307,-0.6108,6.1,0.1619,0.0,0.0,128.0,762.0
1056167.0,2.0,-1.3913,-2.079,-0.08183,-0.3004,7.448,0.0564,0.0,0.0,128.0,742.0
1056207.0,2.0,-2.054,-10.152,-0.08839,-0.0509,4.331,0.2654,0.0,0.0,128.0,740.0
1056248.0,2.0,-2.5832,-12.301,-0.08809,0.0406,0.231,0.1421,0.0,0.0,128.0,738.0
1056288.0,2.0,3.0542,-16.572,-0.08573,0.0918,2.524,0.7409,0.0,0.0,128.0,755.0
1056329.0,2.0,2.6047,-12.18,-0.08006,0.1692,0.024,0.0736,0.0,0.0,128.0,738.0
1056369.0,2.0,2.2902,-8.57,-0.07444,0.0881,-3.976,-0.2309,0.0,0.0,128.0,752.0
1056410.0,2.0,2.0479,-7.295,-0.07335,-0.0345,-2.884,-0.1027,0.0,0.0,128.0,744.0
1056451.0,2.0,1.8929,-4.821,-0.07725,-0.1532,-2.136,-0.144,0.0,0.0,128.0,736.0
1056491.0,2.0,1.8438,-1.81,-0.08415,-0.1755,1.312,-0.2313,0.0,0.0,128.0,762.0
1056532.0,2.0,1.9436,1.454,-0.08906,-0.0356,5.412,-0.332,0.0,0.0,128.0,762.0
1056573.0,2.0,2.1829,5.072,-0.08505,0.2723,9.512,-0.3998,0.0,0.0,128.0,736.0
1056614.0,2.0,2.528,7.518,-0.06698,0.6072,6.206,-0.4442,0.0,0.0,128.0,750.0
1056654.0,2.0,2.9637,10.63,-0.03934,0.7738,2.216,-0.2584,0.0,0.0,128.0,752.0
1056695.0,2.0,-2.5065,18.661,-0.00739,0.7944,-1.0,1.3935,0.0,0.0,128.0,757.0
1056735.0,2.0,-2.1368,12.132,0.02258,0.7248,-1.385,0.4445,0.0,0.0,128.0,765.0
1056775.0,2.0,-1.6552,12.342,0.05081,0.7008,-1.785,0.9313,0.0,0.0,128.0,784.0
1056816.0,2.0,-1.2717,10.285,0.07646,0.5415,-5.885,0.9381,0.0,0.0,128.0,747.0
1056857.0,2.0,-1.2855,2.691,0.09248,0.2144,-9.977,0.3931,0.0,0.0,128.0,733.0
1056898.0,2.0,-1.5785,-5.562,0.09368,-0.1451,-7.984,0.1682,0.0,0.0,128.0,731.0
1056938.0,2.0,-1.6091,-1.714,0.0819,-0.4416,-6.146,-0.0084,0.0,0.0,128.0,753.0
1056979.0,2.0,-1.8561,-5.548,0.05914,-0.686,-4.766,-0.0578,0.0,0.0,128.0,731.0
1057019.0,2.0,-2.3654,-11.323,0.02955,-0.7951,-0.966,0.1665,0.0,0.0,128.0,723.0
1057059.0,2.0,-2.9959,-15.599,-0.00191,-0.7999,0.0,0.5432,0.0,0.0,128.0,736.0
1057099.0,2.0,2.6599,-15.015,-0.03334,-0.7978,0.591,0.5447,0.0,0.0,128.0,753.0
1057140.0,2.0,2.2565,-10.333,-0.06446,-0.7515,-0.271,0.0399,0.0,0.0,128.0,739.0
1057181.0,5.0,1.9681,-8.372,-0.09409,-0.6847,3.629,0.0757,0.0,0.0,128.0,702.0
1057221.0,5.0,1.7687,-5.315,-0.11726,-0.4575,7.629,0.0757,0.0,0.0,128.0,674.0
1057261.0,5.0,1.6981,-2.691,-0.12926,-0.1634,5.629,0.0757,0.0,0.0,128.0,668.0
1057302.0,5.0,1.7702,0.838,-0.13241,-0.015,1.63,0.0757,0.0,0.0,128.0,662.0
1057342.0,6.0,1.8607,1.646,-0.13238,0.0218,1.5,0.0757,0.0,0.0,128.0,708.0
1057382.0,6.0,2.2826,8.588,-0.13039,0.0818,1.5,0.0757,0.0,0.0,128.0,710.0
1057422.0,2.0,2.7443,11.151,-0.12525,0.2084,5.1,-0.1306,0.0,0.0,128.0,724.0
1057462.0,2.0,-3.0864,10.945,-0.11213,0.4897,7.877,-0.2429,0.0,0.0,128.0,737.0
1057503.0,2.0,-2.2212,21.208,-0.08715,0.7269,3.788,2.3326,0.0,0.0,128.0,730.0
1057543.0,2.0,-1.738,11.448,-0.05663,0.7997,0.164,0.6698,0.0,0.0,128.0,734.0
1057583.0,2.0,-1.0646,16.051,-0.02509,0.7999,0.0,2.1751,0.0,0.0,128.0,737.0
1057623.0,2.0,-0.8882,7.168,0.00634,0.7869,-1.564,0.9872,0.0,0.0,128.0,756.0
1057664.0,2.0,-0.8023,2.588,0.03566,0.6367,-5.664,0.7556,0.0,0.0,128.0,747.0
1057705.0,2.0,-0.8974,-1.324,0.05663,0.4131,-3.743,0.6297,0.0,0.0,128.0,755.0
1057746.0,2.0,-0.6029,4.954,0.0696,0.2022,-6.102,0.9853,0.0,0.0,128.0,725.0
1057786.0,3.0,-0.5614,2.008,0.07282,-0.0472,-6.062,0.872,0.0,0.0,128.0,688.0
1057827.0,3.0,-0.4909,1.794,0.06491,-0.3776,-8.962,0.9023,0.0,0.0,128.0,716.0
1057867.0,3.0,-0.2408,5.51,0.04418,-0.6541,-4.962,1.163,0.0,0.0,128.0,696.0
1057908.0,3.0,0.0138,6.396,0.0156,-0.7706,-0.962,1.2585,0.0,0.0,128.0,708.0
1057948.0,3.0,0.3451,8.089,-0.0153,-0.7239,3.138,1.352,0.0,0.0,128.0,710.0
1057988.0,2.0,0.9419,13.16,-0.04043,-0.5164,7.138,1.698,0.0,0.0,128.0,757.0
1058029.0,2.0,1.3254,10.413,-0.05475,-0.1883,6.834,0.884,0.0,0.0,128.0,743.0
1058070.0,2.0,1.7027,9.466,-0.05794,0.0148,4.534,0.4643,0.0,0.0,128.0,738.0
1058110.0,2.0,2.1368,10.149,-0.05284,0.2781,8.534,0.1279,0.0,0.0,128.0,738.0
1058151.0,2.0,2.9821,19.605,-0.03476,0.607,6.192,1.4396,0.0,0.0,128.0,732.0
1058192.0,2.0,-2.5725,19.349,-0.00641,0.7748,2.092,1.5806,0.0,0.0,128.0,736.0
1058233.0,2.0,-1.3898,26.308,0.02546,0.79,0.392,4.6139,0.0,0.0,128.0,709.0
1058273.0,2.0,-0.8145,17.354,0.05689,0.7999,0.0,2.5886,0.0,0.0,128.0,745.0
1058314.0,5.0,-0.5446,9.954,0.08854,0.7369,-3.5,2.2871,0.0,0.0,128.0,674.0
1058354.0,5.0,-0.1856,8.489,0.11385,0.5149,-7.5,2.2871,0.0,0.0,128.0,667.0
1058394.0,5.0,0.3298,11.686,0.12791,0.2031,-6.3,2.2871,0.0,0.0,128.0,665.0
1058434.0,5.0,1.0155,16.126,0.13211,0.0302,-2.4,2.2871,0.0,0.0,128.0,665.0
1058474.0,6.0,1.6552,16.206,0.13234,-0.0097,-1.353,2.2871,0.0,0.0,128.0,709.0
1058515.0,6.0,2.4789,19.029,0.13072,-0.0712,-1.5,2.2871,0.0,0.0,128.0,723.0
1058555.0,2.0,-2.6645,25.805,0.1263,-0.1808,-4.6,3.3034,0.0,0.0,128.0,730.0
1058595.0,2.0,-1.5754,28.617,0.1146,-0.4462,-8.2,5.2095,0.0,0.0,128.0,751.0
1058635.0,2.0,-1.0845,15.873,0.09184,-0.6922,-4.2,2.0449,0.0,0.0,128.0,732.0
1058675.0,2.0,-0.7087,10.897,0.06236,-0.7782,-0.2,1.5227,0.0,0.0,128.0,739.0
1058716.0,2.0,-0.4142,8.229,0.03139,-0.7479,1.79,1.3502,0.0,0.0,128.0,753.0
1058757.0,2.0,-0.2132,5.534,0.0027,-0.6663,2.496,1.1718,0.0,0.0,128.0,739.0
1058798.0,3.0,-0.2224,0.452,-0.02149,-0.5339,2.066,0.9767,0.0,0.0,128.0,711.0
1058838.0,3.0,0.1672,5.963,-0.04181,-0.4953,1.866,1.2108,0.0,0.0,128.0,738.0
1058878.0,3.0,0.4863,8.549,-0.05888,-0.3386,5.866,1.346,0.0,0.0,128.0,716.0
1058919.0,3.0,0.6029,3.674,-0.06671,-0.012,9.966,0.909,0.0,0.0,128.0,708.0
1058959.0,3.0,0.7194,3.084,-0.05906,0.4022,8.919,0.8123,0.0,0.0,128.0,702.0
1058999.0,2.0,0.9741,5.105,-0.03746,0.6772,4.925,0.729,0.0,0.0,128.0,731.0
1059039.0,2.0,1.33,7.984,-0.0081,0.7922,0.925,0.6585,0.0,0.0,128.0,720.0
1059079.0,2.0,1.7441,9.966,0.0228,0.7682,-0.275,0.4581,0.0,0.0,128.0,765.0
1059120.0,2.0,2.2043,10.794,0.05438,0.7998,0.025,0.1863,0.0,0.0,128.0,738.0
1059160.0,2.0,2.729,13.45,0.08501,0.7328,-2.527,0.2033,0.0,0.0,128.0,772.0
1059201.0,5.0,-2.7259,18.611,0.1116,0.5513,-6.427,0.1169,0.0,0.0,128.0,695.0
1059241.0,5.0,-2.2212,13.73,0.12758,0.2439,-6.972,0.1169,0.0,0.0,128.0,679.0
1059281.0,5.0,-1.7978,11.534,0.13286,0.047,-2.972,0.1169,0.0,0.0,128.0,653.0
1059321.0,6.0,-1.715,4.294,0.13335,-0.0042,-0.889,0.1169,0.0,0.0,128.0,716.0
1059362.0,6.0,-1.6613,1.949,0.13204,-0.0641,-1.5,0.1169,0.0,0.0,128.0,723.0
1059402.0,2.0,-1.7257,-0.747,0.12833,-0.1361,-3.0,-0.1284,0.0,0.0,128.0,738.0
1059443.0,2.0,-1.9512,-4.555,0.11929,-0.3452,-7.1,-0.2195,0.0,0.0,128.0,737.0
1059483.0,2.0,-2.4467,-11.094,0.0999,-0.6359,-5.725,-0.0033,0.0,0.0,128.0,739.0
1059524.0,2.0,-3.045,-14.51,0.07073,-0.7851,-1.642,0.3357,0.0,0.0,128.0,753.0
1059565.0,2.0,2.5955,-14.537,0.03859,-0.7999,0.0,0.4663,0.0,0.0,128.0,731.0
1059606.0,2.0,2.166,-12.426,0.00634,-0.7999,0.0,0.4112,0.0,0.0,128.0,729.0
1059646.0,2.0,1.9436,-7.965,-0.02505,-0.7999,0.0,0.0841,0.0,0.0,128.0,725.0
1059686.0,2.0,1.6904,-6.069,-0.05648,-0.7926,1.155,0.1429,0.0,0.0,128.0,746.0
1059726.0,2.0,1.6183,-2.72,-0.08573,-0.6644,5.155,0.0248,0.0,0.0,128.0,761.0
1059767.0,2.0,1.6137,-0.892,-0.10729,-0.3673,9.081,-0.0229,0.0,0.0,128.0,747.0
1059808.0,2.0,1.7963,3.386,-0.11423,0.0603,12.0,-0.1356,0.0,0.0,128.0,731.0
1059849.0,2.0,2.0801,6.348,-0.10316,0.4732,8.084,-0.225,0.0,0.0,128.0,723.0
1059889.0,2.0,2.5219,9.885,-0.07935,0.715,4.107,-0.1863,0.0,0.0,128.0,743.0
1059930.0,2.0,3.0357,12.462,-0.04834,0.7993,0.227,-0.0079,0.0,0.0,128.0,738.0
1059970.0,2.0,-2.7075,13.07,-0.01684,0.7999,0.0,0.1717,0.0,0.0,128.0,746.0
1060011.0,2.0,-1.9482,16.264,0.01496,0.7503,-3.1,1.365,0.0,0.0,128.0,764.0
1060052.0,2.0,-1.6137,10.322,0.04298,0.6361,-3.6,0.6837,0.0,0.0,128.0,738.0
1060092.0,2.0,-1.2134,10.482,0.0645,0.4551,-4.0,1.138,0.0,0.0,128.0,736.0
1060133.0,2.0,-1.2226,1.981,0.07856,0.205,-8.1,0.4383,0.0,0.0,128.0,752.0
1060174.0,2.0,-1.4527,-4.705,0.081,-0.065,-4.6,0.2368,0.0,0.0,128.0,731.0
1060214.0,2.0,-1.422,-0.312,0.07523,-0.246,-5.131,0.1543,0.0,0.0,128.0,722.0
1060255.0,2.0,-1.5693,-2.875,0.06195,-0.4078,-3.961,0.0591,0.0,0.0,128.0,751.0
1060295.0,2.0,-1.9819,-7.323,0.04196,-0.6265,-5.721,0.048,0.0,0.0,128.0,760.0
1060336.0,2.0,-2.7964,-18.199,0.01313,-0.7817,-1.821,1.1437,0.0,0.0,128.0,737.0
1060376.0,2.0,2.956,-14.964,-0.01823,-0.7999,0.0,0.4385,0.0,0.0,128.0,734.0
1060417.0,2.0,2.3516,-15.616,-0.05036,-0.7741,2.225,0.8929,0.0,0.0,128.0,766.0
1060457.0,2.0,1.942,-10.9,-0.07939,-0.71,1.848,0.3773,0.0,0.0,128.0,761.0
1060498.0,2.0,1.646,-8.153,-0.10545,-0.5482,5.948,0.3787,0.0,0.0,128.0,746.0
1060538.0,2.0,1.5094,-3.827,-0.12143,-0.2282,9.948,0.1593,0.0,0.0,128.0,747.0
1060579.0,2.0,1.3683,-3.434,-0.12169,0.2338,10.641,0.3155,0.0,0.0,128.0,725.0
1060619.0,2.0,1.4358,0.686,-0.10541,0.5778,6.652,0.145,0.0,0.0,128.0,726.0
1060659.0,2.0,1.5156,1.658,-0.0786,0.7627,2.691,0.0691,0.0,0.0,128.0,722.0
1060699.0,2.0,1.8208,5.993,-0.04751,0.7999,0.0,0.0021,0.0,0.0,128.0,731.0
1060739.0,2.0,2.0218,5.771,-0.01605,0.7999,0.0,-0.2656,0.0,0.0,128.0,740.0
1060779.0,2.0,2.6246,12.379,0.01541,0.7999,0.0,0.1127,0.0,0.0,128.0,741.0
1060820.0,2.0,2.9544,9.114,0.0477,0.7999,0.0,-0.4673,0.0,0.0,128.0,758.0
1060861.0,5.0,-2.4697,17.458,0.0798,0.7707,-2.3,0.0903,0.0,0.0,128.0,683.0
1060901.0,5.0,-1.8837,15.238,0.10744,0.5967,-6.3,0.0903,0.0,0.0,128.0,696.0
1060942.0,5.0,-1.6843,6.642,0.12517,0.2837,-7.5,0.0903,0.0,0.0,128.0,682.0
1060982.0,5.0,-1.6935,1.402,0.1317,0.0616,-3.501,0.0903,0.0,0.0,128.0,687.0
1061024.0,6.0,-1.6582,1.0,0.13241,-0.0006,-0.331,0.0903,0.0,0.0,128.0,758.0
1061064.0,6.0,-1.6414,0.994,0.13144,-0.0559,-1.5,0.0903,0.0,0.0,128.0,703.0
1061104.0,2.0,-1.8883,-2.624,0.12795,-0.1369,-3.5,-0.2097,0.0,0.0,128.0,730.0
1061144.0,2.0,-2.462,-11.814,0.11888,-0.3589,-7.5,0.0673,0.0,0.0,128.0,742.0
1061184.0,2.0,3.1155,-14.047,0.09885,-0.6479,-5.513,0.2472,0.0,0.0,128.0,731.0
1061225.0,2.0,2.4252,-16.594,0.06934,-0.7878,-1.413,1.0038,0.0,0.0,128.0,737.0
1061266.0,2.0,1.962,-11.827,0.03705,-0.7999,0.0,0.4993,0.0,0.0,128.0,737.0
1061307.0,2.0,1.5754,-10.39,0.0048,-0.7976,0.637,0.7113,0.0,0.0,128.0,759.0
1061348.0,2.0,1.333,-6.93,-0.0258,-0.6854,4.737,0.5558,0.0,0.0,128.0,737.0
1061388.0,2.0,1.0308,-7.141,-0.04811,-0.4183,7.508,0.7869,0.0,0.0,128.0,747.0
1061429.0,2.0,1.0247,-2.538,-0.05981,-0.1498,7.627,0.6069,0.0,0.0,128.0,742.0
1061470.0,2.0,1.04,0.185,-0.06038,0.1026,4.174,0.493,0.0,0.0,128.0,745.0
1061511.0,2.0,0.8836,-3.255,-0.05186,0.3393,5.8,0.7071,0.0,0.0,128.0,723.0
1061551.0,2.0,1.0692,2.823,-0.03458,0.5229,2.796,0.5501,0.0,0.0,128.0,737.0
1061591.0,2.0,1.3008,5.488,-0.01294,0.5527,-1.204,0.4443,0.0,0.0,128.0,748.0
1061631.0,2.0,1.6137,7.187,0.00694,0.4381,-2.806,0.2956,0.0,0.0,128.0,764.0
1061672.0,2.0,1.9635,7.894,0.02348,0.4092,1.294,0.0084,0.0,0.0,128.0,725.0
1061712.0,2.0,2.5894,14.551,0.04148,0.515,2.049,0.4803,0.0,0.0,128.0,738.0
1061752.0,2.0,-3.0848,15.085,0.063,0.5747,0.378,0.4385,0.0,0.0,128.0,738.0
1061792.0,2.0,-2.12,20.442,0.08486,0.5078,-3.622,2.0673,0.0,0.0,128.0,746.0
1061832.0,2.0,-1.7533,13.006,0.10118,0.2992,-6.211,0.8627,0.0,0.0,128.0,751.0
1061873.0,2.0,-1.2824,12.349,0.10796,0.0453,-5.199,1.3328,0.0,0.0,128.0,752.0
1061913.0,2.0,-1.0983,6.303,0.10478,-0.2447,-9.199,0.7412,0.0,0.0,128.0,731.0
1061953.0,2.0,-1.3023,-2.922,0.08828,-0.5818,-6.589,0.3129,0.0,0.0,128.0,725.0
1061993.0,2.0,-1.1658,2.26,0.06135,-0.7634,-2.589,0.4211,0.0,0.0,128.0,714.0
1062034.0,2.0,-1.1996,0.067,0.0294,-0.7999,0.0,0.3842,0.0,0.0,128.0,760.0
1062075.0,2.0,-1.2947,-1.692,-0.00195,-0.7248,3.824,0.3065,0.0,0.0,128.0,765.0
1062116.0,2.0,-1.5493,-4.398,-0.02719,-0.5049,5.385,0.1805,0.0,0.0,128.0,756.0
1062156.0,2.0,-2.3224,-15.665,-0.04395,-0.3591,3.165,0.8655,0.0,0.0,128.0,751.0
1062196.0,2.0,-2.7995,-14.48,-0.05663,-0.3074,0.152,0.3758,0.0,0.0,128.0,766.0
1062237.0,2.0,2.7765,-15.552,-0.06784,-0.2329,2.231,0.5932,0.0,0.0,128.0,758.0
1062277.0,2.0,2.3301,-11.631,-0.075,-0.1428,0.631,0.1384,0.0,0.0,128.0,764.0
1062318.0,2.0,2.054,-9.018,-0.08055,-0.1417,-0.576,0.0871,0.0,0.0,128.0,754.0
1062359.0,2.0,1.8715,-5.329,-0.08734,-0.196,-0.971,-0.0971,0.0,0.0,128.0,749.0
1062399.0,2.0,1.7902,-2.415,-0.09488,-0.1584,2.867,-0.1523,0.0,0.0,128.0,763.0
1062440.0,2.0,1.8515,1.056,-0.09784,0.0453,6.967,-0.2641,0.0,0.0,128.0,735.0
1062481.0,2.0,2.0433,4.015,-0.08933,0.4041,8.898,-0.3451,0.0,0.0,128.0,739.0
1062522.0,2.0,2.3132,6.526,-0.06705,0.6833,4.823,-0.4148,0.0,0.0,128.0,719.0
1062562.0,2.0,2.7151,9.404,-0.0375,0.7947,1.033,-0.3271,0.0,0.0,128.0,746.0
1062603.0,2.0,-2.933,14.791,-0.00529,0.7999,0.0,0.409,0.0,0.0,128.0,739.0
1062643.0,2.0,-2.505,11.697,0.02606,0.7879,-0.2,0.1148,0.0,0.0,128.0,756.0
1062683.0,2.0,-1.8945,13.846,0.05738,0.7859,-1.6,0.9536,0.0,0.0,128.0,750.0
1062724.0,2.0,-1.5186,9.607,0.08678,0.6564,-4.312,0.7293,0.0,0.0,128.0,743.0
1062764.0,2.0,-1.4818,2.369,0.10826,0.4019,-8.312,0.2077,0.0,0.0,128.0,759.0
1062804.0,2.0,-1.6168,-3.059,0.11719,0.0278,-10.736,0.0055,0.0,0.0,128.0,750.0
1062845.0,2.0,-1.6322,-0.799,0.10991,-0.376,-8.447,-0.0427,0.0,0.0,128.0,744.0
1062886.0,2.0,-1.8116,-3.131,0.08854,-0.6667,-5.159,-0.1364,0.0,0.0,128.0,741.0
1062927.0,2.0,-2.2059,-7.568,0.05858,-0.7927,-1.077,-0.1916,0.0,0.0,128.0,738.0
1062967.0,2.0,-2.956,-16.939,0.02711,-0.7997,-0.033,0.8211,0.0,0.0,128.0,754.0
1063007.0,2.0,2.7566,-14.257,-0.00439,-0.7999,0.0,0.3708,0.0,0.0,128.0,779.0
1063048.0,2.0,2.2335,-11.931,-0.0366,-0.7999,0.0,0.2859,0.0,0.0,128.0,733.0
1063089.0,5.0,1.919,-9.181,-0.06806,-0.7963,0.8,0.1399,0.0,0.0,128.0,677.0
1063129.0,5.0,1.7549,-5.335,-0.09851,-0.6774,4.9,0.1399,0.0,0.0,128.0,667.0
1063170.0,5.0,1.6766,-2.287,-0.12045,-0.3994,8.9,0.1399,0.0,0.0,128.0,669.0
1063210.0,5.0,1.7119,0.194,-0.13058,-0.1202,4.901,0.1399,0.0,0.0,128.0,670.0
1063250.0,5.0,1.8577,3.007,-0.1326,-0.0054,1.003,0.1399,0.0,0.0,128.0,654.0
1063290.0,6.0,2.1215,5.711,-0.13226,0.0322,1.5,0.1399,0.0,0.0,128.0,711.0
1063336.0,2.0,2.6446,10.941,-0.12937,0.1025,2.2,-0.1243,0.0,0.0,128.0,741.0
1063376.0,2.0,3.0848,8.985,-0.12236,0.2788,6.3,-0.4833,0.0,0.0,128.0,733.0
1063416.0,2.0,-2.2503,21.14,-0.10571,0.5774,6.662,2.1753,0.0,0.0,128.0,739.0
1063456.0,2.0,-1.8484,13.464,-0.07897,0.7619,2.662,0.9411,0.0,0.0,128.0,745.0
1063497.0,2.0,-1.1796,15.464,-0.04706,0.7999,0.0,1.9687,0.0,0.0,128.0,732.0
1063537.0,2.0,-0.9863,6.424,-0.01556,0.7924,-1.172,0.8259,0.0,0.0,128.0,757.0
1063578.0,2.0,-0.8145,3.998,0.0153,0.7275,-2.955,0.8101,0.0,0.0,128.0,738.0
1063618.0,2.0,-0.925,-1.47,0.04065,0.539,-4.889,0.6561,0.0,0.0,128.0,758.0
1063659.0,3.0,-0.632,4.586,0.05914,0.3689,-4.722,0.9397,0.0,0.0,128.0,720.0
1063699.0,3.0,-0.5154,3.923,0.07114,0.2603,-1.458,0.9673,0.0,0.0,128.0,730.0
1063739.0,3.0,-0.6734,-2.495,0.07924,0.12,-5.458,0.821,0.0,0.0,128.0,715.0
1063780.0,3.0,-0.5937,0.873,0.0786,-0.1899,-9.558,0.8346,0.0,0.0,128.0,715.0
1063820.0,3.0,-0.5047,1.889,0.06431,-0.5274,-7.102,0.8986,0.0,0.0,128.0,704.0
1063860.0,3.0,-0.3329,3.594,0.03908,-0.7294,-3.102,1.0267,0.0,0.0,128.0,698.0
1063900.0,3.0,-0.0644,5.937,0.00896,-0.7715,0.898,1.2207,0.0,0.0,128.0,702.0
1063940.0,3.0,0.2209,7.555,-0.01984,-0.6536,4.898,1.3364,0.0,0.0,128.0,717.0
1063980.0,3.0,0.2608,2.332,-0.04084,-0.3757,8.898,1.0006,0.0,0.0,128.0,715.0
1064021.0,3.0,0.408,3.673,-0.04931,-0.0218,10.118,1.0001,0.0,0.0,128.0,708.0
1064061.0,3.0,0.4203,0.813,-0.04193,0.3962,8.987,0.9171,0.0,0.0,128.0,701.0
1064101.0,3.0,0.4893,1.698,-0.02048,0.6742,5.011,0.9009,0.0,0.0,128.0,700.0
1064142.0,3.0,0.5538,1.685,0.00979,0.7937,1.111,0.8701,0.0,0.0,128.0,711.0
1064182.0,3.0,0.7286,3.872,0.04125,0.7999,0.0,0.8408,0.0,0.0,128.0,710.0
1064222.0,2.0,1.0354,6.604,0.07253,0.7674,-2.5,0.7973,0.0,0.0,128.0,729.0
1064262.0,2.0,1.4358,9.152,0.09983,0.5854,-6.5,0.669,0.0,0.0,128.0,738.0
1064302.0,2.0,1.896,10.529,0.11719,0.2928,-6.153,0.4291,0.0,0.0,128.0,757.0
1064342.0,2.0,2.4421,13.561,0.12386,0.0441,-5.107,0.3839,0.0,0.0,128.0,752.0
1064383.0,2.0,2.9882,13.713,0.12259,-0.1006,-3.21,0.1997,0.0,0.0,128.0,737.0
1064423.0,2.0,-2.436,20.662,0.11693,-0.1832,-2.638,1.8883,0.0,0.0,128.0,756.0
1064464.0,2.0,-2.1399,11.8,0.10627,-0.3719,-5.338,0.3974,0.0,0.0,128.0,737.0
1064505.0,2.0,-1.4696,15.572,0.08753,-0.5646,-4.238,1.7093,0.0,0.0,128.0,728.0
1064546.0,2.0,-1.3929,5.438,0.06124,-0.7403,-3.338,0.3922,0.0,0.0,128.0,738.0
1064587.0,2.0,-1.5171,-1.176,0.02974,-0.7999,-0.066,0.0745,0.0,0.0,128.0,746.0
1064627.0,2.0,-1.58,-1.635,-0.00131,-0.7695,1.433,0.0038,0.0,0.0,128.0,753.0
1064667.0,2.0,-1.6736,-1.188,-0.03004,-0.6697,3.342,-0.0297,0.0,0.0,128.0,779.0
1064708.0,2.0,-1.9343,-4.928,-0.05528,-0.6007,0.242,-0.1511,0.0,0.0,128.0,747.0
1064749.0,2.0,-2.436,-10.086,-0.07976,-0.6059,-0.359,-0.1387,0.0,0.0,128.0,733.0
1064790.0,5.0,-3.1155,-13.994,-0.10328,-0.5616,3.041,-0.1768,0.0,0.0,128.0,681.0
1064830.0,5.0,2.7151,-9.689,-0.1224,-0.3508,7.141,-0.1768,0.0,0.0,128.0,702.0
1064871.0,5.0,2.485,-5.173,-0.13099,-0.0998,4.443,-0.1768,0.0,0.0,128.0,670.0
1064911.0,5.0,2.3869,-2.723,-0.13252,-0.0016,0.561,-0.1768,0.0,0.0,128.0,679.0
1064951.0,6.0,2.3347,-1.338,-0.132,0.0417,1.5,-0.1768,0.0,0.0,128.0,717.0
1064991.0,2.0,2.4053,1.123,-0.12923,0.1062,2.4,-0.7258,0.0,0.0,128.0,811.0
1065031.0,2.0,2.5817,3.635,-0.12218,0.2842,6.4,-0.7559,0.0,0.0,128.0,731.0
1065072.0,2.0,2.8946,7.019,-0.1047,0.5901,6.475,-0.6583,0.0,0.0,128.0,744.0
1065112.0,2.0,-2.8808,10.855,-0.07755,0.7676,2.489,-0.2357,0.0,0.0,128.0,752.0
1065153.0,2.0,-2.2688,14.341,-0.0456,0.7999,0.0,0.6414,0.0,0.0,128.0,729.0
1065193.0,2.0,-1.8991,10.202,-0.01414,0.7999,0.0,0.3684,0.0,0.0,128.0,725.0
1065233.0,2.0,-1.5447,8.585,0.01721,0.7879,-1.5,0.5034,0.0,0.0,128.0,743.0
1065274.0,2.0,-1.5386,2.122,0.04661,0.6403,-5.6,0.1312,0.0,0.0,128.0,754.0
1065314.0,2.0,-1.6536,-2.423,0.06735,0.3913,-7.799,-0.0411,0.0,0.0,128.0,754.0
1065355.0,2.0,-1.7825,-2.934,0.07575,-0.0145,-11.899,-0.1734,0.0,0.0,128.0,732.0
1065396.0,2.0,-1.804,-1.454,0.06626,-0.4418,-8.464,-0.3027,0.0,0.0,128.0,751.0
1065437.0,2.0,-2.8455,-18.59,0.04279,-0.7032,-4.382,1.2611,0.0,0.0,128.0,726.0
1065478.0,2.0,2.8885,-17.686,0.01204,-0.798,-0.343,1.0278,0.0,0.0,128.0,740.0
1065519.0,2.0,2.393,-11.217,-0.01991,-0.7896,-0.99,0.0437,0.0,0.0,128.0,741.0
1065559.0,2.0,1.9405,-12.295,-0.05111,-0.7693,2.41,0.6699,0.0,0.0,128.0,760.0
1065599.0,2.0,1.6644,-7.626,-0.08021,-0.7091,2.399,0.2826,0.0,0.0,128.0,779.0
1065640.0,2.0,1.4956,-4.66,-0.10571,-0.5247,6.499,0.2335,0.0,0.0,128.0,756.0
1065681.0,2.0,1.2609,-4.868,-0.12056,-0.1721,10.599,0.4714,0.0,0.0,128.0,742.0
1065722.0,2.0,1.3146,-0.188,-0.11828,0.2914,10.082,0.2694,0.0,0.0,128.0,727.0
1065762.0,2.0,1.3668,0.975,-0.10016,0.6126,6.082,0.2243,0.0,0.0,128.0,749.0
1065803.0,2.0,1.6337,5.637,-0.07166,0.777,2.079,0.1491,0.0,0.0,128.0,738.0
1065843.0,2.0,1.9175,7.046,-0.04035,0.7999,0.0,-0.0244,0.0,0.0,128.0,752.0
1065884.0,2.0,2.2473,7.932,-0.00814,0.7999,0.0,-0.2074,0.0,0.0,128.0,742.0
1065925.0,2.0,2.8287,13.414,0.02415,0.7999,0.0,0.1701,0.0,0.0,128.0,743.0
1065965.0,2.0,-2.7903,15.583,0.05565,0.795,-0.943,0.5885,0.0,0.0,128.0,773.0
1066006.0,5.0,-2.0831,20.872,0.0858,0.7317,-2.543,0.0353,0.0,0.0,128.0,675.0
1066046.0,5.0,-1.7395,12.123,0.11224,0.5413,-6.643,0.0353,0.0,0.0,128.0,688.0
1066086.0,5.0,-1.4358,8.552,0.12765,0.2324,-6.803,0.0353,0.0,0.0,128.0,673.0
1066126.0,5.0,-1.5631,0.088,0.13264,0.0422,-2.803,0.0353,0.0,0.0,128.0,654.0
1066166.0,6.0,-1.6276,-1.448,0.13309,-0.0049,-0.954,0.0353,0.0,0.0,128.0,711.0
1066207.0,6.0,-1.5938,0.326,0.1317,-0.0651,-1.5,0.0353,0.0,0.0,128.0,709.0
1066247.0,2.0,-1.6751,-2.68,0.12791,-0.1441,-3.4,-0.1729,0.0,0.0,128.0,736.0
1066287.0,2.0,-2.505,-15.317,0.11857,-0.3621,-7.4,0.6604,0.0,0.0,128.0,728.0
1066327.0,2.0,-3.1002,-14.801,0.09844,-0.6493,-5.476,0.3845,0.0,0.0,128.0,734.0
1066368.0,2.0,2.3654,-17.042,0.06893,-0.7884,-1.395,1.0915,0.0,0.0,128.0,732.0
1066408.0,2.0,1.962,-12.782,0.03743,-0.7999,0.0,0.6942,0.0,0.0,128.0,759.0
1066449.0,2.0,1.5033,-10.906,0.00518,-0.7954,0.9,0.8331,0.0,0.0,128.0,753.0
1066489.0,2.0,1.2609,-7.518,-0.02438,-0.6774,4.9,0.6917,0.0,0.0,128.0,759.0
1066530.0,2.0,0.8866,-7.467,-0.04673,-0.4028,6.885,0.8974,0.0,0.0,128.0,744.0
1066571.0,2.0,0.8268,-3.993,-0.0585,-0.1856,5.585,0.8137,0.0,0.0,128.0,742.0
1066611.0,2.0,0.8299,-0.513,-0.06116,0.0468,5.476,0.6591,0.0,0.0,128.0,724.0
1066652.0,2.0,0.4817,-7.624,-0.05456,0.2699,3.761,1.2645,0.0,0.0,128.0,718.0
1066692.0,3.0,0.6366,1.581,-0.04155,0.4083,4.95,0.8199,0.0,0.0,128.0,697.0
1066732.0,3.0,0.6857,1.75,-0.02077,0.6545,5.392,0.7933,0.0,0.0,128.0,708.0
1066773.0,3.0,0.4893,-4.364,0.009,0.7901,1.317,1.0101,0.0,0.0,128.0,729.0
1066813.0,3.0,0.7087,3.809,0.0405,0.7999,0.0,0.8509,0.0,0.0,128.0,708.0
1066853.0,2.0,0.9219,4.88,0.07178,0.7648,-2.6,0.7473,0.0,0.0,128.0,752.0
1066894.0,2.0,1.2548,7.407,0.09945,0.5721,-6.7,0.658,0.0,0.0,128.0,754.0
1066934.0,2.0,1.6137,9.215,0.11588,0.2353,-8.5,0.4496,0.0,0.0,128.0,761.0
1066975.0,2.0,2.2672,14.168,0.11955,-0.0462,-6.487,0.6253,0.0,0.0,128.0,744.0
1067015.0,2.0,2.798,13.146,0.1137,-0.2314,-2.689,0.158,0.0,0.0,128.0,745.0
1067056.0,2.0,-2.959,12.658,0.10241,-0.3143,-0.488,0.0284,0.0,0.0,128.0,751.0
1067097.0,2.0,-1.9727,20.912,0.08858,-0.4029,-4.154,2.4105,0.0,0.0,128.0,735.0
1067138.0,2.0,-1.5892,12.152,0.06851,-0.5839,-3.054,0.8573,0.0,0.0,128.0,730.0
1067179.0,2.0,-1.4021,6.539,0.04286,-0.681,-2.846,0.5099,0.0,0.0,128.0,732.0
1067220.0,2.0,-1.2885,3.375,0.01275,-0.7928,-1.146,0.4314,0.0,0.0,128.0,729.0
1067260.0,2.0,-1.4143,-2.157,-0.0183,-0.7586,2.799,0.1923,0.0,0.0,128.0,753.0
1067300.0,2.0,-1.4389,-1.106,-0.04504,-0.569,5.761,0.111,0.0,0.0,128.0,755.0
1067341.0,2.0,-1.4511,-0.279,-0.06379,-0.3496,6.025,0.0829,0.0,0.0,128.0,736.0
1067381.0,2.0,-2.0755,-11.317,-0.07327,-0.1476,3.226,0.3716,0.0,0.0,128.0,752.0
1067421.0,2.0,-2.6983,-14.882,-0.07766,-0.096,0.482,0.5474,0.0,0.0,128.0,778.0
1067462.0,2.0,-3.1232,-14.352,-0.08063,-0.0449,1.583,0.3028,0.0,0.0,128.0,759.0
1067503.0,2.0,2.5725,-15.7,-0.08224,-0.0498,-0.057,0.7332,0.0,0.0,128.0,751.0
1067544.0,2.0,2.2918,-9.881,-0.08426,-0.0654,-1.237,-0.0133,0.0,0.0,128.0,724.0
1067585.0,2.0,2.0356,-5.839,-0.08749,-0.0912,-1.434,-0.216,0.0,0.0,128.0,728.0
1067626.0,2.0,1.8883,-3.871,-0.09274,-0.1668,-1.034,-0.2143,0.0,0.0,128.0,745.0
1067666.0,2.0,1.8546,-1.637,-0.09926,-0.1374,2.63,-0.2474,0.0,0.0,128.0,757.0
1067707.0,2.0,1.9589,1.901,-0.10155,0.0565,6.73,-0.3423,0.0,0.0,128.0,731.0
1067748.0,2.0,2.2396,5.799,-0.09278,0.4077,8.857,-0.3992,0.0,0.0,128.0,729.0
1067788.0,2.0,2.5663,8.323,-0.07102,0.6805,4.879,-0.4101,0.0,0.0,128.0,744.0
1067828.0,2.0,3.1217,13.399,-0.04155,0.794,1.079,0.1362,0.0,0.0,128.0,745.0
1067869.0,2.0,-2.5909,14.287,-0.0093,0.7999,0.0,0.4457,0.0,0.0,128.0,725.0
1067909.0,2.0,-2.0693,12.688,0.0216,0.756,-0.999,0.589,0.0,0.0,128.0,757.0
1067950.0,2.0,-1.6199,11.448,0.05141,0.7019,-3.099,0.8675,0.0,0.0,128.0,745.0
1067991.0,2.0,-1.2901,9.541,0.07613,0.4978,-6.199,0.9272,0.0,0.0,128.0,758.0
1068032.0,2.0,-1.4542,-2.298,0.09015,0.1685,-8.299,0.1884,0.0,0.0,128.0,737.0
1068073.0,2.0,-1.5524,-2.684,0.09098,-0.1417,-7.622,0.028,0.0,0.0,128.0,729.0
1068113.0,2.0,-1.649,-2.123,0.08025,-0.4059,-6.905,-0.0313,0.0,0.0,128.0,744.0
1068154.0,2.0,-1.9758,-7.948,0.0582,-0.6784,-4.928,-0.0065,0.0,0.0,128.0,727.0
1068195.0,2.0,-2.6277,-14.915,0.02794,-0.7949,-0.845,0.599,0.0,0.0,128.0,753.0
1068236.0,2.0,3.0726,-14.867,-0.00398,-0.7784,-0.145,0.3996,0.0,0.0,128.0,731.0
1068276.0,2.0,2.5127,-13.454,-0.03472,-0.7861,-0.954,0.3421,0.0,0.0,128.0,747.0
1068317.0,5.0,2.1568,-9.212,-0.06638,-0.7834,0.429,-0.032,0.0,0.0,128.0,681.0
1068357.0,5.0,1.7902,-9.561,-0.09593,-0.6842,4.429,-0.032,0.0,0.0,128.0,668.0
1068397.0,5.0,1.6521,-4.881,-0.11846,-0.425,8.429,-0.032,0.0,0.0,128.0,675.0
1068437.0,5.0,1.5831,-2.684,-0.12923,-0.1391,5.229,-0.032,0.0,0.0,128.0,683.0
1068478.0,5.0,1.6736,1.194,-0.13174,-0.0086,1.233,-0.032,0.0,0.0,128.0,660.0
1068518.0,6.0,1.7856,2.488,-0.13151,0.0289,1.5,-0.032,0.0,0.0,128.0,702.0
1068558.0,2.0,2.1967,8.56,-0.12919,0.0944,2.5,-0.1219,0.0,0.0,128.0,738.0
1068599.0,2.0,2.6814,11.235,-0.12229,0.283,6.6,-0.0959,0.0,0.0,128.0,740.0
1068640.0,2.0,-2.9928,14.248,-0.10478,0.5921,6.439,0.2857,0.0,0.0,128.0,740.0
1068681.0,2.0,-2.1077,18.837,-0.0768,0.7705,2.35,1.7079,0.0,0.0,128.0,743.0
1068721.0,2.0,-1.6521,12.519,-0.0456,0.7999,0.0,0.8781,0.0,0.0,128.0,749.0
1068762.0,2.0,-1.0446,14.202,-0.01331,0.7999,0.0,1.8474,0.0,0.0,128.0,730.0
1068802.0,2.0,-0.8283,7.543,0.01785,0.7598,-2.594,1.0449,0.0,0.0,128.0,758.0
1068845.0,3.0,-0.7762,2.708,0.04658,0.5975,-5.843,0.7599,0.0,0.0,128.0,771.0
1068885.0,2.0,-0.698,1.854,0.0657,0.3576,-5.543,0.7384,0.0,0.0,128.0,745.0
1068926.0,3.0,-0.382,7.103,0.07609,0.1774,-2.443,1.248,0.0,0.0,128.0,737.0
1068966.0,3.0,-0.201,5.31,0.08228,0.1617,1.557,1.1587,0.0,0.0,128.0,717.0
1069006.0,3.0,-0.316,-0.73,0.09045,0.246,0.757,0.9539,0.0,0.0,128.0,704.0
1069046.0,3.0,-0.2915,-0.241,0.09967,0.1942,-3.243,0.9582,0.0,0.0,128.0,715.0
1069087.0,3.0,-0.1519,2.639,0.1053,0.1077,-0.163,1.0323,0.0,0.0,128.0,735.0
1069127.0,3.0,-0.0982,1.71,0.11025,0.1522,1.533,1.0137,0.0,0.0,128.0,697.0
1069167.0,5.0,-0.0061,1.997,0.11813,0.2449,1.133,1.0619,0.0,0.0,128.0,673.0
1069208.0,5.0,0.1243,2.649,0.1278,0.2053,-2.967,1.0619,0.0,0.0,128.0,686.0
1069248.0,5.0,0.3666,5.784,0.13283,0.0466,-2.967,1.0619,0.0,0.0,128.0,660.0
1069288.0,6.0,0.675,7.329,0.13335,-0.0041,-0.88,1.0619,0.0,0.0,128.0,703.0
1069329.0,6.0,1.149,10.703,0.13204,-0.064,-1.5,1.0619,0.0,0.0,128.0,708.0
1069369.0,2.0,1.5616,11.192,0.12829,-0.136,-3.0,0.7427,0.0,0.0,128.0,742.0
1069409.0,2.0,2.2273,15.047,0.11963,-0.338,-7.0,0.8136,0.0,0.0,128.0,745.0
1069450.0,2.0,2.8241,14.759,0.10121,-0.5542,-3.277,0.4324,0.0,0.0,128.0,730.0
1069491.0,2.0,-2.7013,15.065,0.07582,-0.7033,-2.509,0.4841,0.0,0.0,128.0,723.0
1069531.0,2.0,-1.8577,22.195,0.04601,-0.796,-0.709,2.8915,0.0,0.0,128.0,736.0
1069572.0,2.0,-1.626,11.568,0.01384,-0.7834,1.4,0.9773,0.0,0.0,128.0,744.0
1069612.0,2.0,-1.2655,8.575,-0.01691,-0.7854,0.4,0.8041,0.0,0.0,128.0,744.0
1069653.0,2.0,-1.2011,3.637,-0.04841,-0.7656,1.413,0.4701,0.0,0.0,128.0,757.0
1069693.0,2.0,-1.2011,0.481,-0.07676,-0.6519,4.527,0.3797,0.0,0.0,128.0,768.0
1069734.0,2.0,-1.2333,-0.678,-0.09825,-0.3802,8.627,0.3518,0.0,0.0,128.0,755.0
1069775.0,2.0,-1.3499,-3.596,-0.1056,0.0561,11.768,0.2176,0.0,0.0,128.0,738.0
1069815.0,2.0,-1.8224,-8.222,-0.09529,0.4579,8.255,0.2686,0.0,0.0,128.0,754.0
1069856.0,2.0,-2.2365,-9.06,-0.07129,0.7103,4.155,-0.0704,0.0,0.0,128.0,721.0
1069896.0,2.0,-2.9268,-16.53,-0.04118,0.7945,0.171,0.7411,0.0,0.0,128.0,751.0
1069936.0,2.0,2.8041,-14.302,-0.01084,0.7194,-3.829,0.3522,0.0,0.0,128.0,761.0
1069977.0,2.0,2.3639,-11.582,0.01399,0.4763,-7.929,0.158,0.0,0.0,128.0,766.0
1070018.0,2.0,1.9512,-9.713,0.02651,0.1294,-8.563,0.2295,0.0,0.0,128.0,753.0
1070059.0,2.0,1.6276,-8.346,0.02569,-0.153,-5.044,0.402,0.0,0.0,128.0,730.0
1070099.0,2.0,1.422,-5.862,0.01684,-0.2728,-1.044,0.3898,0.0,0.0,128.0,749.0
1070140.0,2.0,1.399,-1.976,0.00611,-0.2297,2.913,0.2369,0.0,0.0,128.0,734.0
1070181.0,2.0,1.2916,-2.843,-0.00169,-0.1552,2.768,0.3431,0.0,0.0,128.0,757.0
1070222.0,2.0,1.5125,3.834,-0.00577,-0.0671,0.292,0.166,0.0,0.0,128.0,745.0
1070262.0,2.0,1.7334,5.584,-0.00806,-0.0268,2.844,0.0241,0.0,0.0,128.0,738.0
1070303.0,2.0,2.1491,8.882,-0.00577,0.176,6.944,-0.0052,0.0,0.0,128.0,743.0
1070343.0,2.0,2.6216,12.236,0.00638,0.4343,6.062,0.0588,0.0,0.0,128.0,742.0
1070383.0,2.0,-2.8149,18.515,0.02809,0.6562,3.759,1.2015,0.0,0.0,128.0,709.0
1070423.0,2.0,-2.0908,20.712,0.0558,0.7246,-0.241,2.3064,0.0,0.0,128.0,764.0
1070464.0,2.0,-1.4343,17.231,0.08385,0.6628,-0.741,2.1483,0.0,0.0,128.0,750.0
1070505.0,5.0,-0.9373,12.028,0.10841,0.5511,-4.841,2.0425,0.0,0.0,128.0,687.0
1070545.0,5.0,-0.7194,7.079,0.12574,0.2763,-7.429,2.0425,0.0,0.0,128.0,661.0
1070585.0,5.0,-0.8406,0.578,0.132,0.0611,-3.429,2.0425,0.0,0.0,128.0,667.0
1070626.0,6.0,-0.4142,6.585,0.13275,-0.0007,-0.358,2.0425,0.0,0.0,128.0,773.0
1070666.0,6.0,-0.112,7.734,0.1317,-0.0562,-1.5,2.0425,0.0,0.0,128.0,696.0
1070706.0,2.0,-0.0476,2.759,0.12829,-0.1315,-3.2,1.0478,0.0,0.0,128.0,730.0
1070747.0,2.0,0.2071,4.983,0.11929,-0.3488,-7.3,1.1455,0.0,0.0,128.0,723.0
1070787.0,2.0,0.7808,12.746,0.10076,-0.5699,-3.579,1.7393,0.0,0.0,128.0,729.0
1070827.0,2.0,1.2701,12.442,0.07646,-0.6591,-2.749,1.257,0.0,0.0,128.0,737.0
1070868.0,2.0,1.827,13.258,0.04751,-0.7775,-2.069,0.8223,0.0,0.0,128.0,738.0
1070909.0,2.0,2.5311,17.096,0.01556,-0.789,0.054,0.9965,0.0,0.0,128.0,774.0
1070950.0,2.0,-2.7044,20.686,-0.01586,-0.7701,0.57,1.7504,0.0,0.0,128.0,739.0
1070991.0,2.0,-1.7779,25.058,-0.04748,-0.7997,-0.13,3.8694,0.0,0.0,128.0,738.0
1071031.0,2.0,-1.1367,15.745,-0.07823,-0.7332,3.6,1.9946,0.0,0.0,128.0,765.0
1071072.0,2.0,-0.7532,10.518,-0.10373,-0.4995,7.7,1.4535,0.0,0.0,128.0,758.0
1071113.0,2.0,-0.5676,5.572,-0.11663,-0.1084,10.009,1.0553,0.0,0.0,128.0,739.0
1071153.0,3.0,-0.5047,2.146,-0.11389,0.2425,7.226,0.9044,0.0,0.0,128.0,715.0
1071194.0,3.0,-0.8007,-5.942,-0.09941,0.4526,3.126,0.9193,0.0,0.0,128.0,688.0
1071234.0,2.0,-0.8023,-2.065,-0.07856,0.6344,5.755,0.6889,0.0,0.0,128.0,724.0
1071275.0,2.0,-0.8406,-0.675,-0.04943,0.7848,1.741,0.6875,0.0,0.0,128.0,734.0
1071316.0,2.0,-1.0477,-3.938,-0.01725,0.7999,0.0,0.6293,0.0,0.0,128.0,724.0
1071356.0,2.0,-1.7487,-14.361,0.01399,0.7715,-1.594,1.1345,0.0,0.0,128.0,772.0
1071396.0,2.0,-2.4375,-16.791,0.04208,0.6277,-4.974,1.0661,0.0,0.0,128.0,762.0
1071437.0,2.0,2.933,-21.593,0.06454,0.5099,-0.874,1.9774,0.0,0.0,128.0,746.0
1071477.0,2.0,2.1706,-19.213,0.08486,0.5308,-0.004,1.7955,0.0,0.0,128.0,757.0
1071518.0,2.0,1.646,-14.362,0.10515,0.4445,-4.104,1.2527,0.0,0.0,128.0,768.0
1071559.0,2.0,1.2333,-10.814,0.11869,0.1902,-8.204,1.1075,0.0,0.0,128.0,746.0
1071600.0,2.0,0.9296,-7.86,0.11888,-0.1958,-9.177,1.0051,0.0,0.0,128.0,722.0
1071641.0,2.0,0.7839,-4.415,0.10444,-0.5086,-6.1,0.8436,0.0,0.0,128.0,742.0
1071682.0,3.0,0.6627,-2.78,0.07969,-0.7125,-3.556,0.8372,0.0,0.0,128.0,730.0
1071723.0,2.0,0.9327,4.373,0.04995,-0.7748,-0.356,0.7725,0.0,0.0,128.0,737.0
1071763.0,2.0,1.2563,7.955,0.01789,-0.7999,0.0,0.7117,0.0,0.0,128.0,745.0
1071803.0,2.0,1.6183,9.197,-0.01358,-0.7921,1.197,0.4701,0.0,0.0,128.0,743.0
1071843.0,2.0,2.1506,12.454,-0.04286,-0.6622,5.197,0.4648,0.0,0.0,128.0,760.0
1071883.0,2.0,2.7213,13.115,-0.06394,-0.3724,9.197,0.1945,0.0,0.0,128.0,770.0
1071924.0,2.0,-2.594,23.329,-0.07147,-0.0072,7.307,2.5964,0.0,0.0,128.0,730.0
1071965.0,2.0,-1.4634,27.467,-0.06705,0.2118,4.607,4.9626,0.0,0.0,128.0,736.0
1072006.0,2.0,-0.8759,17.841,-0.0537,0.4849,7.938,2.7119,0.0,0.0,128.0,719.0
1072046.0,2.0,-0.4571,11.689,-0.02955,0.7209,3.97,1.7798,0.0,0.0,128.0,733.0
1072087.0,2.0,-0.1411,8.388,0.00165,0.7996,0.27,1.4372,0.0,0.0,128.0,723.0
1072127.0,2.0,0.2454,9.097,0.03315,0.7983,-0.282,1.4959,0.0,0.0,128.0,744.0
1072167.0,2.0,0.6121,9.411,0.06413,0.7551,-2.647,1.358,0.0,0.0,128.0,750.0
1072208.0,2.0,1.2502,13.532,0.09161,0.5932,-4.665,1.4825,0.0,0.0,128.0,745.0
1072248.0,2.0,1.9037,15.955,0.11051,0.3336,-8.431,1.3136,0.0,0.0,128.0,753.0
1072289.0,2.0,2.5403,15.719,0.11644,-0.0476,-8.131,0.7499,0.0,0.0,128.0,729.0
1072330.0,2.0,-2.89,20.036,0.10748,-0.4156,-8.768,1.5716,0.0,0.0,128.0,730.0
1072371.0,2.0,-2.0402,21.519,0.08475,-0.6894,-4.69,2.4429,0.0,0.0,128.0,744.0
1072412.0,2.0,-1.7104,12.382,0.05423,-0.7966,-0.805,0.9719,0.0,0.0,128.0,715.0
1072452.0,2.0,-1.445,6.834,0.02291,-0.7962,-0.861,0.4045,0.0,0.0,128.0,734.0
1072493.0,2.0,-1.2747,4.951,-0.00938,-0.7999,0.0,0.438,0.0,0.0,128.0,722.0
1072533.0,2.0,-1.3315,-0.038,-0.0408,-0.7803,1.931,0.2301,0.0,0.0,128.0,764.0
1072574.0,2.0,-1.3883,-0.874,-0.0696,-0.615,6.031,0.1811,0.0,0.0,128.0,744.0
1072614.0,2.0,-1.58,-5.549,-0.08824,-0.305,7.831,0.1292,0.0,0.0,128.0,755.0
1072655.0,2.0,-1.738,-3.561,-0.09458,-0.0195,5.229,-0.0418,0.0,0.0,128.0,744.0
1072696.0,2.0,-2.5004,-16.31,-0.09191,0.1594,5.529,0.8245,0.0,0.0,128.0,737.0
1072736.0,2.0,-2.7566,-8.373,-0.08246,0.2986,1.529,-0.5058,0.0,0.0,128.0,744.0
1072776.0,2.0,2.7964,-16.479,-0.07057,0.2888,-0.471,0.7757,0.0,0.0,128.0,758.0
1072817.0,2.0,2.462,-11.928,-0.05925,0.2689,-0.783,0.179,0.0,0.0,128.0,744.0
1072857.0,2.0,2.1537,-9.186,-0.05029,0.1564,-4.344,-0.0056,0.0,0.0,128.0,766.0
1072898.0,2.0,2.0233,-5.204,-0.04815,-0.0588,-5.679,-0.2197,0.0,0.0,128.0,742.0
1072939.0,2.0,1.8837,-3.146,-0.05475,-0.256,-3.237,-0.2339,0.0,0.0,128.0,737.0
1072979.0,2.0,1.919,0.178,-0.06626,-0.306,0.691,-0.3189,0.0,0.0,128.0,756.0
1073020.0,2.0,2.0402,2.603,-0.07695,-0.1915,4.791,-0.3982,0.0,0.0,128.0,732.0
1073061.0,2.0,2.3209,6.06,-0.07973,0.091,8.891,-0.4418,0.0,0.0,128.0,735.0
1073101.0,2.0,2.7259,9.16,-0.06877,0.4694,8.131,-0.3749,0.0,0.0,128.0,736.0
1073142.0,2.0,-3.1232,11.21,-0.04444,0.7169,4.037,-0.2051,0.0,0.0,128.0,750.0
1073182.0,2.0,-2.0617,22.943,-0.01418,0.797,0.069,2.8322,0.0,0.0,128.0,737.0
1073222.0,2.0,-1.7902,10.82,0.01624,0.722,-2.731,0.6296,0.0,0.0,128.0,743.0
1073263.0,2.0,-1.3606,9.345,0.04346,0.6031,-4.631,0.8041,0.0,0.0,128.0,752.0
1073304.0,2.0,-1.0324,8.565,0.06319,0.3642,-5.646,1.0141,0.0,0.0,128.0,745.0
1073345.0,2.0,-1.1382,0.16,0.07226,0.0561,-7.899,0.4586,0.0,0.0,128.0,736.0
1073386.0,2.0,-1.04,1.819,0.06934,-0.1888,-5.399,0.4792,0.0,0.0,128.0,740.0
1073427.0,2.0,-0.9925,1.833,0.05644,-0.4638,-6.448,0.5861,0.0,0.0,128.0,741.0
1073468.0,2.0,-1.1229,-2.176,0.03371,-0.6425,-2.358,0.4818,0.0,0.0,128.0,701.0
1073508.0,2.0,-1.3867,-5.88,0.00765,-0.6549,1.642,0.3799,0.0,0.0,128.0,746.0
1073548.0,2.0,-1.4266,-1.265,-0.0159,-0.5202,3.98,0.1783,0.0,0.0,128.0,737.0
1073588.0,2.0,-1.7687,-6.036,-0.03326,-0.3742,2.101,0.0774,0.0,0.0,128.0,751.0
1073629.0,2.0,-2.6154,-17.613,-0.04729,-0.3092,3.001,1.079,0.0,0.0,128.0,764.0
1073670.0,2.0,3.0818,-14.809,-0.05644,-0.138,3.304,0.3947,0.0,0.0,128.0,767.0
1073711.0,2.0,2.574,-12.577,-0.06049,-0.0886,-0.796,0.1436,0.0,0.0,128.0,746.0
1073751.0,2.0,2.1905,-10.624,-0.06386,-0.0609,1.307,0.2143,0.0,0.0,128.0,746.0
1073792.0,2.0,1.9727,-5.852,-0.06638,-0.0935,-2.793,-0.1673,0.0,0.0,128.0,723.0
1073832.0,2.0,1.8193,-4.332,-0.0723,-0.1971,-1.348,-0.111,0.0,0.0,128.0,738.0
1073872.0,2.0,1.7702,-1.793,-0.08006,-0.1701,2.623,-0.1606,0.0,0.0,128.0,753.0
1073913.0,2.0,1.9129,2.365,-0.0837,0.0235,6.723,-0.2789,0.0,0.0,128.0,737.0
1073953.0,2.0,2.2151,6.523,-0.07661,0.3684,9.291,-0.3129,0.0,0.0,128.0,742.0
1073994.0,2.0,2.6154,8.92,-0.05543,0.6637,5.219,-0.3451,0.0,0.0,128.0,753.0
1074035.0,2.0,3.094,11.77,-0.02558,0.7924,1.212,-0.1198,0.0,0.0,128.0,745.0
1074075.0,2.0,-2.2918,20.576,0.00577,0.7809,-1.9,2.0054,0.0,0.0,128.0,757.0
1074115.0,2.0,-2.0632,9.443,0.03409,0.6439,-3.1,0.1338,0.0,0.0,128.0,752.0
1074156.0,2.0,-1.6674,8.699,0.0582,0.5381,-3.922,0.4388,0.0,0.0,128.0,752.0
1074197.0,2.0,-1.307,9.167,0.07575,0.305,-6.718,0.8715,0.0,0.0,128.0,765.0
1074238.0,2.0,-1.4557,-1.479,0.08153,-0.0465,-8.907,0.1955,0.0,0.0,128.0,720.0
1074278.0,2.0,-1.5923,-4.048,0.07388,-0.3414,-7.246,0.0501,0.0,0.0,128.0,741.0
1074319.0,2.0,-1.6644,-2.318,0.05535,-0.5675,-5.367,-0.0524,0.0,0.0,128.0,731.0
1074359.0,2.0,-1.7948,-4.56,0.02955,-0.7357,-3.582,-0.1116,0.0,0.0,128.0,752.0
1074400.0,2.0,-2.6538,-16.01,-0.00184,-0.7988,-0.346,0.7279,0.0,0.0,128.0,725.0
1074440.0,2.0,3.0112,-15.759,-0.03338,-0.7989,0.4,0.5783,0.0,0.0,128.0,761.0
1074480.0,2.0,2.4943,-13.445,-0.06465,-0.797,0.437,0.3294,0.0,0.0,128.0,757.0
1074521.0,5.0,2.2427,-8.11,-0.09551,-0.702,4.137,0.1028,0.0,0.0,128.0,694.0
1074561.0,5.0,1.8561,-9.19,-0.11895,-0.4545,8.137,0.1028,0.0,0.0,128.0,681.0
1074602.0,5.0,1.8546,-2.334,-0.13091,-0.1535,5.538,0.1028,0.0,0.0,128.0,686.0
1074642.0,5.0,1.8055,-1.148,-0.13376,-0.0136,1.644,0.1028,0.0,0.0,128.0,660.0
1074682.0,6.0,1.9297,2.092,-0.13365,0.0235,1.5,0.1028,0.0,0.0,128.0,711.0
1074723.0,6.0,2.1476,4.879,-0.13148,0.085,1.5,0.1028,0.0,0.0,128.0,715.0
1074763.0,2.0,2.5756,9.374,-0.12675,0.1775,4.0,-0.2875,0.0,0.0,128.0,729.0
1074804.0,2.0,3.1017,13.185,-0.11524,0.4276,8.1,0.0987,0.0,0.0,128.0,748.0
1074845.0,2.0,-2.5495,15.254,-0.09217,0.6956,4.556,0.6371,0.0,0.0,128.0,738.0
1074885.0,2.0,-1.7856,22.004,-0.06233,0.7965,0.576,2.9699,0.0,0.0,128.0,735.0
1074926.0,2.0,-1.3913,11.891,-0.03019,0.7999,0.0,1.0777,0.0,0.0,128.0,725.0
1074966.0,2.0,-0.9265,11.156,0.00128,0.7999,0.0,1.4092,0.0,0.0,128.0,740.0
1075007.0,2.0,-0.8222,3.932,0.03322,0.7598,-2.78,0.7924,0.0,0.0,128.0,743.0
1075048.0,2.0,-1.0477,-2.969,0.06064,0.5773,-4.33,0.6238,0.0,0.0,128.0,743.0
1075088.0,2.0,-0.8468,2.13,0.08059,0.4206,-5.232,0.6576,0.0,0.0,128.0,761.0
1075129.0,2.0,-0.8145,1.555,0.09221,0.12,-9.332,0.7164,0.0,0.0,128.0,730.0
1075170.0,2.0,-1.0247,-4.207,0.09037,-0.1925,-5.627,0.6218,0.0,0.0,128.0,730.0
1075211.0,2.0,-0.902,1.534,0.07894,-0.3833,-5.727,0.6267,0.0,0.0,128.0,730.0
1075251.0,2.0,-1.0692,-2.657,0.05906,-0.6195,-4.352,0.5471,0.0,0.0,128.0,713.0
1075291.0,2.0,-1.2855,-4.899,0.03236,-0.7116,-0.352,0.423,0.0,0.0,128.0,714.0
1075331.0,2.0,-1.2517,-0.494,0.0051,-0.646,2.778,0.2784,0.0,0.0,128.0,753.0
1075372.0,2.0,-1.6536,-6.858,-0.01883,-0.5239,3.034,0.2408,0.0,0.0,128.0,758.0
1075413.0,2.0,-2.4053,-15.329,-0.03825,-0.4346,2.192,0.7267,0.0,0.0,128.0,749.0
1075454.0,0.0,-2.9406,-13.764,-0.04646,0.0,0.0,1.1633,0.0,0.0,128.0,563.0
1075494.0,0.0,2.5341,-17.03,-0.04646,0.0,0.0,1.1633,0.0,0.0,128.0,549.0
1075534.0,0.0,2.3363,-9.665,-0.04646,0.0,0.0,1.1633,0.0,0.0,128.0,543.0
1075574.0,0.0,2.1368,-5.093,-0.04646,0.0,0.0,1.1633,0.0,0.0,128.0,556.0
1075615.0,0.0,1.9742,-4.396,-0.04646,0.0,0.0,1.1633,0.0,0.0,128.0,556.0
1075655.0,0.0,1.9359,-1.666,-0.04646,0.0,0.0,1.1633,0.0,0.0,128.0,556.0
1075695.0,0.0,2.0356,1.585,-0.04646,0.0,0.0,1.1633,0.0,0.0,128.0,556.0
1075735.0,0.0,2.2457,4.499,-0.04646,0.0,0.0,1.1633,0.0,0.0,128.0,556.0
1075776.0,0.0,2.3991,3.592,-0.04646,0.0,0.0,1.1633,0.0,0.0,128.0,557.0
1075816.0,0.0,2.9897,12.038,-0.04646,0.0,0.0,1.1633,0.0,0.0,128.0,558.0
1075856.0,0.0,-2.8777,11.899,-0.04646,0.0,0.0,1.1633,0.0,0.0,128.0,557.0
1075896.0,0.0,-2.2488,14.465,-0.04646,0.0,0.0,1.1633,0.0,0.0,128.0,557.0
1075937.0,0.0,-2.054,9.474,-0.04646,0.0,0.0,1.1633,0.0,0.0,128.0,557.0
1075977.0,0.0,-1.7564,7.913,-0.04646,0.0,0.0,1.1633,0.0,0.0,128.0,556.0
1076017.0,0.0,-1.7549,1.888,-0.04646,0.0,0.0,1.1633,0.0,0.0,128.0,556.0
1076058.0,0.0,-1.7165,0.513,-0.04646,0.0,0.0,1.1633,0.0,0.0,128.0,557.0
1076098.0,0.0,-1.965,-4.375,-0.04646,0.0,0.0,1.1633,0.0,0.0,128.0,570.0
1076138.0,0.0,-2.12,-4.037,-0.04646,0.0,0.0,1.1633,0.0,0.0,128.0,550.0
1076179.0,0.0,-2.6952,-11.854,-0.04646,0.0,0.0,1.1633,0.0,0.0,128.0,557.0
1076219.0,0.0,-3.1063,-10.019,-0.04646,0.0,0.0,1.1633,0.0,0.0,128.0,571.0
1076259.0,0.0,2.7197,-11.14,-0.04646,0.0,0.0,1.1633,0.0,0.0,128.0,563.0
1076300.0,0.0,2.4176,-7.51,-0.04646,0.0,0.0,1.1633,0.0,0.0,128.0,556.0
1076340.0,0.0,2.1629,-6.401,-0.04646,0.0,0.0,1.1633,0.0,0.0,128.0,571.0
1076380.0,0.0,2.0877,-3.3,-0.04646,0.0,0.0,1.1633,0.0,0.0,128.0,550.0
1076421.0,0.0,2.0831,-0.625,-0.04646,0.0,0.0,1.1633,0.0,0.0,128.0,550.0
1076461.0,0.0,2.1706,1.616,-0.04646,0.0,0.0,1.1633,0.0,0.0,128.0,556.0
1076501.0,0.0,2.3639,4.161,-0.04646,0.0,0.0,1.1633,0.0,0.0,128.0,557.0
1076541.0,0.0,2.6338,6.279,-0.04646,0.0,0.0,1.1633,0.0,0.0,128.0,571.0
1076581.0,0.0,3.0403,9.942,-0.04646,0.0,0.0,1.1633,0.0,0.0,128.0,557.0
1076622.0,0.0,-2.778,11.909,-0.04646,0.0,0.0,1.1633,0.0,0.0,128.0,556.0
1076662.0,0.0,-2.3991,10.982,-0.04646,0.0,0.0,1.1633,0.0,0.0,128.0,557.0
1076702.0,0.0,-2.189,5.861,-0.04646,0.0,0.0,1.1633,0.0,0.0,128.0,549.0
1076742.0,0.0,-1.781,10.457,-0.04646,0.0,0.0,1.1633,0.0,0.0,128.0,556.0
1076783.0,0.0,-1.8684,0.227,-0.04646,0.0,0.0,1.1633,0.0,0.0,128.0,556.0
1076823.0,0.0,-1.9006,-0.027,-0.04646,0.0,0.0,1.1633,0.0,0.0,128.0,556.0
1076863.0,0.0,-2.1598,-5.588,-0.04646,0.0,0.0,1.1633,0.0,0.0,128.0,556.0
1076903.0,0.0,-2.3639,-4.938,-0.04646,0.0,0.0,1.1633,0.0,0.0,128.0,550.0
1076944.0,0.0,-2.8593,-11.161,-0.04646,0.0,0.0,1.1633,0.0,0.0,128.0,551.0
1076984.0,0.0,3.0756,-9.161,-0.04646,0.0,0.0,1.1633,0.0,0.0,128.0,558.0
1077024.0,0.0,2.6645,-9.994,-0.04646,0.0,0.0,1.1633,0.0,0.0,128.0,557.0
1077064.0,0.0,2.4344,-6.03,-0.04646,0.0,0.0,1.1633,0.0,0.0,128.0,556.0
1077105.0,0.0,2.2151,-5.748,-0.04646,0.0,0.0,1.1633,0.0,0.0,128.0,556.0
1077145.0,0.0,2.2197,-1.438,-0.04646,0.0,0.0,1.1633,0.0,0.0,128.0,558.0
1077185.0,0.0,2.2381,0.225,-0.04646,0.0,0.0,1.1633,0.0,0.0,128.0,552.0
1077225.0,0.0,2.3531,2.308,-0.04646,0.0,0.0,1.1633,0.0,0.0,128.0,571.0
1077265.0,0.0,2.5587,4.605,-0.04646,0.0,0.0,1.1633,0.0,0.0,128.0,549.0
1077305.0,0.0,2.7213,3.383,-0.04646,0.0,0.0,1.1633,0.0,0.0,128.0,556.0
1077346.0,0.0,-3.0204,11.12,-0.04646,0.0,0.0,1.1633,0.0,0.0,128.0,556.0
1077386.0,0.0,-2.6875,8.456,-0.04646,0.0,0.0,1.1633,0.0,0.0,128.0,564.0
1077426.0,0.0,-2.6262,3.048,-0.04646,0.0,0.0,1.1633,0.0,0.0,128.0,556.0
1077467.0,0.0,-2.0862,10.618,-0.04646,0.0,0.0,1.1633,0.0,0.0,128.0,551.0
1077507.0,0.0,-2.0126,4.105,-0.04646,0.0,0.0,1.1633,0.0,0.0,128.0,570.0
1077547.0,0.0,-2.0693,-0.64,-0.04646,0.0,0.0,1.1633,0.0,0.0,128.0,557.0
1077588.0,0.0,-2.2028,-3.236,-0.04646,0.0,0.0,1.1633,0.0,0.0,128.0,557.0
1077628.0,0.0,-2.4421,-5.187,-0.04646,0.0,0.0,1.1633,0.0,0.0,128.0,557.0
1077668.0,0.0,-2.7826,-7.994,-0.04646,0.0,0.0,1.1633,0.0,0.0,128.0,557.0
1077708.0,0.0,-3.0311,-5.848,-0.04646,0.0,0.0,1.1633,0.0,0.0,128.0,556.0
1077748.0,0.0,2.8624,-8.777,-0.04646,0.0,0.0,1.1633,0.0,0.0,128.0,556.0
1077789.0,0.0,2.571,-7.965,-0.04646,0.0,0.0,1.1633,0.0,0.0,128.0,562.0
1077829.0,0.0,2.3577,-6.335,-0.04646,0.0,0.0,1.1633,0.0,0.0,128.0,571.0
1077869.0,0.0,2.2718,-3.817,-0.04646,0.0,0.0,1.1633,0.0,0.0,128.0,557.0
1077910.0,0.0,2.3393,0.686,-0.04646,0.0,0.0,1.1633,0.0,0.0,128.0,557.0
1077950.0,0.0,2.4191,1.782,-0.04646,0.0,0.0,1.1633,0.0,0.0,128.0,557.0
1077990.0,0.0,2.5848,3.645,-0.04646,0.0,0.0,1.1633,0.0,0.0,128.0,564.0
1078031.0,0.0,2.7474,4.405,-0.04646,0.0,0.0,1.1633,0.0,0.0,128.0,557.0
1078071.0,0.0,3.1217,8.386,-0.04646,0.0,0.0,1.1633,0.0,0.0,128.0,564.0
1078111.0,0.0,-2.8946,7.482,-0.04646,0.0,0.0,1.1633,0.0,0.0,128.0,550.0
1078151.0,0.0,-2.5571,8.016,-0.04646,0.0,0.0,1.1633,0.0,0.0,128.0,556.0
1078191.0,0.0,-2.2734,7.309,-0.04646,0.0,0.0,1.1633,0.0,0.0,128.0,557.0
1078232.0,0.0,-1.9175,9.558,-0.04646,0.0,0.0,1.1633,0.0,0.0,128.0,556.0
1078272.0,0.0,-2.2642,-4.648,-0.04646,0.0,0.0,1.1633,0.0,0.0,128.0,571.0
1078312.0,0.0,-2.3455,-3.485,-0.04646,0.0,0.0,1.1633,0.0,0.0,128.0,556.0
1078353.0,0.0,-2.4943,-3.741,-0.04646,0.0,0.0,1.1633,0.0,0.0,128.0,557.0
1078393.0,0.0,-2.7719,-6.123,-0.04646,0.0,0.0,1.1633,0.0,0.0,128.0,571.0
1078433.0,0.0,-3.0005,-5.53,-0.04646,0.0,0.0,1.1633,0.0,0.0,128.0,557.0
1078474.0,0.0,2.9268,-8.396,-0.04646,0.0,0.0,1.1633,0.0,0.0,128.0,557.0
1078514.0,0.0,2.6477,-7.89,-0.04646,0.0,0.0,1.1633,0.0,0.0,128.0,551.0
1078554.0,0.0,2.4498,-5.71,-0.04646,0.0,0.0,1.1633,0.0,0.0,128.0,571.0
1078594.0,0.0,2.3501,-4.02,-0.04646,0.0,0.0,1.1633,0.0,0.0,128.0,556.0
1078635.0,0.0,2.4206,0.103,-0.04646,0.0,0.0,1.1633,0.0,0.0,128.0,556.0
1078675.0,0.0,2.5096,1.803,-0.04646,0.0,0.0,1.1633,0.0,0.0,128.0,557.0
1078715.0,0.0,2.6538,3.183,-0.04646,0.0,0.0,1.1633,0.0,0.0,128.0,558.0
1078755.0,0.0,2.7581,2.984,-0.04646,0.0,0.0,1.1633,0.0,0.0,128.0,564.0
1078796.0,0.0,3.1293,7.733,-0.04646,0.0,0.0,1.1633,0.0,0.0,128.0,565.0
1078836.0,0.0,-2.9391,6.287,-0.04646,0.0,0.0,1.1633,0.0,0.0,128.0,564.0
1078876.0,0.0,-2.6124,7.35,-0.04646,0.0,0.0,1.1633,0.0,0.0,128.0,577.0
1078916.0,0.0,-2.3439,6.697,-0.04646,0.0,0.0,1.1633,0.0,0.0,128.0,550.0
1078957.0,0.0,-2.0601,7.292,-0.04646,0.0,0.0,1.1633,0.0,0.0,128.0,550.0
1078997.0,0.0,-2.3884,-4.961,-0.04646,0.0,0.0,1.1633,0.0,0.0,128.0,557.0
1079037.0,0.0,-2.4774,-3.246,-0.04646,0.0,0.0,1.1633,0.0,0.0,128.0,564.0
1079078.0,0.0,-2.5909,-2.918,-0.04646,0.0,0.0,1.1633,0.0,0.0,128.0,565.0
1079118.0,0.0,-2.8256,-5.206,-0.04646,0.0,0.0,1.1633,0.0,0.0,128.0,550.0
1079158.0,0.0,-3.0281,-5.144,-0.04646,0.0,0.0,1.1633,0.0,0.0,128.0,556.0
1079198.0,0.0,2.9544,-6.943,-0.04646,0.0,0.0,1.1633,0.0,0.0,128.0,551.0
1079239.0,0.0,2.7059,-6.638,-0.04646,0.0,0.0,1.1633,0.0,0.0,128.0,549.0
1079279.0,0.0,2.5173,-5.471,-0.04646,0.0,0.0,1.1633,0.0,0.0,128.0,558.0
1079319.0,0.0,2.4989,-2.028,-0.04646,0.0,0.0,1.1633,0.0,0.0,128.0,557.0
1079359.0,0.0,2.5234,-0.443,-0.04646,0.0,0.0,1.1633,0.0,0.0,128.0,564.0
1079400.0,0.0,2.6016,1.46,-0.04646,0.0,0.0,1.1633,0.0,0.0,128.0,565.0
1079440.0,0.0,2.7443,3.069,-0.04646,0.0,0.0,1.1633,0.0,0.0,128.0,556.0
1079480.0,0.0,2.8854,3.497,-0.04646,0.0,0.0,1.1633,0.0,0.0,128.0,556.0
1079521.0,0.0,3.0649,4.059,-0.04646,0.0,0.0,1.1633,0.0,0.0,128.0,557.0
1079561.0,0.0,-2.8777,7.687,-0.04646,0.0,0.0,1.1633,0.0,0.0,128.0,557.0
1079601.0,0.0,-2.6676,5.862,-0.04646,0.0,0.0,1.1633,0.0,0.0,128.0,550.0
1079642.0,0.0,-2.4222,6.127,-0.04646,0.0,0.0,1.1633,0.0,0.0,128.0,556.0
1079682.0,0.0,-2.3608,2.895,-0.04646,0.0,0.0,1.1633,0.0,0.0,128.0,552.0
1079722.0,0.0,-2.4789,-1.283,-0.04646,0.0,0.0,1.1633,0.0,0.0,128.0,557.0
1079762.0,0.0,-2.6154,-2.836,-0.04646,0.0,0.0,1.1633,0.0,0.0,128.0,564.0
1079803.0,0.0,-2.7535,-3.297,-0.04646,0.0,0.0,1.1633,0.0,0.0,128.0,557.0
1079843.0,0.0,-2.89,-3.561,-0.04646,0.0,0.0,1.1633,0.0,0.0,128.0,565.0
1079888.0,0.0,3.1017,-6.056,-0.04646,0.0,0.0,1.1633,0.0,0.0,128.0,615.0
1079928.0,0.0,2.8946,-5.279,-0.04646,0.0,0.0,1.1633,0.0,0.0,128.0,571.0
1079968.0,0.0,2.7765,-3.547,-0.04646,0.0,0.0,1.1633,0.0,0.0,128.0,556.0
1080009.0,0.0,2.5311,-5.605,-0.04646,0.0,0.0,1.1633,0.0,0.0,128.0,556.0
1080049.0,0.0,2.5556,-1.255,-0.04646,0.0,0.0,1.1633,0.0,0.0,128.0,557.0
1080089.0,0.0,2.6538,1.242,-0.04646,0.0,0.0,1.1633,0.0,0.0,128.0,557.0
1080129.0,0.0,2.7474,2.152,-0.04646,0.0,0.0,1.1633,0.0,0.0,128.0,564.0
1080170.0,0.0,2.8762,3.063,-0.04646,0.0,0.0,1.1633,0.0,0.0,128.0,557.0
1080210.0,0.0,2.9637,2.351,-0.04646,0.0,0.0,1.1633,0.0,0.0,128.0,558.0
1080250.0,0.0,-3.0772,5.277,-0.04646,0.0,0.0,1.1633,0.0,0.0,128.0,556.0
1080290.0,0.0,-2.778,7.309,-0.04646,0.0,0.0,1.1633,0.0,0.0,128.0,550.0
1080331.0,0.0,-2.6492,3.954,-0.04646,0.0,0.0,1.1633,0.0,0.0,128.0,551.0
1080371.0,0.0,-2.5449,2.661,-0.04646,0.0,0.0,1.1633,0.0,0.0,128.0,571.0
1080411.0,0.0,-2.4804,1.645,-0.04646,0.0,0.0,1.1633,0.0,0.0,128.0,557.0
1080452.0,0.0,-2.6584,-3.369,-0.04646,0.0,0.0,1.1633,0.0,0.0,128.0,550.0
1080492.0,0.0,-2.7627,-2.986,-0.04646,0.0,0.0,1.1633,0.0,0.0,128.0,557.0
1080532.0,0.0,-2.9008,-3.342,-0.04646,0.0,0.0,1.1633,0.0,0.0,128.0,564.0
1080573.0,0.0,-3.0143,-2.562,-0.04646,0.0,0.0,1.1633,0.0,0.0,128.0,558.0
1080613.0,0.0,2.9959,-6.393,-0.04646,0.0,0.0,1.1633,0.0,0.0,128.0,564.0
1080653.0,0.0,2.8225,-4.581,-0.04646,0.0,0.0,1.1633,0.0,0.0,128.0,558.0
1080693.0,0.0,2.8655,0.013,-0.04646,0.0,0.0,1.1633,0.0,0.0,128.0,556.0
1080733.0,0.0,2.6645,-3.257,-0.04646,0.0,0.0,1.1633,0.0,0.0,128.0,556.0
1080774.0,0.0,2.6523,-0.784,-0.04646,0.0,0.0,1.1633,0.0,0.0,128.0,556.0
1080814.0,0.0,2.7842,2.83,-0.04646,0.0,0.0,1.1633,0.0,0.0,128.0,551.0
1080854.0,0.0,2.89,2.638,-0.04646,0.0,0.0,1.1633,0.0,0.0,128.0,550.0
1080894.0,0.0,2.959,1.988,-0.04646,0.0,0.0,1.1633,0.0,0.0,128.0,564.0
1080935.0,0.0,3.0603,2.031,-0.04646,0.0,0.0,1.1633,0.0,0.0,128.0,564.0
1080975.0,0.0,-2.9713,5.552,-0.04646,0.0,0.0,1.1633,0.0,0.0,128.0,550.0
1081015.0,2.0,-2.7228,5.572,-0.04646,0.0036,0.8,-0.7197,0.0,0.0,128.0,739.0
1081056.0,2.0,-2.62,3.73,-0.04455,0.1225,4.9,-0.7801,0.0,0.0,128.0,745.0
1081097.0,2.0,-2.3654,5.77,-0.03454,0.4093,8.839,-0.5194,0.0,0.0,128.0,722.0
1081138.0,2.0,-2.0724,5.749,-0.01204,0.6861,4.768,-0.3031,0.0,0.0,128.0,738.0
1081178.0,2.0,-2.2212,-2.321,0.01763,0.7953,0.78,-0.5305,0.0,0.0,128.0,757.0
1081219.0,2.0,-2.1338,0.262,0.04916,0.7441,-2.32,-0.5371,0.0,0.0,128.0,767.0
1081260.0,2.0,-2.1798,-1.293,0.0783,0.7141,-1.02,-0.5526,0.0,0.0,128.0,760.0
1081301.0,2.0,-2.5173,-7.123,0.10519,0.5861,-5.12,-0.4903,0.0,0.0,128.0,772.0
1081342.0,2.0,-2.8931,-9.334,0.1236,0.2901,-9.22,-0.4049,0.0,0.0,128.0,762.0
1081383.0,2.0,2.8118,-13.828,0.12675,-0.1618,-11.298,0.2676,0.0,0.0,128.0,724.0
1081423.0,2.0,2.3056,-12.801,0.1128,-0.5321,-7.32,0.3697,0.0,0.0,128.0,731.0
1081464.0,2.0,1.8607,-11.354,0.08651,-0.7467,-3.241,0.5559,0.0,0.0,128.0,738.0
1081505.0,2.0,1.4389,-10.388,0.0549,-0.7999,0.0,0.8493,0.0,0.0,128.0,725.0
1081545.0,2.0,1.1904,-7.115,0.02366,-0.7696,1.942,0.7135,0.0,0.0,128.0,758.0
1081586.0,2.0,0.859,-7.185,-0.00506,-0.641,2.792,0.9331,0.0,0.0,128.0,740.0
1081627.0,2.0,0.7332,-4.632,-0.02963,-0.58,2.206,0.9258,0.0,0.0,128.0,754.0
1081668.0,2.0,0.8345,1.564,-0.05021,-0.4216,3.706,0.6847,0.0,0.0,128.0,754.0
1081709.0,2.0,0.7609,-0.763,-0.06469,-0.2791,4.932,0.7012,0.0,0.0,128.0,745.0
1081750.0,3.0,0.7777,0.029,-0.0714,-0.033,7.438,0.7125,0.0,0.0,128.0,723.0
1081790.0,2.0,1.0124,4.983,-0.0669,0.2473,5.238,0.6825,0.0,0.0,128.0,732.0
1081831.0,2.0,1.0937,2.193,-0.05385,0.376,1.138,0.5034,0.0,0.0,128.0,739.0
1081871.0,2.0,1.4849,8.507,-0.03915,0.3547,-0.891,0.5607,0.0,0.0,128.0,744.0
1081912.0,2.0,1.7886,7.581,-0.02452,0.3999,3.101,0.1461,0.0,0.0,128.0,730.0
1081952.0,2.0,2.3899,13.608,-0.00548,0.582,4.101,0.4377,0.0,0.0,128.0,752.0
1081992.0,2.0,2.8854,13.464,0.0198,0.6878,1.905,0.1595,0.0,0.0,128.0,740.0
1082033.0,2.0,-2.6108,16.883,0.04916,0.7464,-0.395,0.9723,0.0,0.0,128.0,753.0
1082073.0,2.0,-1.6398,21.648,0.07717,0.6486,-4.395,2.9362,0.0,0.0,128.0,751.0
1082114.0,2.0,-1.2088,12.582,0.10043,0.4957,-4.895,1.3377,0.0,0.0,128.0,758.0
1082155.0,2.0,-0.9419,6.634,0.11681,0.3089,-5.559,0.8738,0.0,0.0,128.0,743.0
1082196.0,2.0,-0.859,2.265,0.12371,-0.0051,-9.659,0.6977,0.0,0.0,128.0,723.0
1082236.0,2.0,-0.7931,1.767,0.11614,-0.3734,-8.659,0.6615,0.0,0.0,128.0,740.0
1082277.0,2.0,-0.4449,7.742,0.0948,-0.666,-5.151,1.2869,0.0,0.0,128.0,731.0
1082317.0,2.0,-0.2516,5.385,0.06566,-0.7905,-1.176,1.1559,0.0,0.0,128.0,739.0
1082358.0,2.0,-0.3543,-0.442,0.03341,-0.7999,0.0,0.9546,0.0,0.0,128.0,742.0
1082399.0,2.0,-0.1089,4.082,0.00128,-0.778,2.04,1.099,0.0,0.0,128.0,738.0
1082439.0,2.0,0.1565,6.246,-0.02678,-0.6181,5.22,1.2289,0.0,0.0,128.0,752.0
1082480.0,3.0,0.1012,0.02,-0.04781,-0.4184,4.543,0.9949,0.0,0.0,128.0,725.0
1082520.0,3.0,0.3451,4.422,-0.06116,-0.2375,6.143,1.0646,0.0,0.0,128.0,717.0
1082561.0,3.0,0.293,0.048,-0.06487,0.0699,6.843,0.9587,0.0,0.0,128.0,697.0
1082601.0,3.0,0.3574,1.609,-0.05685,0.3685,9.282,0.9532,0.0,0.0,128.0,701.0
1082641.0,3.0,0.3605,0.174,-0.03623,0.6584,5.317,0.9359,0.0,0.0,128.0,708.0
1082681.0,3.0,0.3743,0.517,-0.00716,0.7891,1.317,0.9325,0.0,0.0,128.0,714.0
1082722.0,3.0,0.4878,2.741,0.02509,0.7999,0.0,0.9323,0.0,0.0,128.0,682.0
1082762.0,3.0,0.7026,4.473,0.05666,0.7999,0.0,0.8896,0.0,0.0,128.0,715.0
1082803.0,5.0,1.0155,6.015,0.08753,0.7404,-3.4,0.8604,0.0,0.0,128.0,667.0
1082843.0,5.0,1.4327,9.634,0.11355,0.5149,-7.5,0.8604,0.0,0.0,128.0,667.0
1082883.0,5.0,1.9098,10.998,0.12765,0.2031,-6.3,0.8604,0.0,0.0,128.0,666.0
1082924.0,5.0,2.4544,13.597,0.13185,0.0302,-2.4,0.8604,0.0,0.0,128.0,673.0
1082964.0,6.0,3.0802,15.155,0.13211,-0.0112,-1.453,0.8604,0.0,0.0,128.0,715.0
1083005.0,6.0,-2.551,17.399,0.13046,-0.0727,-1.5,0.8604,0.0,0.0,128.0,702.0
1083045.0,2.0,-1.6153,19.588,0.12581,-0.1922,-4.9,2.3139,0.0,0.0,128.0,728.0
1083085.0,2.0,-1.4174,8.425,0.11498,-0.3608,-4.935,0.6387,0.0,0.0,128.0,749.0
1083125.0,2.0,-1.2364,5.276,0.09608,-0.617,-6.047,0.5685,0.0,0.0,128.0,744.0
1083165.0,2.0,-1.2809,-0.632,0.06818,-0.7774,-2.068,0.2869,0.0,0.0,128.0,752.0
1083206.0,2.0,-1.1336,3.012,0.03611,-0.7999,0.0,0.487,0.0,0.0,128.0,725.0
1083246.0,2.0,-1.1397,0.347,0.00458,-0.7999,0.0,0.4206,0.0,0.0,128.0,759.0
1083287.0,2.0,-1.3637,-4.041,-0.02693,-0.735,3.549,0.3426,0.0,0.0,128.0,743.0
1083328.0,2.0,-1.5769,-5.584,-0.05265,-0.5034,7.649,0.2383,0.0,0.0,128.0,772.0
1083369.0,2.0,-2.1108,-12.155,-0.06795,-0.2759,3.549,0.3606,0.0,0.0,128.0,749.0
1083410.0,2.0,-2.9192,-17.451,-0.07721,-0.1862,2.825,0.9587,0.0,0.0,128.0,738.0
1083451.0,2.0,2.8287,-15.264,-0.08171,-0.0366,2.877,0.5322,0.0,0.0,128.0,729.0
1083491.0,2.0,2.3991,-12.853,-0.08201,0.0036,0.477,0.3238,0.0,0.0,128.0,737.0
1083532.0,2.0,2.143,-8.164,-0.08205,-0.025,-2.0,-0.0859,0.0,0.0,128.0,730.0
1083573.0,2.0,1.9405,-4.949,-0.08464,-0.1094,-2.508,-0.1892,0.0,0.0,128.0,722.0
1083614.0,2.0,1.873,-2.224,-0.0909,-0.1926,-0.934,-0.2554,0.0,0.0,128.0,736.0
1083654.0,2.0,1.8991,-0.046,-0.09814,-0.1479,3.066,-0.3072,0.0,0.0,128.0,786.0
1083695.0,2.0,2.077,3.506,-0.1005,0.0639,7.166,-0.3942,0.0,0.0,128.0,738.0
1083736.0,2.0,2.4083,7.218,-0.09113,0.4254,8.655,-0.4111,0.0,0.0,128.0,738.0
1083776.0,2.0,2.7136,9.375,-0.06877,0.6901,4.674,-0.3911,0.0,0.0,128.0,744.0
1083817.0,2.0,-2.8302,14.69,-0.03833,0.7966,0.774,0.3959,0.0,0.0,128.0,724.0
1083857.0,2.0,-2.0034,16.46,-0.00728,0.7594,-1.626,1.1892,0.0,0.0,128.0,765.0
1083898.0,2.0,-1.784,9.712,0.02093,0.6156,-3.926,0.5027,0.0,0.0,128.0,759.0
1083939.0,2.0,-1.4573,7.286,0.04343,0.4946,-4.026,0.4721,0.0,0.0,128.0,750.0
1083980.0,2.0,-1.2303,6.911,0.05906,0.2476,-7.545,0.6927,0.0,0.0,128.0,729.0
1084020.0,2.0,-1.4619,-2.806,0.06251,-0.0742,-6.668,0.1909,0.0,0.0,128.0,740.0
1084061.0,2.0,-1.4511,-0.116,0.05528,-0.2647,-3.602,0.1095,0.0,0.0,128.0,750.0
1084102.0,2.0,-1.5432,-2.539,0.04166,-0.4059,-2.753,0.0354,0.0,0.0,128.0,739.0
1084142.0,2.0,-2.0571,-9.271,0.02389,-0.5152,-4.342,0.2008,0.0,0.0,128.0,746.0
1084183.0,2.0,-2.7627,-16.575,-0.00023,-0.6811,-3.291,0.8289,0.0,0.0,128.0,726.0
1084223.0,2.0,3.048,-15.802,-0.02906,-0.7797,-1.291,0.5935,0.0,0.0,128.0,723.0
1084263.0,2.0,2.3715,-17.83,-0.0603,-0.7876,1.509,1.3289,0.0,0.0,128.0,737.0
1084303.0,2.0,2.0095,-10.187,-0.0891,-0.66,3.178,0.2518,0.0,0.0,128.0,744.0
1084343.0,2.0,1.6322,-8.917,-0.11209,-0.478,6.194,0.4569,0.0,0.0,128.0,744.0
1084384.0,2.0,1.5355,-3.736,-0.12529,-0.138,10.294,0.1528,0.0,0.0,128.0,735.0
1084425.0,2.0,1.3499,-3.989,-0.12188,0.3158,9.841,0.3568,0.0,0.0,128.0,739.0
1084465.0,2.0,1.4051,0.309,-0.10298,0.6278,5.864,0.1732,0.0,0.0,128.0,732.0
1084505.0,2.0,1.4895,2.003,-0.07481,0.7808,1.884,0.094,0.0,0.0,128.0,732.0
1084545.0,2.0,1.7549,5.205,-0.0435,0.7999,0.0,0.0062,0.0,0.0,128.0,727.0
1084585.0,2.0,2.1062,7.986,-0.012,0.7999,0.0,-0.1041,0.0,0.0,128.0,726.0
1084625.0,2.0,2.4774,9.241,0.01946,0.7999,0.0,-0.2143,0.0,0.0,128.0,746.0
1084665.0,2.0,3.0695,14.278,0.05089,0.7896,-0.302,0.2886,0.0,0.0,128.0,765.0
1084706.0,5.0,-2.6415,13.597,0.08265,0.7577,-2.602,-0.2759,0.0,0.0,128.0,711.0
1084747.0,5.0,-2.1031,14.66,0.10943,0.5717,-6.602,-0.2759,0.0,0.0,128.0,674.0
1084787.0,5.0,-1.5923,13.506,0.12604,0.257,-7.157,-0.2759,0.0,0.0,128.0,659.0
1084827.0,5.0,-1.6997,-0.175,0.13178,0.0496,-3.057,-0.2759,0.0,0.0,128.0,666.0
1084867.0,6.0,-1.7165,-0.699,0.13234,-0.0032,-0.783,-0.2759,0.0,0.0,128.0,710.0
1084907.0,6.0,-1.6398,1.485,0.13114,-0.061,-1.5,-0.2759,0.0,0.0,128.0,701.0
1084947.0,2.0,-1.7948,-1.543,0.12735,-0.151,-3.9,-0.2472,0.0,0.0,128.0,749.0
1084988.0,2.0,-2.4989,-13.451,0.117,-0.397,-8.0,0.3121,0.0,0.0,128.0,725.0
1085028.0,2.0,-3.1124,-14.413,0.09563,-0.6735,-5.02,0.3135,0.0,0.0,128.0,744.0
1085069.0,2.0,2.4651,-15.393,0.06551,-0.7938,-0.936,0.7257,0.0,0.0,128.0,723.0
1085110.0,2.0,2.0325,-11.242,0.03326,-0.7999,0.0,0.3779,0.0,0.0,128.0,725.0
1085150.0,2.0,1.6107,-10.275,0.0018,-0.7998,0.1,0.6453,0.0,0.0,128.0,761.0
1085191.0,2.0,1.399,-6.322,-0.02929,-0.7096,4.2,0.4395,0.0,0.0,128.0,743.0
1085231.0,2.0,1.1397,-6.173,-0.05295,-0.4596,8.2,0.6122,0.0,0.0,128.0,738.0
1085272.0,2.0,1.1275,-2.427,-0.06525,-0.1276,9.363,0.506,0.0,0.0,128.0,751.0
1085313.0,2.0,1.1612,0.475,-0.06375,0.1858,5.659,0.4009,0.0,0.0,128.0,730.0
1085354.0,2.0,1.1536,-0.357,-0.05257,0.3708,5.043,0.4221,0.0,0.0,128.0,730.0
1085394.0,2.0,1.4128,5.136,-0.03517,0.4905,1.043,0.3442,0.0,0.0,128.0,751.0
1085434.0,2.0,1.7119,7.329,-0.0159,0.4922,1.043,0.2004,0.0,0.0,128.0,744.0
1085474.0,2.0,2.0525,8.154,0.00529,0.6159,5.043,-0.0127,0.0,0.0,128.0,746.0
1085515.0,2.0,2.6369,13.214,0.03379,0.7774,2.093,0.2218,0.0,0.0,128.0,722.0
1085555.0,2.0,-3.0419,15.878,0.06499,0.7849,-1.667,0.6044,0.0,0.0,128.0,752.0
1085596.0,2.0,-2.393,14.912,0.0942,0.6304,-5.767,0.7328,0.0,0.0,128.0,760.0
1085637.0,2.0,-1.6659,15.295,0.11385,0.3079,-9.867,1.351,0.0,0.0,128.0,750.0
1085678.0,2.0,-1.4511,6.497,0.11865,-0.0706,-9.567,0.4333,0.0,0.0,128.0,740.0
1085719.0,2.0,-1.5555,-0.925,0.1077,-0.4693,-8.125,0.0507,0.0,0.0,128.0,715.0
1085759.0,2.0,-1.4941,0.636,0.08404,-0.7129,-4.175,0.06,0.0,0.0,128.0,729.0
1085799.0,2.0,-1.5324,-0.414,0.05381,-0.799,-0.375,0.0418,0.0,0.0,128.0,745.0
1085840.0,2.0,-1.4956,-1.732,0.02164,-0.7999,0.0,-0.0285,0.0,0.0,128.0,740.0
1085881.0,2.0,-2.3577,-14.195,-0.01065,-0.7999,0.0,0.5623,0.0,0.0,128.0,745.0
1085922.0,2.0,-2.8854,-12.817,-0.0429,-0.7999,0.0,0.077,0.0,0.0,128.0,748.0
1085963.0,5.0,2.8547,-13.426,-0.07399,-0.7722,1.164,0.1912,0.0,0.0,128.0,782.0
1086003.0,5.0,2.4298,-11.799,-0.10316,-0.6384,5.264,0.1912,0.0,0.0,128.0,695.0
1086043.0,5.0,2.2013,-7.176,-0.12326,-0.3488,8.264,0.1912,0.0,0.0,128.0,667.0
1086084.0,5.0,2.123,-3.103,-0.13178,-0.0926,4.264,0.1912,0.0,0.0,128.0,674.0
1086124.0,5.0,2.1583,0.183,-0.13316,-0.0013,0.479,0.1912,0.0,0.0,128.0,668.0
1086164.0,6.0,2.2688,2.32,-0.13264,0.0407,1.5,0.1912,0.0,0.0,128.0,716.0
1086210.0,2.0,2.3485,2.518,-0.12926,0.1133,2.4,-0.7137,0.0,0.0,128.0,798.0
1086250.0,2.0,2.9038,10.175,-0.12199,0.2873,6.3,-0.3044,0.0,0.0,128.0,740.0
1086290.0,2.0,-2.8701,12.292,-0.105,0.5843,6.566,-0.0155,0.0,0.0,128.0,747.0
1086330.0,2.0,-2.235,16.018,-0.07804,0.7656,2.611,1.0298,0.0,0.0,128.0,752.0
1086371.0,2.0,-1.6291,14.367,-0.04613,0.7999,0.0,1.1357,0.0,0.0,128.0,726.0
1086412.0,2.0,-1.4128,7.671,-0.01395,0.7846,-1.7,0.5395,0.0,0.0,128.0,726.0
1086452.0,2.0,-1.2425,4.652,0.01463,0.6346,-5.7,0.4858,0.0,0.0,128.0,753.0
1086492.0,2.0,-1.3422,-0.944,0.03446,0.3654,-5.769,0.2642,0.0,0.0,128.0,753.0
1086533.0,2.0,-1.218,1.947,0.0456,0.191,-4.669,0.3531,0.0,0.0,128.0,742.0
1086574.0,2.0,-1.2793,-0.484,0.04853,-0.0615,-5.706,0.3081,0.0,0.0,128.0,740.0
1086615.0,2.0,-1.445,-3.724,0.0426,-0.2094,-1.606,0.212,0.0,0.0,128.0,723.0
1086655.0,2.0,-1.8899,-9.029,0.03394,-0.2294,-1.382,0.3151,0.0,0.0,128.0,747.0
1086696.0,2.0,-2.3332,-13.042,0.02246,-0.3722,-5.482,0.4173,0.0,0.0,128.0,751.0
1086737.0,2.0,3.1201,-17.616,0.00416,-0.5108,-1.382,0.9618,0.0,0.0,128.0,732.0
1086777.0,2.0,2.5081,-15.849,-0.01635,-0.5271,0.328,0.7843,0.0,0.0,128.0,738.0
1086817.0,2.0,2.097,-11.544,-0.03589,-0.4516,1.631,0.4025,0.0,0.0,128.0,753.0
1086858.0,2.0,1.5984,-11.18,-0.0534,-0.4058,2.531,0.7742,0.0,0.0,128.0,773.0
1086899.0,2.0,1.4174,-6.374,-0.06664,-0.2159,6.631,0.4461,0.0,0.0,128.0,744.0
1086940.0,2.0,1.1397,-7.025,-0.069,0.121,7.931,0.7408,0.0,0.0,128.0,744.0
1086980.0,2.0,1.175,-0.843,-0.05843,0.4306,7.506,0.4173,0.0,0.0,128.0,732.0
1087021.0,2.0,1.1842,0.343,-0.03615,0.6522,3.406,0.3741,0.0,0.0,128.0,716.0
1087062.0,2.0,1.1612,-0.307,-0.0075,0.7729,2.265,0.4249,0.0,0.0,128.0,727.0
1087102.0,2.0,1.4404,5.502,0.02366,0.7814,-1.735,0.325,0.0,0.0,128.0,753.0
1087142.0,2.0,1.7043,5.78,0.05239,0.6806,-1.335,0.0946,0.0,0.0,128.0,755.0
1087182.0,2.0,2.1997,11.169,0.07886,0.6613,-1.237,0.2003,0.0,0.0,128.0,762.0
1087223.0,5.0,2.6799,10.367,0.10414,0.5769,-3.363,0.0918,0.0,0.0,128.0,673.0
1087264.0,5.0,3.094,10.363,0.12326,0.3604,-7.363,0.0918,0.0,0.0,128.0,662.0
1087304.0,5.0,-2.459,14.754,0.13219,0.0997,-4.426,0.0918,0.0,0.0,128.0,673.0
1087344.0,5.0,-2.1905,7.829,0.13376,0.0021,-0.635,0.0918,0.0,0.0,128.0,680.0
1087384.0,6.0,-1.7902,8.996,0.13324,-0.0396,-1.5,0.0918,0.0,0.0,128.0,717.0
1087425.0,6.0,-1.8024,1.563,0.13046,-0.1011,-1.5,0.0918,0.0,0.0,128.0,702.0
1087465.0,2.0,-1.8408,-0.999,0.12458,-0.2277,-5.1,-0.253,0.0,0.0,128.0,742.0
1087505.0,2.0,-2.0448,-4.183,0.1107,-0.5077,-7.646,-0.3437,0.0,0.0,128.0,750.0
1087546.0,2.0,-2.5602,-12.969,0.0852,-0.7356,-3.578,0.2258,0.0,0.0,128.0,739.0
1087587.0,2.0,-2.8333,-8.959,0.0537,-0.7999,-0.1,-0.458,0.0,0.0,128.0,752.0
1087628.0,2.0,2.729,-14.623,0.02149,-0.7999,0.0,0.4569,0.0,0.0,128.0,740.0
1087668.0,2.0,2.3915,-8.577,-0.01001,-0.7999,0.0,-0.2301,0.0,0.0,128.0,744.0
1087708.0,2.0,2.0617,-6.438,-0.04151,-0.7999,0.0,-0.1971,0.0,0.0,128.0,749.0
1087749.0,5.0,1.8776,-4.581,-0.07373,-0.7879,1.5,-0.1998,0.0,0.0,128.0,674.0
1087789.0,5.0,1.8623,-1.455,-0.10264,-0.6459,5.5,-0.1998,0.0,0.0,128.0,687.0
1087829.0,5.0,1.9543,1.592,-0.12285,-0.3481,8.3,-0.1998,0.0,0.0,128.0,673.0
1087869.0,5.0,2.1476,4.16,-0.13129,-0.0973,4.403,-0.1998,0.0,0.0,128.0,676.0
1087910.0,5.0,2.3669,4.976,-0.13279,-0.0019,0.511,-0.1998,0.0,0.0,128.0,679.0
1087950.0,6.0,2.9836,13.143,-0.13226,0.0412,1.5,-0.1998,0.0,0.0,128.0,703.0
1087992.0,2.0,-2.8133,11.205,-0.12937,0.1055,2.2,-0.1665,0.0,0.0,128.0,741.0
1088032.0,2.0,-2.2503,11.998,-0.12225,0.2818,6.3,0.2122,0.0,0.0,128.0,722.0
1088072.0,2.0,-1.4481,16.647,-0.10624,0.5374,7.1,1.862,0.0,0.0,128.0,740.0
1088113.0,2.0,-1.3545,6.897,-0.07987,0.7477,3.191,0.4945,0.0,0.0,128.0,723.0
1088153.0,2.0,-1.0308,8.829,-0.04898,0.7999,0.109,1.0033,0.0,0.0,128.0,740.0
1088193.0,2.0,-1.0048,2.867,-0.01766,0.7751,-2.177,0.6143,0.0,0.0,128.0,746.0
1088233.0,2.0,-1.198,-3.541,0.01061,0.6636,-1.478,0.4657,0.0,0.0,128.0,750.0
1088274.0,2.0,-1.3837,-4.769,0.03724,0.6725,0.649,0.2813,0.0,0.0,128.0,710.0
1088314.0,2.0,-1.3668,-0.011,0.06326,0.6232,-3.177,0.2143,0.0,0.0,128.0,763.0
1088355.0,2.0,-1.7365,-6.437,0.08531,0.4443,-6.129,0.1316,0.0,0.0,128.0,756.0
1088396.0,2.0,-2.6461,-18.699,0.09754,0.1561,-5.89,1.3179,0.0,0.0,128.0,748.0
1088437.0,2.0,2.8977,-18.086,0.09825,-0.1374,-7.167,1.0949,0.0,0.0,128.0,721.0
1088477.0,2.0,2.2059,-18.086,0.08839,-0.3421,-3.167,1.5315,0.0,0.0,128.0,738.0
1088518.0,2.0,1.5739,-15.201,0.07249,-0.4457,-2.538,1.4727,0.0,0.0,128.0,717.0
1088559.0,2.0,1.1551,-11.433,0.0513,-0.6291,-5.081,1.2646,0.0,0.0,128.0,753.0
1088599.0,2.0,0.8145,-8.932,0.02348,-0.7693,-2.017,1.2092,0.0,0.0,128.0,731.0
1088639.0,2.0,0.5154,-7.406,-0.0075,-0.7884,0.47,1.2134,0.0,0.0,128.0,745.0
1088680.0,2.0,-0.0215,-11.854,-0.03956,-0.7999,0.0,1.8849,0.0,0.0,128.0,717.0
1088720.0,3.0,0.0414,-1.361,-0.07043,-0.7446,2.2,1.0108,0.0,0.0,128.0,715.0
1088761.0,5.0,-0.0828,-2.441,-0.09896,-0.6475,4.1,1.0009,0.0,0.0,128.0,682.0
1088801.0,5.0,-0.4556,-7.515,-0.1203,-0.4015,8.1,1.0009,0.0,0.0,128.0,669.0
1088841.0,5.0,-0.7194,-6.93,-0.13039,-0.1262,5.002,1.0009,0.0,0.0,128.0,660.0
1088881.0,5.0,-0.8882,-4.862,-0.13256,-0.0067,1.104,1.0009,0.0,0.0,128.0,672.0
1088921.0,6.0,-1.5953,-15.307,-0.1323,0.0303,1.5,1.0009,0.0,0.0,128.0,702.0
1088962.0,2.0,-2.5203,-21.321,-0.12982,0.0921,1.7,2.0849,0.0,0.0,128.0,825.0
1089003.0,2.0,2.8977,-22.207,-0.12368,0.2479,5.8,2.1757,0.0,0.0,128.0,736.0
1089043.0,2.0,2.1752,-19.129,-0.10853,0.5432,7.166,1.7715,0.0,0.0,128.0,716.0
1089083.0,2.0,1.8638,-10.49,-0.08269,0.7482,3.18,0.4352,0.0,0.0,128.0,737.0
1089124.0,2.0,1.4788,-9.597,-0.05104,0.7999,0.0,0.6927,0.0,0.0,128.0,744.0
1089164.0,2.0,1.2778,-6.008,-0.0195,0.7999,0.0,0.5459,0.0,0.0,128.0,714.0
1089204.0,2.0,1.2609,-1.445,0.01208,0.7999,0.0,0.3387,0.0,0.0,128.0,744.0
1089245.0,2.0,1.1474,-1.819,0.04418,0.7826,-1.153,0.4662,0.0,0.0,128.0,754.0
1089286.0,2.0,1.3898,4.495,0.07373,0.6492,-5.253,0.3005,0.0,0.0,128.0,731.0
1089326.0,2.0,1.6091,4.966,0.0942,0.3601,-8.253,0.1301,0.0,0.0,128.0,760.0
1089367.0,2.0,2.1046,10.363,0.10324,0.1079,-4.153,0.1689,0.0,0.0,128.0,748.0
1089407.0,2.0,2.4927,9.542,0.10537,0.0238,-0.153,-0.2122,0.0,0.0,128.0,757.0
1089448.0,2.0,3.1263,15.101,0.10605,-0.0154,-2.853,0.4446,0.0,0.0,128.0,724.0
1089488.0,2.0,-2.6569,10.686,0.10324,-0.1351,-2.372,-0.1541,0.0,0.0,128.0,740.0
1089529.0,2.0,-1.7595,19.988,0.09593,-0.2517,-4.665,2.4164,0.0,0.0,128.0,736.0
1089570.0,2.0,-1.695,5.507,0.08141,-0.4633,-3.736,0.0999,0.0,0.0,128.0,739.0
1089611.0,2.0,-1.6045,2.676,0.06045,-0.5818,-3.165,0.0329,0.0,0.0,128.0,745.0
1089652.0,2.0,-1.6137,0.298,0.03495,-0.6744,-1.307,-0.0285,0.0,0.0,128.0,741.0
1089692.0,2.0,-1.6015,0.034,0.00784,-0.6947,0.735,-0.0454,0.0,0.0,128.0,772.0
1089733.0,2.0,-1.9221,-7.607,-0.01943,-0.6771,-1.259,-0.0088,0.0,0.0,128.0,739.0
1089774.0,5.0,-2.5127,-14.239,-0.04875,-0.7806,-1.759,-0.2135,0.0,0.0,128.0,681.0
1089814.0,5.0,-2.9713,-12.926,-0.07987,-0.769,2.241,-0.2135,0.0,0.0,128.0,669.0
1089854.0,5.0,3.0035,-9.448,-0.10748,-0.5974,6.241,-0.2135,0.0,0.0,128.0,683.0
1089894.0,5.0,2.4866,-12.878,-0.12525,-0.2853,7.545,-0.2135,0.0,0.0,128.0,680.0
1089935.0,5.0,2.4268,-4.059,-0.13185,-0.062,3.445,-0.2135,0.0,0.0,128.0,681.0
1089976.0,6.0,2.4145,-0.525,-0.1326,0.0012,0.478,-0.2135,0.0,0.0,128.0,737.0
1090016.0,6.0,2.4697,0.907,-0.13155,0.0565,1.5,-0.2135,0.0,0.0,128.0,688.0
1090056.0,2.0,2.6461,3.717,-0.1281,0.1336,3.3,-0.7877,0.0,0.0,128.0,744.0
1090097.0,2.0,2.7581,3.118,-0.11895,0.355,7.4,-0.8784,0.0,0.0,128.0,764.0
1090138.0,2.0,-2.8793,12.928,-0.09844,0.6501,5.468,0.0889,0.0,0.0,128.0,745.0
1090178.0,2.0,-2.4651,10.624,-0.06971,0.7868,1.468,-0.0491,0.0,0.0,128.0,739.0
1090218.0,2.0,-1.988,9.82,-0.03836,0.7999,0.0,0.2266,0.0,0.0,128.0,748.0
1090259.0,2.0,-1.6015,8.971,-0.00619,0.7871,-1.555,0.5502,0.0,0.0,128.0,750.0
1090299.0,2.0,-1.4496,4.844,0.0228,0.6615,-4.925,0.2689,0.0,0.0,128.0,750.0
1090339.0,2.0,-1.6122,-1.909,0.0444,0.4341,-5.158,-0.0058,0.0,0.0,128.0,753.0
1090379.0,2.0,-1.7257,-2.761,0.05651,0.1458,-9.158,-0.1241,0.0,0.0,128.0,764.0
1090420.0,2.0,-1.8822,-3.91,0.05404,-0.2893,-10.106,-0.2234,0.0,0.0,128.0,732.0
1090461.0,2.0,-2.3639,-8.016,0.03544,-0.618,-6.027,-0.2273,0.0,0.0,128.0,711.0
1090501.0,2.0,3.1032,-18.416,0.0075,-0.7775,-2.037,1.1486,0.0,0.0,128.0,737.0
1090542.0,2.0,2.551,-14.001,-0.02445,-0.7913,-0.111,0.4312,0.0,0.0,128.0,702.0
1090582.0,2.0,2.0371,-12.643,-0.05524,-0.7447,2.777,0.6064,0.0,0.0,128.0,773.0
1090623.0,2.0,1.6582,-9.724,-0.08355,-0.6404,4.084,0.5198,0.0,0.0,128.0,752.0
1090664.0,2.0,1.4634,-6.068,-0.10496,-0.3869,8.184,0.3751,0.0,0.0,128.0,757.0
1090705.0,2.0,1.2548,-5.65,-0.11295,0.0342,12.0,0.5174,0.0,0.0,128.0,729.0
1090745.0,2.0,1.2977,-0.361,-0.1032,0.4472,8.398,0.2891,0.0,0.0,128.0,749.0
1090786.0,2.0,1.3376,0.954,-0.07958,0.7054,4.298,0.2404,0.0,0.0,128.0,725.0
1090826.0,2.0,1.4021,1.549,-0.04958,0.798,0.498,0.2091,0.0,0.0,128.0,745.0
1090866.0,2.0,1.715,6.362,-0.01849,0.7911,1.098,0.1204,0.0,0.0,128.0,737.0
1090907.0,2.0,2.077,8.284,0.01373,0.7999,0.0,-0.0049,0.0,0.0,128.0,745.0
1090947.0,2.0,2.5587,11.697,0.0453,0.7999,0.0,0.0226,0.0,0.0,128.0,759.0
1090988.0,5.0,3.0802,11.666,0.07744,0.7789,-2.0,0.0453,0.0,0.0,128.0,695.0
1091028.0,5.0,-2.6768,11.694,0.1056,0.6169,-6.0,0.0453,0.0,0.0,128.0,697.0
1091068.0,5.0,-1.9113,16.513,0.12431,0.3081,-7.8,0.0453,0.0,0.0,128.0,667.0
1091109.0,5.0,-1.8362,4.063,0.13151,0.0767,-3.901,0.0453,0.0,0.0,128.0,669.0
1091149.0,5.0,-1.7579,2.276,0.13256,0.0001,-0.153,0.0453,0.0,0.0,128.0,675.0
1091189.0,6.0,-1.7411,0.775,0.13178,-0.0487,-1.5,0.0453,0.0,0.0,128.0,717.0
1091231.0,2.0,-2.0049,-5.439,0.12855,-0.1222,-3.0,-0.1783,0.0,0.0,128.0,800.0
1091271.0,2.0,-2.2565,-7.093,0.12011,-0.3313,-7.1,-0.2516,0.0,0.0,128.0,743.0
1091312.0,2.0,-2.9345,-13.805,0.10054,-0.6322,-5.789,0.2277,0.0,0.0,128.0,753.0
1091353.0,2.0,2.7658,-14.837,0.07155,-0.7838,-1.698,0.4672,0.0,0.0,128.0,732.0
1091394.0,2.0,2.2964,-13.865,0.03937,-0.7999,0.0,0.6051,0.0,0.0,128.0,740.0
1091434.0,2.0,1.8929,-10.145,0.00788,-0.7999,0.0,0.3497,0.0,0.0,128.0,739.0
1091474.0,2.0,1.6137,-7.703,-0.02355,-0.7988,0.429,0.3539,0.0,0.0,128.0,773.0
1091514.0,2.0,1.4834,-4.262,-0.05355,-0.6996,4.429,0.2131,0.0,0.0,128.0,764.0
1091555.0,2.0,1.3775,-3.184,-0.07706,-0.4319,8.529,0.2288,0.0,0.0,128.0,743.0
1091596.0,2.0,1.4711,0.576,-0.0867,-0.0267,9.229,0.1289,0.0,0.0,128.0,743.0
1091636.0,2.0,1.6582,4.034,-0.08168,0.2851,8.272,0.0168,0.0,0.0,128.0,752.0
1091677.0,2.0,1.9742,6.946,-0.06341,0.6103,6.152,-0.0736,0.0,0.0,128.0,737.0
1091718.0,2.0,2.3915,9.388,-0.03495,0.7771,2.068,-0.1694,0.0,0.0,128.0,737.0
1091758.0,2.0,2.9637,14.873,-0.00364,0.7999,0.0,0.4207,0.0,0.0,128.0,719.0
1091799.0,2.0,-2.6338,17.369,0.02861,0.7972,-0.689,1.0188,0.0,0.0,128.0,746.0
1091839.0,2.0,-2.2304,12.264,0.05891,0.7267,-2.027,0.3516,0.0,0.0,128.0,746.0
1091880.0,2.0,-1.8116,9.646,0.08588,0.5825,-4.579,0.4251,0.0,0.0,128.0,762.0
1091921.0,2.0,-1.4036,8.855,0.10579,0.3812,-6.634,0.748,0.0,0.0,128.0,745.0
1091961.0,2.0,-1.4926,-1.253,0.11471,0.0369,-9.634,0.1473,0.0,0.0,128.0,745.0
1092002.0,2.0,-1.5754,-2.708,0.10905,-0.3346,-9.648,0.0023,0.0,0.0,128.0,755.0
1092043.0,2.0,-1.6521,-1.661,0.08903,-0.6445,-5.573,-0.0547,0.0,0.0,128.0,716.0
1092083.0,2.0,-1.9528,-5.368,0.06045,-0.786,-1.6,-0.0965,0.0,0.0,128.0,753.0
1092124.0,2.0,-2.5556,-15.417,0.02827,-0.7999,0.0,0.6999,0.0,0.0,128.0,745.0
1092164.0,2.0,-3.0634,-13.68,-0.00311,-0.7999,0.0,0.1839,0.0,0.0,128.0,724.0
1092205.0,2.0,2.6615,-13.291,-0.0354,-0.7999,0.0,0.2386,0.0,0.0,128.0,708.0
1092246.0,5.0,2.301,-9.145,-0.06679,-0.7908,0.596,-0.0385,0.0,0.0,128.0,673.0
1092286.0,5.0,1.9436,-9.417,-0.09649,-0.6849,4.596,-0.0385,0.0,0.0,128.0,681.0
1092326.0,5.0,1.8224,-4.698,-0.1194,-0.4104,8.696,-0.0385,0.0,0.0,128.0,681.0
1092366.0,5.0,1.8147,-1.463,-0.12968,-0.13,5.063,-0.0385,0.0,0.0,128.0,669.0
1092406.0,5.0,1.9006,1.344,-0.13196,-0.0077,1.167,-0.0385,0.0,0.0,128.0,655.0
1092446.0,6.0,2.0279,2.765,-0.1317,0.0311,1.5,-0.0385,0.0,0.0,128.0,703.0
1092487.0,2.0,2.4666,9.023,-0.12923,0.0981,2.5,-0.2679,0.0,0.0,128.0,745.0
1092527.0,2.0,2.9759,12.148,-0.12244,0.2801,6.5,-0.0541,0.0,0.0,128.0,724.0
1092567.0,2.0,-2.775,14.05,-0.10564,0.5818,6.604,0.3042,0.0,0.0,128.0,731.0
1092607.0,2.0,-1.8577,20.703,-0.07868,0.7643,2.612,2.4087,0.0,0.0,128.0,742.0
1092648.0,2.0,-1.5509,9.691,-0.04684,0.7999,0.0,0.6282,0.0,0.0,128.0,726.0
1092689.0,2.0,-0.9956,14.087,-0.01459,0.7999,0.0,1.8527,0.0,0.0,128.0,731.0
1092729.0,2.0,-0.8391,6.779,0.01658,0.7603,-2.679,0.9915,0.0,0.0,128.0,751.0
1092769.0,2.0,-0.9664,-0.375,0.04346,0.5731,-5.879,0.6242,0.0,0.0,128.0,751.0
1092809.0,2.0,-0.836,1.887,0.06255,0.409,-3.879,0.6468,0.0,0.0,128.0,758.0
1092850.0,2.0,-0.7087,3.29,0.07485,0.1651,-7.594,0.8424,0.0,0.0,128.0,726.0
1092891.0,3.0,-0.7977,-1.133,0.07481,-0.2048,-10.91,0.6999,0.0,0.0,128.0,711.0
1092931.0,2.0,-0.8422,-1.299,0.05944,-0.5593,-6.912,0.6309,0.0,0.0,128.0,723.0
1092972.0,3.0,-0.7885,1.369,0.03248,-0.7576,-2.891,0.7168,0.0,0.0,128.0,722.0
1093012.0,2.0,-0.9449,-3.43,0.00146,-0.7912,1.109,0.6486,0.0,0.0,128.0,752.0
1093053.0,2.0,-0.9863,-1.208,-0.0285,-0.6597,5.209,0.5526,0.0,0.0,128.0,742.0
1093093.0,2.0,-1.0554,-0.542,-0.04984,-0.426,4.979,0.5483,0.0,0.0,128.0,757.0
1093134.0,2.0,-1.31,-5.466,-0.06191,-0.1358,9.079,0.495,0.0,0.0,128.0,731.0
1093174.0,2.0,-1.9819,-14.865,-0.06116,0.1602,5.627,0.9282,0.0,0.0,128.0,737.0
1093215.0,2.0,-2.8685,-20.078,-0.05104,0.3456,5.465,1.5857,0.0,0.0,128.0,715.0
1093255.0,2.0,2.8547,-16.828,-0.03277,0.576,4.265,0.857,0.0,0.0,128.0,727.0
1093295.0,2.0,2.3332,-15.414,-0.00788,0.6646,0.265,0.8493,0.0,0.0,128.0,723.0
1093335.0,2.0,2.12,-7.536,0.01744,0.5932,-3.735,-0.1073,0.0,0.0,128.0,768.0
1093376.0,2.0,1.7625,-7.158,0.03728,0.354,-7.835,0.1367,0.0,0.0,128.0,767.0
1093417.0,2.0,1.6659,-3.737,0.04425,-0.0247,-8.648,0.0076,0.0,0.0,128.0,718.0
1093457.0,2.0,1.6843,-0.668,0.03773,-0.2886,-4.648,-0.0913,0.0,0.0,128.0,725.0
1093498.0,2.0,1.7978,2.246,0.02348,-0.3931,-0.548,-0.1805,0.0,0.0,128.0,744.0
1093539.0,2.0,2.0356,5.129,0.00829,-0.3295,3.552,-0.2743,0.0,0.0,128.0,772.0
1093580.0,2.0,2.324,6.707,-0.00105,-0.0977,7.652,-0.4143,0.0,0.0,128.0,749.0
1093620.0,2.0,2.9498,13.662,0.00188,0.2747,9.252,0.2065,0.0,0.0,128.0,724.0
1093661.0,2.0,-2.4912,17.82,0.01931,0.568,5.152,1.1744,0.0,0.0,128.0,730.0
1093701.0,2.0,-1.5401,22.538,0.04455,0.692,1.152,3.12,0.0,0.0,128.0,736.0
1093742.0,5.0,-1.218,13.635,0.07361,0.7336,-0.548,2.8553,0.0,0.0,128.0,700.0
1093782.0,5.0,-0.7609,10.611,0.10106,0.6296,-4.548,2.8553,0.0,0.0,128.0,661.0
1093823.0,5.0,-0.5829,5.556,0.12135,0.3657,-8.548,2.8553,0.0,0.0,128.0,674.0
1093863.0,5.0,-0.5798,0.719,0.13039,0.1013,-4.448,2.8553,0.0,0.0,128.0,653.0
1093904.0,5.0,0.0215,10.923,0.132,0.0023,-0.659,2.8553,0.0,0.0,128.0,665.0
1093944.0,6.0,0.5323,12.439,0.13144,-0.0415,-1.5,2.8553,0.0,0.0,128.0,694.0
1093984.0,2.0,0.9894,11.415,0.12859,-0.1151,-3.1,1.3618,0.0,0.0,128.0,723.0
1094024.0,2.0,1.4956,12.187,0.12068,-0.3211,-7.1,1.0028,0.0,0.0,128.0,725.0
1094065.0,2.0,2.1598,15.456,0.10159,-0.6221,-5.957,0.9401,0.0,0.0,128.0,731.0
1094105.0,2.0,2.933,18.916,0.07358,-0.7784,-1.957,1.2789,0.0,0.0,128.0,721.0
1094146.0,2.0,-2.3853,21.601,0.04151,-0.7999,0.0,2.2199,0.0,0.0,128.0,716.0
1094186.0,2.0,-1.5217,22.22,0.01001,-0.7954,0.9,3.27,0.0,0.0,128.0,757.0
1094227.0,2.0,-1.0538,12.953,-0.02021,-0.6724,5.0,1.5864,0.0,0.0,128.0,754.0
1094268.0,2.0,-0.7317,9.125,-0.04234,-0.4033,6.636,1.3008,0.0,0.0,128.0,719.0
1094308.0,2.0,-0.6335,3.843,-0.05415,-0.2088,4.027,0.9086,0.0,0.0,128.0,753.0
1094349.0,3.0,-0.6703,0.681,-0.05989,-0.0955,0.879,0.7865,0.0,0.0,128.0,729.0
1094389.0,2.0,-0.7747,-2.271,-0.06352,-0.0773,1.879,0.6974,0.0,0.0,128.0,743.0
1094430.0,3.0,-0.6811,1.843,-0.06424,0.0466,2.285,0.7993,0.0,0.0,128.0,702.0
1094472.0,2.0,-0.8237,-2.503,-0.06165,0.0548,-1.415,0.7276,0.0,0.0,128.0,842.0
1094512.0,2.0,-1.06,-5.257,-0.05944,0.0828,2.685,0.6554,0.0,0.0,128.0,732.0
1094553.0,2.0,-1.3023,-7.711,-0.05284,0.279,6.785,0.5507,0.0,0.0,128.0,729.0
1094593.0,2.0,-2.1307,-17.367,-0.03656,0.535,5.02,1.4123,0.0,0.0,128.0,732.0
1094634.0,2.0,-2.7458,-17.173,-0.01103,0.7124,2.452,0.9301,0.0,0.0,128.0,716.0
1094674.0,2.0,2.7642,-18.764,0.01789,0.7362,-0.495,1.3012,0.0,0.0,128.0,742.0
1094714.0,2.0,2.2151,-14.538,0.04628,0.682,-3.194,0.7393,0.0,0.0,128.0,752.0
1094755.0,2.0,1.8239,-11.183,0.07012,0.465,-7.294,0.5516,0.0,0.0,128.0,756.0
1094795.0,2.0,1.4987,-8.928,0.08198,0.1184,-8.094,0.5867,0.0,0.0,128.0,765.0
1094836.0,2.0,1.333,-5.047,0.08134,-0.1274,-3.994,0.4208,0.0,0.0,128.0,709.0
1094877.0,2.0,1.2778,-2.059,0.0741,-0.2104,-0.969,0.3362,0.0,0.0,128.0,749.0
1094917.0,2.0,1.264,-0.428,0.06484,-0.2581,-1.554,0.3171,0.0,0.0,128.0,738.0
1094958.0,2.0,1.5018,4.87,0.05209,-0.4079,-5.654,0.2245,0.0,0.0,128.0,717.0
1094998.0,2.0,1.7472,5.481,0.03221,-0.5813,-2.41,0.0222,0.0,0.0,128.0,723.0
1095038.0,2.0,2.2826,11.259,0.00848,-0.5957,1.59,0.1464,0.0,0.0,128.0,760.0
1095079.0,2.0,2.8087,13.165,-0.01313,-0.4444,5.69,0.1376,0.0,0.0,128.0,732.0
1095119.0,2.0,-2.643,19.138,-0.02539,-0.1578,6.755,1.4089,0.0,0.0,128.0,765.0
1095160.0,2.0,-1.7748,22.16,-0.02745,0.0331,2.655,2.9843,0.0,0.0,128.0,740.0
1095200.0,2.0,-1.3192,13.101,-0.02441,0.1264,2.793,1.3118,0.0,0.0,128.0,729.0
1095240.0,2.0,-0.902,10.794,-0.01627,0.3162,5.637,1.4186,0.0,0.0,128.0,736.0
1095281.0,2.0,-0.6458,6.532,-0.00011,0.4612,1.537,1.0826,0.0,0.0,128.0,727.0
1095321.0,2.0,-0.5139,3.386,0.01815,0.4406,-2.463,0.9451,0.0,0.0,128.0,755.0
1095362.0,3.0,-0.5584,-0.985,0.03345,0.293,-5.335,0.8543,0.0,0.0,128.0,722.0
1095402.0,3.0,-0.2393,6.812,0.04035,0.0576,-4.535,1.2648,0.0,0.0,128.0,715.0
1095443.0,3.0,-0.0629,4.978,0.04009,-0.0422,-0.435,1.1549,0.0,0.0,128.0,695.0
1095483.0,3.0,0.1488,5.28,0.03911,0.0224,3.565,1.1651,0.0,0.0,128.0,695.0
1095523.0,3.0,0.4709,7.531,0.0438,0.247,7.565,1.2496,0.0,0.0,128.0,702.0
1095564.0,5.0,0.6964,5.834,0.05948,0.5101,4.465,1.2935,0.0,0.0,128.0,668.0
1095604.0,5.0,1.083,8.124,0.08198,0.6067,0.465,1.2935,0.0,0.0,128.0,690.0
1095644.0,5.0,1.5309,11.029,0.10519,0.5433,-3.535,1.2935,0.0,0.0,128.0,675.0
1095684.0,5.0,2.0141,11.435,0.12289,0.3199,-7.535,1.2935,0.0,0.0,128.0,695.0
1095725.0,5.0,2.5817,14.195,0.13054,0.0786,-3.936,1.2935,0.0,0.0,128.0,673.0
1095765.0,5.0,-3.1201,14.197,0.13162,0.0004,-0.145,1.2935,0.0,0.0,128.0,666.0
1095805.0,6.0,-2.436,15.072,0.13088,-0.0476,-1.5,1.2935,0.0,0.0,128.0,719.0
1095845.0,2.0,-1.8761,15.072,0.12761,-0.1401,-4.0,1.2626,0.0,0.0,128.0,730.0
1095886.0,2.0,-1.3054,14.045,0.11775,-0.373,-6.132,1.5223,0.0,0.0,128.0,738.0
1095927.0,2.0,-1.221,5.643,0.09769,-0.6351,-5.74,0.5559,0.0,0.0,128.0,718.0
1095967.0,2.0,-1.4373,-2.641,0.06934,-0.7831,-1.767,0.1942,0.0,0.0,128.0,742.0
1096007.0,2.0,-1.4036,0.081,0.03806,-0.7997,-0.114,0.163,0.0,0.0,128.0,753.0
1096047.0,2.0,-1.4189,-0.533,0.0066,-0.7932,1.105,0.1582,0.0,0.0,128.0,772.0
1096088.0,2.0,-1.6153,-2.674,-0.02366,-0.6843,4.34,0.0723,0.0,0.0,128.0,762.0
1096128.0,2.0,-2.3363,-14.928,-0.04823,-0.5734,2.661,0.7063,0.0,0.0,128.0,766.0
1096169.0,2.0,-2.8287,-12.792,-0.0699,-0.5275,-0.641,0.0892,0.0,0.0,128.0,725.0
1096210.0,2.0,2.8164,-16.242,-0.09098,-0.4936,2.671,0.7297,0.0,0.0,128.0,724.0
1096250.0,2.0,2.4943,-11.183,-0.10808,-0.3651,3.618,0.0562,0.0,0.0,128.0,774.0
1096291.0,2.0,2.1721,-8.035,-0.12094,-0.2867,1.203,-0.1309,0.0,0.0,128.0,761.0
1096332.0,5.0,1.9957,-4.951,-0.13072,-0.1823,4.497,-0.0906,0.0,0.0,128.0,689.0
1096372.0,5.0,2.0034,-0.522,-0.13451,-0.0226,2.098,-0.0906,0.0,0.0,128.0,674.0
1096412.0,6.0,2.0954,2.324,-0.13463,0.0152,1.5,-0.0906,0.0,0.0,128.0,709.0
1096453.0,6.0,2.2964,4.173,-0.13279,0.0767,1.5,-0.0906,0.0,0.0,128.0,715.0
1096493.0,2.0,2.4206,4.498,-0.12863,0.1433,2.6,-0.6717,0.0,0.0,128.0,750.0
1096534.0,2.0,3.0403,12.39,-0.11963,0.336,6.7,-0.0232,0.0,0.0,128.0,736.0
1096575.0,2.0,-2.6139,16.115,-0.10005,0.6316,5.804,0.7707,0.0,0.0,128.0,721.0
1096615.0,2.0,-2.1844,13.094,-0.07174,0.7819,1.809,0.5724,0.0,0.0,128.0,736.0
1096656.0,2.0,-1.3438,17.592,-0.03971,0.7998,0.109,2.1331,0.0,0.0,128.0,746.0
1096697.0,2.0,-1.2701,6.896,-0.00754,0.7828,-1.8,0.6307,0.0,0.0,128.0,751.0
1096738.0,2.0,-1.1152,4.517,0.0216,0.6351,-5.045,0.625,0.0,0.0,128.0,759.0
1096779.0,2.0,-1.2226,-1.923,0.04249,0.4021,-4.345,0.357,0.0,0.0,128.0,746.0
1096819.0,2.0,-1.1321,1.801,0.0558,0.2723,-4.145,0.4421,0.0,0.0,128.0,756.0
1096860.0,2.0,-1.1796,-0.408,0.0624,0.0276,-6.218,0.405,0.0,0.0,128.0,738.0
1096900.0,2.0,-1.3652,-3.884,0.05978,-0.1391,-2.218,0.3095,0.0,0.0,128.0,729.0
1096941.0,2.0,-1.5125,-3.49,0.0534,-0.1652,-0.8,0.1477,0.0,0.0,128.0,751.0
1096981.0,2.0,-1.9251,-9.172,0.04526,-0.2792,-4.8,0.1687,0.0,0.0,128.0,731.0
1097022.0,2.0,-2.9176,-21.424,0.02951,-0.4971,-3.9,1.9143,0.0,0.0,128.0,733.0
1097063.0,2.0,2.7642,-16.36,0.00795,-0.575,-1.062,0.779,0.0,0.0,128.0,759.0
1097103.0,2.0,2.0739,-16.517,-0.01601,-0.5874,1.583,1.2886,0.0,0.0,128.0,756.0
1097144.0,2.0,1.6183,-12.785,-0.03806,-0.5075,2.589,1.0174,0.0,0.0,128.0,753.0
1097185.0,2.0,1.3131,-8.334,-0.05535,-0.3152,6.689,0.7202,0.0,0.0,128.0,728.0
1097225.0,2.0,0.9357,-8.38,-0.06191,-0.0035,7.107,0.9773,0.0,0.0,128.0,739.0
1097266.0,2.0,0.7578,-5.758,-0.05745,0.2048,4.007,0.979,0.0,0.0,128.0,730.0
1097306.0,3.0,0.7072,-1.631,-0.0453,0.4471,8.007,0.777,0.0,0.0,128.0,703.0
1097347.0,3.0,0.2178,-10.663,-0.02156,0.7053,4.307,1.695,0.0,0.0,128.0,696.0
1097387.0,3.0,0.2163,-2.444,0.00848,0.7956,0.307,1.0144,0.0,0.0,128.0,700.0
1097428.0,3.0,0.2178,0.174,0.04084,0.7999,0.0,0.9779,0.0,0.0,128.0,689.0
1097468.0,3.0,-0.1994,-7.961,0.07215,0.7648,-2.6,1.3807,0.0,0.0,128.0,718.0
1097508.0,3.0,-0.1319,-1.155,0.0993,0.58,-6.0,0.9997,0.0,0.0,128.0,729.0
1097549.0,5.0,-0.0583,1.707,0.11857,0.411,-4.0,1.0201,0.0,0.0,128.0,673.0
1097589.0,5.0,-0.115,-0.961,0.13091,0.1742,-5.893,1.0201,0.0,0.0,128.0,662.0
1097630.0,5.0,0.1933,5.568,0.13429,0.0201,-1.996,1.0201,0.0,0.0,128.0,658.0
1097670.0,6.0,0.4326,6.536,0.13432,-0.0182,-1.5,1.0201,0.0,0.0,128.0,709.0
1097711.0,6.0,0.7532,6.992,0.13238,-0.0797,-1.5,1.0201,0.0,0.0,128.0,701.0
1097751.0,2.0,1.2257,9.948,0.12803,-0.1533,-3.1,0.9729,0.0,0.0,128.0,722.0
1097791.0,2.0,1.7073,11.129,0.11857,-0.3563,-6.1,0.6444,0.0,0.0,128.0,745.0
1097832.0,2.0,2.3501,14.802,0.09938,-0.606,-5.432,0.6528,0.0,0.0,128.0,743.0
1097872.0,2.0,3.0496,16.115,0.07241,-0.7414,-1.54,0.6534,0.0,0.0,128.0,725.0
1097913.0,2.0,-2.2596,20.58,0.04099,-0.7998,-0.133,1.9345,0.0,0.0,128.0,732.0
1097953.0,2.0,-1.942,14.315,0.00949,-0.7961,0.826,0.966,0.0,0.0,128.0,750.0
1097994.0,2.0,-1.3361,13.056,-0.02194,-0.746,2.853,1.4021,0.0,0.0,128.0,751.0
1098035.0,2.0,-1.0907,7.267,-0.04961,-0.6203,3.776,0.8198,0.0,0.0,128.0,743.0
1098076.0,2.0,-0.9465,4.106,-0.07147,-0.4499,4.299,0.7091,0.0,0.0,128.0,745.0
1098117.0,2.0,-0.9434,0.76,-0.08606,-0.2638,5.087,0.6063,0.0,0.0,128.0,746.0
1098158.0,2.0,-1.0232,-1.561,-0.0915,0.0308,9.187,0.5325,0.0,0.0,128.0,722.0
1098198.0,2.0,-1.2763,-4.927,-0.08261,0.4257,8.652,0.47,0.0,0.0,128.0,744.0
1098238.0,2.0,-1.5861,-6.752,-0.0603,0.6903,4.676,0.3496,0.0,0.0,128.0,746.0
1098279.0,2.0,-2.2703,-15.386,-0.02981,0.7959,0.576,0.7986,0.0,0.0,128.0,726.0
1098319.0,2.0,-3.114,-19.396,0.00094,0.7526,-1.024,1.379,0.0,0.0,128.0,751.0
1098360.0,2.0,2.6047,-16.957,0.03083,0.7172,-1.828,1.0058,0.0,0.0,128.0,752.0
1098401.0,2.0,2.0172,-13.847,0.05719,0.5562,-5.928,0.7926,0.0,0.0,128.0,740.0
1098441.0,2.0,1.6291,-11.316,0.07361,0.2527,-7.528,0.787,0.0,0.0,128.0,773.0
1098482.0,2.0,1.3438,-7.476,0.07886,0.0301,-3.428,0.6018,0.0,0.0,128.0,759.0
1098523.0,2.0,1.1597,-5.009,0.07766,-0.0922,-2.645,0.5762,0.0,0.0,128.0,737.0
1098564.0,2.0,1.0308,-3.512,0.07211,-0.1825,-2.167,0.5943,0.0,0.0,128.0,737.0
1098604.0,2.0,1.0922,-0.215,0.06338,-0.2581,-1.984,0.519,0.0,0.0,128.0,739.0
1098645.0,2.0,1.3453,5.31,0.05025,-0.4256,-6.084,0.4083,0.0,0.0,128.0,756.0
1098686.0,2.0,1.6291,6.378,0.02794,-0.6703,-4.256,0.2001,0.0,0.0,128.0,736.0
1098727.0,2.0,2.1859,11.759,-0.00146,-0.7587,-0.156,0.2949,0.0,0.0,128.0,742.0
1098767.0,2.0,2.6615,11.357,-0.03038,-0.6829,3.844,-0.0586,0.0,0.0,128.0,759.0
1098808.0,2.0,-2.8578,17.734,-0.05408,-0.4938,3.744,1.0592,0.0,0.0,128.0,744.0
1098848.0,2.0,-2.0755,15.917,-0.07057,-0.3436,4.344,1.0869,0.0,0.0,128.0,745.0
1098889.0,2.0,-1.33,16.902,-0.08126,-0.1678,5.844,2.133,0.0,0.0,128.0,730.0
1098930.0,2.0,-0.8882,11.571,-0.08224,0.1579,9.944,1.5264,0.0,0.0,128.0,733.0
1098971.0,2.0,-0.7164,5.085,-0.06877,0.4908,6.12,0.9325,0.0,0.0,128.0,738.0
1099012.0,3.0,-0.6412,2.431,-0.04519,0.6556,2.02,0.8387,0.0,0.0,128.0,709.0
1099052.0,2.0,-0.8805,-4.993,-0.01883,0.6574,-0.98,0.8084,0.0,0.0,128.0,762.0
1099092.0,2.0,-0.7869,0.279,0.0072,0.678,0.147,0.6873,0.0,0.0,128.0,733.0
1099133.0,3.0,-0.7946,0.206,0.03296,0.6019,-3.853,0.7008,0.0,0.0,128.0,737.0
1099173.0,2.0,-0.994,-4.033,0.05404,0.4542,-2.537,0.6624,0.0,0.0,128.0,742.0
1099214.0,2.0,-1.2747,-6.459,0.07012,0.3383,-2.64,0.5429,0.0,0.0,128.0,739.0
1099254.0,2.0,-1.4465,-4.177,0.08179,0.2563,-2.118,0.2501,0.0,0.0,128.0,759.0
1099295.0,2.0,-1.8776,-8.838,0.08936,0.0851,-6.177,0.1935,0.0,0.0,128.0,751.0
1099336.0,2.0,-2.9345,-22.526,0.08726,-0.1825,-5.017,2.2107,0.0,0.0,128.0,731.0
1099376.0,2.0,2.5878,-17.552,0.07717,-0.3221,-3.817,1.1008,0.0,0.0,128.0,730.0
1099416.0,2.0,1.919,-16.632,0.06236,-0.4071,-0.277,1.4874,0.0,0.0,128.0,745.0
1099457.0,2.0,1.3085,-14.489,0.04507,-0.4688,-3.129,1.625,0.0,0.0,128.0,735.0
1099498.0,2.0,0.9342,-10.298,0.02306,-0.6194,-2.858,1.2808,0.0,0.0,128.0,732.0
1099539.0,2.0,0.6366,-7.975,-0.00345,-0.674,-0.11,1.2167,0.0,0.0,128.0,721.0
1099580.0,2.0,0.0291,-13.605,-0.03075,-0.6997,-2.303,2.1686,0.0,0.0,128.0,724.0
1099620.0,5.0,-0.0153,-4.388,-0.06026,-0.7808,-0.303,2.0253,0.0,0.0,128.0,688.0
1099661.0,5.0,-0.0476,-1.071,-0.09098,-0.7072,3.797,2.0253,0.0,0.0,128.0,654.0
1099701.0,5.0,-0.2884,-5.064,-0.11494,-0.4733,7.797,2.0253,0.0,0.0,128.0,681.0
1099741.0,5.0,-0.7394,-10.308,-0.12746,-0.1724,5.797,2.0253,0.0,0.0,128.0,654.0
1099781.0,5.0,-0.9158,-5.348,-0.1308,-0.0195,1.899,2.0253,0.0,0.0,128.0,673.0
1099822.0,6.0,-1.4772,-12.914,-0.13084,0.0186,1.5,2.0253,0.0,0.0,128.0,701.0
1099862.0,2.0,-2.1338,-15.118,-0.12889,0.0939,3.2,0.9653,0.0,0.0,128.0,737.0
1099903.0,2.0,3.1017,-23.04,-0.12139,0.3112,7.3,2.3565,0.0,0.0,128.0,724.0
1099943.0,2.0,2.3807,-20.044,-0.10309,0.6145,6.085,1.8282,0.0,0.0,128.0,731.0
1099983.0,2.0,2.0187,-12.872,-0.0753,0.7759,2.085,0.6829,0.0,0.0,128.0,743.0
1100023.0,2.0,1.7073,-7.779,-0.04425,0.7773,-1.915,0.2684,0.0,0.0,128.0,752.0
1100063.0,2.0,1.4634,-6.422,-0.01511,0.7243,0.485,0.3778,0.0,0.0,128.0,729.0
1100104.0,2.0,1.4251,-2.184,0.01549,0.7944,0.985,0.2046,0.0,0.0,128.0,735.0
1100144.0,2.0,1.3545,-1.405,0.04691,0.7952,-0.929,0.2524,0.0,0.0,128.0,754.0
1100185.0,2.0,1.5662,3.599,0.0771,0.671,-5.029,0.1033,0.0,0.0,128.0,767.0
1100226.0,2.0,1.7641,4.585,0.10012,0.4844,-2.907,-0.0433,0.0,0.0,128.0,757.0
1100266.0,2.0,2.2534,10.487,0.11753,0.3917,-2.661,0.0587,0.0,0.0,128.0,759.0
1100307.0,5.0,2.6032,9.096,0.13005,0.1973,-6.28,0.0523,0.0,0.0,128.0,667.0
1100347.0,5.0,3.1078,11.624,0.13406,0.0281,-2.28,0.0523,0.0,0.0,128.0,681.0
1100387.0,6.0,-2.4866,16.723,0.13429,-0.0105,-1.408,0.0523,0.0,0.0,128.0,704.0
1100427.0,6.0,-2.3224,7.623,0.13271,-0.0705,-1.5,0.0523,0.0,0.0,128.0,702.0
1100467.0,2.0,-1.7073,13.437,0.12878,-0.136,-2.5,1.0281,0.0,0.0,128.0,743.0
1100508.0,2.0,-1.6981,3.285,0.12037,-0.2967,-4.312,-0.0312,0.0,0.0,128.0,733.0
1100548.0,2.0,-1.8423,-1.946,0.10455,-0.5396,-7.214,-0.2289,0.0,0.0,128.0,743.0
1100589.0,2.0,-1.9712,-2.814,0.07807,-0.7499,-3.133,-0.3267,0.0,0.0,128.0,742.0
1100630.0,2.0,-2.4329,-8.047,0.04635,-0.7999,0.0,-0.2349,0.0,0.0,128.0,773.0
1100671.0,2.0,-2.5479,-5.888,0.01414,-0.7999,0.0,-0.6317,0.0,0.0,128.0,731.0
1100712.0,2.0,2.9851,-14.934,-0.01819,-0.7999,0.0,0.4308,0.0,0.0,128.0,731.0
1100752.0,2.0,2.6308,-11.532,-0.04972,-0.7964,-0.038,0.0384,0.0,0.0,128.0,747.0
1100793.0,5.0,2.3991,-6.221,-0.08093,-0.7674,2.5,-0.631,0.0,0.0,128.0,661.0
1100833.0,5.0,2.1368,-6.432,-0.10879,-0.5788,6.6,-0.631,0.0,0.0,128.0,681.0
1100873.0,5.0,2.146,-1.318,-0.12566,-0.2634,7.2,-0.631,0.0,0.0,128.0,660.0
1100913.0,5.0,2.2948,2.988,-0.13155,-0.0554,3.302,-0.631,0.0,0.0,128.0,667.0
1100954.0,6.0,2.4912,4.4,-0.13223,0.0011,0.452,-0.631,0.0,0.0,128.0,718.0
1100994.0,6.0,2.8026,6.531,-0.13114,0.0577,1.5,-0.631,0.0,0.0,128.0,712.0
1101034.0,2.0,-3.0925,9.593,-0.1275,0.1477,3.9,-0.4152,0.0,0.0,128.0,745.0
1101075.0,2.0,-2.416,13.628,-0.1173,0.3937,8.0,0.3858,0.0,0.0,128.0,752.0
1101116.0,2.0,-1.9988,11.55,-0.0954,0.6765,4.964,0.4658,0.0,0.0,128.0,745.0
1101156.0,2.0,-1.4235,16.05,-0.06604,0.7939,0.999,1.8204,0.0,0.0,128.0,721.0
1101197.0,2.0,-1.353,4.332,-0.0339,0.7879,-1.5,0.3544,0.0,0.0,128.0,751.0
1101238.0,2.0,-1.2947,1.742,-0.00442,0.6412,-5.172,0.3093,0.0,0.0,128.0,752.0
1101278.0,2.0,-1.4067,-2.137,0.01778,0.5083,-1.379,0.1979,0.0,0.0,128.0,758.0
1101318.0,2.0,-1.4021,-0.57,0.03728,0.475,-2.185,0.1569,0.0,0.0,128.0,761.0
1101358.0,2.0,-1.5463,-2.693,0.05374,0.3598,-3.1,0.0933,0.0,0.0,128.0,768.0
1101399.0,2.0,-1.7165,-5.497,0.06487,0.1705,-5.996,0.0454,0.0,0.0,128.0,750.0
1101440.0,2.0,-2.6661,-17.909,0.06626,-0.1015,-5.296,1.1444,0.0,0.0,128.0,731.0
1101480.0,2.0,3.0127,-16.943,0.05869,-0.2991,-5.429,0.829,0.0,0.0,128.0,731.0
1101521.0,2.0,2.255,-17.487,0.04298,-0.4784,-2.61,1.3126,0.0,0.0,128.0,808.0
1101561.0,2.0,1.7579,-14.002,0.02224,-0.5453,-0.606,1.0933,0.0,0.0,128.0,723.0
1101601.0,2.0,1.3192,-11.208,0.0006,-0.5531,0.489,1.0712,0.0,0.0,128.0,751.0
1101642.0,2.0,1.0216,-8.068,-0.02048,-0.4749,2.964,0.9538,0.0,0.0,128.0,745.0
1101683.0,2.0,0.5752,-9.64,-0.03701,-0.3465,2.029,1.3917,0.0,0.0,128.0,738.0
1101723.0,2.0,0.3252,-8.043,-0.05017,-0.3417,-0.571,1.3887,0.0,0.0,128.0,717.0
1101764.0,3.0,0.3053,-1.079,-0.06345,-0.2904,3.129,0.9611,0.0,0.0,128.0,717.0
1101804.0,3.0,-0.0337,-6.682,-0.07331,-0.2353,-0.569,1.2816,0.0,0.0,128.0,704.0
1101845.0,3.0,-0.2516,-6.148,-0.08445,-0.3447,-4.669,1.2074,0.0,0.0,128.0,697.0
1101885.0,5.0,-0.1963,-0.116,-0.10054,-0.4495,-0.669,1.1889,0.0,0.0,128.0,659.0
1101925.0,5.0,-0.273,-1.316,-0.11775,-0.3943,3.331,1.1889,0.0,0.0,128.0,652.0
1101965.0,5.0,-0.5277,-5.762,-0.12975,-0.1838,6.057,1.1889,0.0,0.0,128.0,665.0
1102006.0,5.0,-0.6167,-2.866,-0.13339,-0.0234,2.162,1.1889,0.0,0.0,128.0,668.0
1102046.0,6.0,-0.7992,-3.975,-0.13346,0.0178,1.5,1.1889,0.0,0.0,128.0,696.0
1102086.0,6.0,-0.9894,-6.537,-0.13162,0.0778,1.5,1.1889,0.0,0.0,128.0,709.0
1102127.0,2.0,-1.7349,-14.42,-0.12709,0.1669,3.8,1.2071,0.0,0.0,128.0,742.0
1102167.0,2.0,-2.4176,-16.643,-0.11655,0.4009,7.8,1.0523,0.0,0.0,128.0,751.0
1102208.0,2.0,3.0496,-20.034,-0.09439,0.68,4.882,1.5534,0.0,0.0,128.0,740.0
1102248.0,2.0,2.4344,-14.191,-0.06491,0.7933,0.882,0.5217,0.0,0.0,128.0,751.0
1102289.0,2.0,2.0325,-10.77,-0.03289,0.7694,-2.418,0.333,0.0,0.0,128.0,765.0
1102329.0,2.0,1.7012,-8.509,-0.00551,0.5932,-5.747,0.3468,0.0,0.0,128.0,766.0
1102370.0,2.0,1.5585,-4.536,0.01489,0.4405,-1.723,0.1726,0.0,0.0,128.0,743.0
1102411.0,2.0,1.4849,-2.32,0.03232,0.4386,-0.024,0.1468,0.0,0.0,128.0,765.0
1102452.0,2.0,1.5708,1.048,0.04886,0.3515,-4.124,0.0478,0.0,0.0,128.0,742.0
1102493.0,2.0,1.7564,4.496,0.05959,0.194,-2.085,-0.046,0.0,0.0,128.0,744.0
1102534.0,2.0,1.9604,4.891,0.06686,0.1946,2.015,-0.2528,0.0,0.0,128.0,745.0
1102575.0,2.0,2.5449,11.988,0.0771,0.3094,1.572,0.0882,0.0,0.0,128.0,752.0
1102616.0,2.0,3.0894,14.719,0.09004,0.3131,-1.526,0.3694,0.0,0.0,128.0,743.0
1102656.0,2.0,-2.755,10.635,0.10166,0.2928,0.958,-0.223,0.0,0.0,128.0,741.0
1102697.0,2.0,-1.7671,20.042,0.1131,0.246,-3.142,2.3398,0.0,0.0,128.0,750.0
1102737.0,2.0,-1.6137,8.36,0.11959,0.0733,-4.342,0.3728,0.0,0.0,128.0,764.0
1102778.0,2.0,-1.5248,4.554,0.11798,-0.1909,-8.442,0.2005,0.0,0.0,128.0,725.0
1102818.0,2.0,-1.5294,0.929,0.10358,-0.5395,-7.218,0.0643,0.0,0.0,128.0,731.0
1102858.0,2.0,-1.6199,-1.698,0.07785,-0.7467,-3.237,-0.0315,0.0,0.0,128.0,754.0
1102899.0,2.0,-1.6414,-0.801,0.04628,-0.7999,0.0,-0.0847,0.0,0.0,128.0,736.0
1102940.0,2.0,-1.7932,-3.187,0.01395,-0.7999,0.0,-0.2336,0.0,0.0,128.0,741.0
1102981.0,2.0,-2.6047,-14.923,-0.01834,-0.7999,0.0,0.5625,0.0,0.0,128.0,730.0
1103021.0,2.0,3.0741,-15.221,-0.04991,-0.7996,0.201,0.4644,0.0,0.0,128.0,750.0
1103062.0,2.0,2.5832,-14.486,-0.08089,-0.7055,4.101,0.5164,0.0,0.0,128.0,758.0
1103103.0,5.0,2.258,-9.435,-0.10627,-0.5773,4.301,-0.4708,0.0,0.0,128.0,682.0
1103143.0,5.0,2.1307,-4.574,-0.12503,-0.3156,7.944,-0.4708,0.0,0.0,128.0,673.0
1103183.0,5.0,2.1154,-0.658,-0.13241,-0.0799,3.944,-0.4708,0.0,0.0,128.0,667.0
1103223.0,5.0,2.1875,1.008,-0.13354,-0.0004,0.266,-0.4708,0.0,0.0,128.0,676.0
1103264.0,6.0,2.2013,-0.077,-0.13283,0.0488,1.5,-0.4708,0.0,0.0,128.0,715.0
1103309.0,2.0,2.6768,8.719,-0.12934,0.1176,2.2,-0.4158,0.0,0.0,128.0,735.0
1103349.0,2.0,-3.094,12.063,-0.12169,0.2939,6.3,-0.0802,0.0,0.0,128.0,731.0
1103389.0,2.0,-2.7259,11.451,-0.10451,0.5894,6.49,-0.0838,0.0,0.0,128.0,740.0
1103430.0,2.0,-2.0034,16.256,-0.07665,0.7697,2.398,1.2316,0.0,0.0,128.0,736.0
1103470.0,2.0,-1.6858,8.355,-0.04541,0.7999,0.0,0.3926,0.0,0.0,128.0,744.0
1103511.0,2.0,-1.3499,7.215,-0.01316,0.7961,-0.8,0.6333,0.0,0.0,128.0,745.0
1103551.0,2.0,-1.0293,7.493,0.01665,0.7024,-3.054,0.9197,0.0,0.0,128.0,743.0
1103591.0,2.0,-1.1812,-0.888,0.04099,0.5038,-5.654,0.4352,0.0,0.0,128.0,753.0
1103632.0,2.0,-1.333,-3.769,0.0579,0.3581,-1.554,0.2872,0.0,0.0,128.0,752.0
1103672.0,2.0,-1.3499,-0.865,0.07069,0.2681,-3.888,0.2363,0.0,0.0,128.0,760.0
1103713.0,2.0,-1.3913,-0.568,0.07913,0.14,-4.327,0.1727,0.0,0.0,128.0,756.0
1103754.0,2.0,-2.0571,-9.663,0.08096,-0.0756,-6.981,0.2855,0.0,0.0,128.0,729.0
1103794.0,2.0,-2.8317,-19.277,0.07249,-0.3433,-4.962,1.3897,0.0,0.0,128.0,723.0
1103834.0,2.0,2.7366,-18.66,0.05561,-0.5148,-3.4,1.2877,0.0,0.0,128.0,747.0
1103875.0,2.0,2.1522,-15.825,0.03322,-0.5699,-0.048,1.1054,0.0,0.0,128.0,731.0
1103916.0,2.0,1.5953,-13.342,0.00956,-0.595,0.58,1.1232,0.0,0.0,128.0,761.0
1103957.0,2.0,1.2333,-9.851,-0.01391,-0.5473,2.5,0.9641,0.0,0.0,128.0,751.0
1103998.0,2.0,0.9741,-7.071,-0.0336,-0.4113,4.32,0.8998,0.0,0.0,128.0,752.0
1104039.0,2.0,0.3973,-14.014,-0.04673,-0.255,2.049,2.1754,0.0,0.0,128.0,700.0
1104081.0,3.0,0.3942,-2.512,-0.0564,-0.2053,1.849,0.9632,0.0,0.0,128.0,736.0
1104121.0,3.0,0.2378,-3.212,-0.06259,-0.1177,0.767,1.0371,0.0,0.0,128.0,736.0
1104162.0,3.0,-0.2408,-10.444,-0.06784,-0.1723,-3.333,1.6602,0.0,0.0,128.0,690.0
1104202.0,5.0,-0.1979,-1.725,-0.07819,-0.3694,-4.733,1.12,0.0,0.0,128.0,673.0
1104243.0,5.0,-0.1887,0.213,-0.09581,-0.4774,-0.633,1.12,0.0,0.0,128.0,668.0
1104283.0,5.0,-0.3375,-2.79,-0.11408,-0.4207,3.367,1.12,0.0,0.0,128.0,672.0
1104323.0,5.0,-0.5047,-3.609,-0.12705,-0.207,6.367,1.12,0.0,0.0,128.0,659.0
1104364.0,5.0,-0.5001,-0.572,-0.13136,-0.0317,2.468,1.12,0.0,0.0,128.0,662.0
1104404.0,6.0,-0.7378,-4.61,-0.13159,0.013,1.5,1.12,0.0,0.0,128.0,688.0
1104451.0,2.0,-0.9649,-5.803,-0.12937,0.0871,2.3,0.7269,0.0,0.0,128.0,848.0
1104491.0,2.0,-1.7181,-14.199,-0.12319,0.2611,6.3,1.21,0.0,0.0,128.0,751.0
1104532.0,2.0,-2.2442,-15.649,-0.10699,0.553,7.024,0.8993,0.0,0.0,128.0,734.0
1104573.0,2.0,3.0311,-21.149,-0.08021,0.7557,2.962,1.8356,0.0,0.0,128.0,730.0
1104613.0,2.0,2.4697,-16.153,-0.04924,0.7999,0.0,0.9282,0.0,0.0,128.0,725.0
1104653.0,2.0,1.9957,-11.539,-0.01823,0.7553,-2.653,0.4509,0.0,0.0,128.0,764.0
1104694.0,2.0,1.6613,-9.074,0.00904,0.5733,-4.946,0.47,0.0,0.0,128.0,761.0
1104735.0,2.0,1.4389,-5.826,0.02929,0.4566,-0.846,0.3654,0.0,0.0,128.0,760.0
1104776.0,2.0,1.3499,-2.862,0.04789,0.4725,0.208,0.2983,0.0,0.0,128.0,743.0
1104817.0,2.0,1.2747,-1.994,0.06649,0.4378,-1.71,0.3399,0.0,0.0,128.0,757.0
1104858.0,2.0,1.4864,3.66,0.08164,0.2816,-5.81,0.1809,0.0,0.0,128.0,735.0
1104898.0,2.0,1.715,4.82,0.08775,0.0322,-4.81,0.0388,0.0,0.0,128.0,759.0
1104939.0,2.0,2.1997,10.308,0.08633,-0.0789,-0.71,0.0824,0.0,0.0,128.0,743.0
1104979.0,2.0,2.6753,11.927,0.08359,-0.0486,1.446,-0.0041,0.0,0.0,128.0,765.0
1105020.0,2.0,-2.9744,15.412,0.08363,0.0506,1.346,0.5123,0.0,0.0,128.0,719.0
1105060.0,2.0,-2.2473,14.571,0.08569,0.0409,-0.548,0.5795,0.0,0.0,128.0,744.0
1105101.0,2.0,-1.8362,13.42,0.0858,-0.0676,-4.648,1.015,0.0,0.0,128.0,738.0
1105142.0,2.0,-1.2395,13.654,0.07976,-0.2344,-3.628,1.5178,0.0,0.0,128.0,718.0
1105182.0,2.0,-1.1443,4.932,0.06769,-0.4054,-6.097,0.5525,0.0,0.0,128.0,731.0
1105223.0,2.0,-1.3177,-2.019,0.04594,-0.6701,-5.078,0.313,0.0,0.0,128.0,716.0
1105263.0,2.0,-1.333,-1.129,0.01665,-0.7912,-1.078,0.2034,0.0,0.0,128.0,751.0
1105304.0,2.0,-1.356,-0.556,-0.01553,-0.7933,1.1,0.2357,0.0,0.0,128.0,756.0
1105345.0,2.0,-1.4619,-1.982,-0.04575,-0.6857,4.198,0.1984,0.0,0.0,128.0,750.0
1105385.0,2.0,-2.0923,-12.596,-0.06934,-0.527,2.596,0.4987,0.0,0.0,128.0,772.0
1105426.0,2.0,-2.6461,-11.287,-0.0882,-0.4154,1.35,-0.0296,0.0,0.0,128.0,759.0
1105466.0,2.0,3.0219,-15.784,-0.10433,-0.4132,0.448,0.5755,0.0,0.0,128.0,751.0
1105507.0,2.0,2.5479,-14.643,-0.11951,-0.3087,4.548,0.5688,0.0,0.0,128.0,768.0
1105548.0,2.0,2.2795,-7.835,-0.12855,-0.1479,2.591,-0.2217,0.0,0.0,128.0,748.0
1105589.0,5.0,2.0433,-5.708,-0.13331,-0.0898,2.291,-0.3626,0.0,0.0,128.0,683.0
1105629.0,5.0,1.962,-3.237,-0.13485,-0.0022,0.591,-0.3626,0.0,0.0,128.0,679.0
1105669.0,6.0,2.0157,0.522,-0.13429,0.0416,1.5,-0.3626,0.0,0.0,128.0,708.0
1105709.0,6.0,2.1721,3.244,-0.13151,0.1016,1.5,-0.3626,0.0,0.0,128.0,716.0
1105750.0,2.0,2.4283,5.685,-0.12585,0.2037,4.3,-0.5478,0.0,0.0,128.0,732.0
1105791.0,2.0,2.6891,6.938,-0.11306,0.4658,8.175,-0.598,0.0,0.0,128.0,751.0
1105832.0,2.0,-2.7059,18.998,-0.08884,0.7154,4.094,1.3711,0.0,0.0,128.0,724.0
1105872.0,2.0,-2.2519,15.173,-0.05858,0.799,0.294,0.9003,0.0,0.0,128.0,746.0
1105913.0,2.0,-1.5401,16.974,-0.02636,0.7971,-0.7,1.7909,0.0,0.0,128.0,754.0
1105954.0,2.0,-1.3775,6.82,0.00577,0.7894,-1.4,0.5249,0.0,0.0,128.0,753.0
1105995.0,2.0,-1.1842,5.34,0.03533,0.6459,-5.5,0.6173,0.0,0.0,128.0,727.0
1106035.0,2.0,-1.3146,-1.538,0.05569,0.3726,-6.213,0.3078,0.0,0.0,128.0,745.0
1106076.0,2.0,-1.1934,1.489,0.06671,0.1735,-5.503,0.3672,0.0,0.0,128.0,754.0
1106117.0,2.0,-1.2579,-0.589,0.06829,-0.113,-6.53,0.3298,0.0,0.0,128.0,715.0
1106157.0,2.0,-1.4465,-3.882,0.05989,-0.2922,-2.53,0.2339,0.0,0.0,128.0,730.0
1106198.0,2.0,-1.6904,-4.466,0.04684,-0.3559,-2.186,0.0926,0.0,0.0,128.0,730.0
1106238.0,2.0,-2.1537,-9.53,0.03008,-0.5254,-6.186,0.102,0.0,0.0,128.0,731.0
1106279.0,2.0,-3.071,-19.488,0.00446,-0.7245,-2.886,1.4018,0.0,0.0,128.0,736.0
1106319.0,2.0,2.5479,-17.837,-0.02528,-0.7579,1.114,1.2065,0.0,0.0,128.0,749.0
1106359.0,2.0,2.0862,-13.164,-0.05325,-0.6375,3.649,0.6627,0.0,0.0,128.0,759.0
1106400.0,2.0,1.6797,-10.162,-0.07691,-0.5358,3.359,0.548,0.0,0.0,128.0,759.0
1106441.0,2.0,1.3729,-7.706,-0.09473,-0.312,7.459,0.6021,0.0,0.0,128.0,743.0
1106482.0,2.0,1.0554,-7.154,-0.1002,0.0779,10.759,0.7615,0.0,0.0,128.0,720.0
1106522.0,2.0,1.0354,-3.029,-0.08985,0.443,8.45,0.6149,0.0,0.0,128.0,738.0
1106563.0,2.0,0.991,-1.052,-0.06634,0.7038,4.383,0.5462,0.0,0.0,128.0,701.0
1106603.0,2.0,0.7655,-5.036,-0.03626,0.7979,0.583,0.9057,0.0,0.0,128.0,729.0
1106643.0,2.0,1.0063,3.679,-0.00491,0.7789,-2.0,0.633,0.0,0.0,128.0,757.0
1106684.0,2.0,1.2241,5.107,0.02378,0.6108,-6.1,0.5013,0.0,0.0,128.0,748.0
1106724.0,2.0,1.5509,7.424,0.04222,0.3028,-7.633,0.3875,0.0,0.0,128.0,766.0
1106765.0,2.0,1.9819,9.755,0.04943,0.076,-3.533,0.2138,0.0,0.0,128.0,750.0
1106806.0,2.0,2.5142,12.591,0.05078,0.0172,0.567,0.1805,0.0,0.0,128.0,731.0
1106846.0,2.0,-3.0189,17.244,0.05209,0.0301,-1.391,0.8889,0.0,0.0,128.0,736.0
1106887.0,2.0,-2.3531,15.174,0.05104,-0.1071,-4.054,0.7743,0.0,0.0,128.0,737.0
1106928.0,2.0,-1.649,15.28,0.04298,-0.3188,-5.554,1.5031,0.0,0.0,128.0,712.0
1106968.0,2.0,-1.4189,7.074,0.0267,-0.5157,-5.154,0.487,0.0,0.0,128.0,731.0
1107009.0,2.0,-1.3023,3.644,0.00233,-0.6836,-3.633,0.3838,0.0,0.0,128.0,709.0
1107049.0,2.0,-1.3867,-0.873,-0.02659,-0.7566,0.117,0.2072,0.0,0.0,128.0,765.0
1107090.0,2.0,-1.4067,-0.723,-0.05587,-0.6657,4.217,0.1471,0.0,0.0,128.0,755.0
1107131.0,2.0,-1.514,-1.536,-0.07905,-0.4924,4.062,0.166,0.0,0.0,128.0,750.0
1107172.0,2.0,-1.6322,-3.907,-0.09454,-0.2398,8.162,0.1079,0.0,0.0,128.0,743.0
1107213.0,2.0,-2.1905,-11.384,-0.09881,0.0106,4.167,0.2009,0.0,0.0,128.0,732.0
1107254.0,2.0,-2.8823,-15.343,-0.09604,0.1226,3.267,0.5233,0.0,0.0,128.0,730.0
1107294.0,2.0,2.9468,-12.725,-0.08888,0.2197,0.573,0.05,0.0,0.0,128.0,724.0
1107335.0,2.0,2.6461,-8.257,-0.08021,0.1967,-1.849,-0.4038,0.0,0.0,128.0,758.0
1107376.0,2.0,2.2273,-9.109,-0.07485,0.0464,-3.899,-0.1029,0.0,0.0,128.0,742.0
1107417.0,2.0,2.0647,-4.768,-0.07519,-0.0616,-3.399,-0.3025,0.0,0.0,128.0,734.0
1107457.0,2.0,1.9205,-3.575,-0.08059,-0.2099,-2.997,-0.2532,0.0,0.0,128.0,739.0
1107498.0,2.0,1.8791,-1.645,-0.09082,-0.2805,-0.036,-0.2684,0.0,0.0,128.0,754.0
1107538.0,2.0,1.9712,1.503,-0.10084,-0.2,3.964,-0.3655,0.0,0.0,128.0,747.0
1107579.0,2.0,2.2243,5.241,-0.10463,0.0487,8.064,-0.4227,0.0,0.0,128.0,737.0
1107619.0,2.0,2.6461,9.403,-0.0957,0.4229,8.684,-0.308,0.0,0.0,128.0,739.0
1107659.0,2.0,3.1247,10.564,-0.07346,0.6888,4.716,-0.2915,0.0,0.0,128.0,751.0
1107700.0,2.0,-2.3286,19.309,-0.04298,0.796,0.616,1.7166,0.0,0.0,128.0,736.0
1107740.0,2.0,-1.8899,11.464,-0.01215,0.7542,-0.984,0.583,0.0,0.0,128.0,764.0
1107781.0,2.0,-1.1643,16.38,0.01826,0.7656,1.516,2.1147,0.0,0.0,128.0,729.0
1107822.0,2.0,-1.0922,5.446,0.0501,0.7878,-1.384,0.6882,0.0,0.0,128.0,754.0
1107862.0,2.0,-1.037,1.883,0.07901,0.6505,-5.384,0.5613,0.0,0.0,128.0,760.0
1107902.0,2.0,-1.149,-2.345,0.09994,0.418,-4.44,0.4194,0.0,0.0,128.0,754.0
1107943.0,2.0,-1.0354,1.948,0.11228,0.1571,-8.359,0.5478,0.0,0.0,128.0,739.0
1107984.0,2.0,-1.2103,-2.865,0.11104,-0.2256,-8.259,0.4437,0.0,0.0,128.0,723.0
1108024.0,2.0,-1.2333,-1.717,0.0969,-0.4739,-4.259,0.3253,0.0,0.0,128.0,742.0
1108064.0,2.0,-1.3453,-1.993,0.07586,-0.5793,-0.979,0.273,0.0,0.0,128.0,752.0
1108105.0,2.0,-1.5033,-1.759,0.05224,-0.6017,-1.448,0.2217,0.0,0.0,128.0,736.0
1108145.0,2.0,-2.2289,-17.378,0.02738,-0.6775,-1.876,1.2831,0.0,0.0,128.0,729.0
1108186.0,2.0,-2.9084,-17.06,-0.00124,-0.7375,-0.455,0.867,0.0,0.0,128.0,732.0
1108226.0,2.0,2.6599,-17.87,-0.02963,-0.6737,3.545,1.1576,0.0,0.0,128.0,745.0
1108266.0,2.0,2.2626,-10.833,-0.05359,-0.559,1.124,0.1215,0.0,0.0,128.0,766.0
1108307.0,2.0,1.8346,-10.495,-0.07537,-0.5002,2.916,0.4832,0.0,0.0,128.0,746.0
1108347.0,2.0,1.6444,-5.812,-0.0936,-0.4266,2.725,0.1468,0.0,0.0,128.0,765.0
1108388.0,2.0,1.5186,-3.173,-0.10751,-0.2287,6.825,0.1206,0.0,0.0,128.0,758.0
1108429.0,2.0,1.4404,-1.916,-0.1101,0.1372,10.925,0.1828,0.0,0.0,128.0,723.0
1108469.0,2.0,1.5953,2.674,-0.09697,0.5154,7.521,0.0509,0.0,0.0,128.0,745.0
1108510.0,2.0,1.8024,4.741,-0.07129,0.7388,3.464,-0.0645,0.0,0.0,128.0,753.0
1108550.0,2.0,2.1384,7.953,-0.04058,0.7999,0.064,-0.1421,0.0,0.0,128.0,747.0
1108591.0,2.0,2.4712,6.838,-0.00829,0.7999,0.0,-0.442,0.0,0.0,128.0,738.0
1108632.0,2.0,3.0526,12.522,0.024,0.7999,0.0,-0.0073,0.0,0.0,128.0,731.0
1108672.0,2.0,-2.663,14.683,0.05546,0.7868,-1.57,0.5193,0.0,0.0,128.0,760.0
1108713.0,2.0,-1.9758,16.391,0.08602,0.7085,-3.631,1.3658,0.0,0.0,128.0,737.0
1108754.0,5.0,-1.4511,15.564,0.11074,0.5411,-5.031,0.1292,0.0,0.0,128.0,702.0
1108794.0,5.0,-1.5662,4.221,0.12746,0.2598,-7.131,0.1292,0.0,0.0,128.0,647.0
1108834.0,5.0,-1.6858,-1.798,0.13324,0.0536,-3.232,0.1292,0.0,0.0,128.0,656.0
1108874.0,6.0,-1.5877,1.395,0.13387,-0.0018,-0.582,0.1292,0.0,0.0,128.0,715.0
1108915.0,6.0,-1.6306,-3.226,0.13271,-0.0596,-1.5,0.1292,0.0,0.0,128.0,717.0
1108956.0,2.0,-2.393,-13.878,0.12923,-0.1224,-2.2,0.5098,0.0,0.0,128.0,848.0
1108996.0,2.0,-2.8578,-14.314,0.12139,-0.2987,-6.3,0.3122,0.0,0.0,128.0,718.0
1109036.0,2.0,2.6523,-16.983,0.10402,-0.5931,-6.427,0.9305,0.0,0.0,128.0,730.0
1109077.0,2.0,2.2197,-13.376,0.07605,-0.7709,-2.337,0.5834,0.0,0.0,128.0,730.0
1109117.0,2.0,1.715,-12.363,0.04481,-0.7999,0.0,0.8213,0.0,0.0,128.0,729.0
1109157.0,2.0,1.4343,-8.325,0.0135,-0.7724,2.294,0.5935,0.0,0.0,128.0,760.0
1109198.0,2.0,1.1536,-6.524,-0.01474,-0.6022,5.09,0.663,0.0,0.0,128.0,766.0
1109239.0,2.0,0.8161,-7.915,-0.03604,-0.4691,2.897,1.1114,0.0,0.0,128.0,765.0
1109279.0,2.0,0.9066,-0.026,-0.05126,-0.2739,5.959,0.638,0.0,0.0,128.0,771.0
1109320.0,2.0,0.8376,-1.04,-0.05861,-0.1001,4.259,0.6527,0.0,0.0,128.0,745.0
1109361.0,2.0,0.6903,-3.21,-0.05846,0.1172,5.58,0.8592,0.0,0.0,128.0,739.0
1109402.0,2.0,0.8958,3.282,-0.04838,0.3989,6.216,0.6978,0.0,0.0,128.0,729.0
1109442.0,2.0,0.9603,2.264,-0.02895,0.5655,2.216,0.5787,0.0,0.0,128.0,732.0
1109482.0,2.0,1.2011,4.537,-0.00604,0.5721,-1.784,0.5446,0.0,0.0,128.0,752.0
1109523.0,2.0,1.5693,8.453,0.01451,0.4176,-4.609,0.4574,0.0,0.0,128.0,742.0
1109563.0,2.0,2.0064,10.455,0.0285,0.3152,-0.609,0.3149,0.0,0.0,128.0,767.0
1109603.0,2.0,2.571,14.067,0.04125,0.3425,0.801,0.4019,0.0,0.0,128.0,719.0
1109644.0,2.0,-3.0741,15.615,0.05663,0.4324,1.734,0.5415,0.0,0.0,128.0,713.0
1109684.0,2.0,-2.1184,22.015,0.07391,0.4197,-2.266,2.4649,0.0,0.0,128.0,743.0
1109724.0,2.0,-1.8239,12.852,0.08764,0.2471,-6.266,0.8455,0.0,0.0,128.0,765.0
1109765.0,2.0,-1.3023,12.258,0.09248,0.0025,-4.476,1.3537,0.0,0.0,128.0,743.0
1109806.0,2.0,-1.0538,6.686,0.08794,-0.2493,-7.211,0.8398,0.0,0.0,128.0,732.0
1109847.0,2.0,-1.195,-2.133,0.0714,-0.5752,-6.692,0.3941,0.0,0.0,128.0,756.0
1109888.0,2.0,-0.925,4.823,0.04388,-0.7635,-2.592,0.7431,0.0,0.0,128.0,732.0
1109929.0,2.0,-0.9127,1.561,0.012,-0.7999,0.0,0.6448,0.0,0.0,128.0,746.0
1109969.0,2.0,-1.0462,-2.343,-0.01916,-0.7623,2.693,0.5508,0.0,0.0,128.0,750.0
1110010.0,2.0,-1.172,-3.096,-0.04669,-0.5658,6.793,0.4365,0.0,0.0,128.0,739.0
1110051.0,2.0,-1.4373,-4.508,-0.06296,-0.2018,10.543,0.2858,0.0,0.0,128.0,752.0
1110092.0,2.0,-2.1829,-16.288,-0.06352,0.1566,6.757,1.0771,0.0,0.0,128.0,711.0
1110133.0,2.0,-2.6216,-12.788,-0.05288,0.3475,2.657,0.1464,0.0,0.0,128.0,724.0
1110173.0,2.0,2.9084,-18.082,-0.0381,0.39,1.257,1.105,0.0,0.0,128.0,714.0
1110213.0,2.0,2.4436,-12.546,-0.02134,0.4502,0.01,0.2698,0.0,0.0,128.0,736.0
1110253.0,2.0,2.1092,-8.326,-0.00465,0.3686,-3.99,-0.057,0.0,0.0,128.0,765.0
1110294.0,2.0,1.8208,-7.188,0.00589,0.1193,-7.866,0.1044,0.0,0.0,128.0,740.0
1110335.0,2.0,1.6981,-3.747,0.00439,-0.1911,-6.197,-0.0309,0.0,0.0,128.0,731.0
1110375.0,2.0,1.6644,-1.563,-0.00679,-0.3569,-2.197,-0.0598,0.0,0.0,128.0,739.0
1110415.0,2.0,1.7518,1.462,-0.02149,-0.3628,1.803,-0.1523,0.0,0.0,128.0,750.0
1110456.0,2.0,1.9819,4.876,-0.03353,-0.2028,5.903,-0.2363,0.0,0.0,128.0,749.0
1110497.0,2.0,2.3485,8.178,-0.03589,0.1254,10.003,-0.2795,0.0,0.0,128.0,749.0
1110538.0,2.0,2.7412,9.333,-0.0228,0.5119,7.587,-0.3869,0.0,0.0,128.0,751.0
1110579.0,2.0,-2.7351,16.697,0.00289,0.7375,3.508,0.8439,0.0,0.0,128.0,728.0
1110619.0,2.0,-1.6444,25.169,0.03356,0.7958,-0.492,3.902,0.0,0.0,128.0,751.0
1110660.0,2.0,-1.3346,11.108,0.06566,0.7915,-1.192,0.9966,0.0,0.0,128.0,736.0
1110701.0,5.0,-0.8391,11.247,0.09533,0.696,-3.992,2.1156,0.0,0.0,128.0,691.0
1110741.0,5.0,-0.7578,4.029,0.11914,0.4463,-8.092,2.1156,0.0,0.0,128.0,660.0
1110781.0,5.0,-0.7563,0.349,0.13069,0.1528,-5.492,2.1156,0.0,0.0,128.0,661.0
1110822.0,5.0,-0.3313,8.069,0.13354,0.0134,-1.593,2.1156,0.0,0.0,128.0,660.0
1110862.0,6.0,0.092,10.137,0.13342,-0.024,-1.5,2.1156,0.0,0.0,128.0,703.0
1110903.0,6.0,0.339,7.01,0.13125,-0.0855,-1.5,2.1156,0.0,0.0,128.0,694.0
1110943.0,2.0,0.675,7.05,0.12641,-0.1833,-4.2,1.1349,0.0,0.0,128.0,715.0
1110983.0,2.0,1.1996,12.049,0.11505,-0.4175,-6.075,1.2883,0.0,0.0,128.0,729.0
1111023.0,2.0,1.7902,13.735,0.09394,-0.6609,-5.264,1.0202,0.0,0.0,128.0,738.0
1111064.0,2.0,2.3884,14.337,0.0642,-0.7913,-1.179,0.5528,0.0,0.0,128.0,738.0
1111105.0,2.0,-2.9867,21.191,0.03203,-0.7999,0.0,1.8675,0.0,0.0,128.0,725.0
1111145.0,2.0,-2.1108,18.816,0.00053,-0.7999,0.0,1.6844,0.0,0.0,128.0,731.0
1111185.0,2.0,-1.3944,18.132,-0.03075,-0.7723,2.3,2.379,0.0,0.0,128.0,738.0
1111226.0,2.0,-0.7885,14.688,-0.05899,-0.5919,6.4,2.0644,0.0,0.0,128.0,755.0
1111267.0,2.0,-0.6565,6.133,-0.07665,-0.2641,7.72,1.049,0.0,0.0,128.0,732.0
1111308.0,2.0,-0.5507,3.05,-0.0819,0.0031,5.902,0.9181,0.0,0.0,128.0,752.0
1111349.0,3.0,-0.7624,-3.912,-0.07807,0.1625,1.887,0.8199,0.0,0.0,128.0,692.0
1111389.0,2.0,-0.767,-1.481,-0.07043,0.2489,3.887,0.7111,0.0,0.0,128.0,720.0
1111429.0,2.0,-0.7455,0.389,-0.0573,0.406,2.703,0.742,0.0,0.0,128.0,744.0
1111470.0,2.0,-0.8544,-2.203,-0.0378,0.5815,4.448,0.6756,0.0,0.0,128.0,710.0
1111510.0,2.0,-1.2226,-5.731,-0.01204,0.721,2.617,0.6363,0.0,0.0,128.0,739.0
1111550.0,2.0,-1.7856,-15.246,0.01733,0.7517,-0.605,1.2049,0.0,0.0,128.0,767.0
1111591.0,2.0,-2.7504,-20.915,0.04605,0.6464,-3.305,1.8905,0.0,0.0,128.0,763.0
1111632.0,2.0,2.7013,-22.111,0.07061,0.5969,0.795,2.1944,0.0,0.0,128.0,738.0
1111673.0,5.0,2.0724,-17.339,0.09533,0.6034,-1.705,2.3689,0.0,0.0,128.0,681.0
1111713.0,5.0,1.5432,-13.721,0.11674,0.4532,-5.705,2.3689,0.0,0.0,128.0,674.0
1111754.0,5.0,1.1919,-10.008,0.12941,0.1806,-6.007,2.3689,0.0,0.0,128.0,663.0
1111794.0,5.0,0.9557,-6.774,0.13301,0.0203,-2.014,2.3689,0.0,0.0,128.0,681.0
1111834.0,6.0,0.6611,-6.546,0.13305,-0.0175,-1.5,2.3689,0.0,0.0,128.0,702.0
1111874.0,6.0,0.4955,-5.404,0.13121,-0.0775,-1.5,2.3689,0.0,0.0,128.0,701.0
1111914.0,2.0,0.6995,3.1,0.12675,-0.1726,-4.1,0.8367,0.0,0.0,128.0,715.0
1111954.0,2.0,0.8621,3.918,0.11576,-0.4186,-8.1,0.7525,0.0,0.0,128.0,737.0
1111995.0,2.0,1.2103,7.512,0.09296,-0.6906,-4.671,0.7253,0.0,0.0,128.0,731.0
1112035.0,2.0,1.6153,10.273,0.06323,-0.7963,-0.697,0.5752,0.0,0.0,128.0,743.0
1112076.0,2.0,2.2734,14.647,0.03161,-0.7598,1.35,0.7055,0.0,0.0,128.0,766.0
1112117.0,2.0,2.9284,16.119,0.00311,-0.6289,3.703,0.6641,0.0,0.0,128.0,765.0
1112157.0,2.0,-2.3945,22.993,-0.01961,-0.5502,0.043,2.6398,0.0,0.0,128.0,773.0
1112197.0,2.0,-1.5478,22.99,-0.04226,-0.6173,-1.757,3.5074,0.0,0.0,128.0,739.0
1112237.0,2.0,-0.9603,15.738,-0.0669,-0.6056,2.243,2.1209,0.0,0.0,128.0,752.0
1112278.0,2.0,-0.7762,8.018,-0.08843,-0.4275,6.343,1.1503,0.0,0.0,128.0,747.0
1112319.0,2.0,-0.5906,4.975,-0.0996,-0.1031,8.177,0.9983,0.0,0.0,128.0,743.0
1112360.0,3.0,-0.566,1.471,-0.09769,0.1864,5.412,0.8577,0.0,0.0,128.0,703.0
1112400.0,2.0,-0.8544,-6.296,-0.08723,0.3264,2.812,0.8957,0.0,0.0,128.0,717.0
1112440.0,2.0,-0.882,-1.998,-0.07118,0.5209,6.812,0.6358,0.0,0.0,128.0,722.0
1112480.0,2.0,-0.9679,-1.197,-0.04605,0.7375,3.488,0.6264,0.0,0.0,128.0,731.0
1112521.0,2.0,-1.3177,-7.382,-0.01451,0.7998,0.0,0.6869,0.0,0.0,128.0,731.0
1112561.0,2.0,-1.9175,-14.79,0.01643,0.7522,-2.334,0.9983,0.0,0.0,128.0,765.0
1112602.0,2.0,-2.8962,-23.201,0.0438,0.5914,-3.634,2.442,0.0,0.0,128.0,724.0
1112642.0,2.0,2.5326,-23.059,0.0654,0.528,0.366,2.5604,0.0,0.0,128.0,738.0
1112682.0,2.0,1.9574,-16.408,0.08663,0.5316,-1.634,1.3545,0.0,0.0,128.0,758.0
1112723.0,2.0,1.4327,-13.608,0.10564,0.3785,-5.734,1.3444,0.0,0.0,128.0,760.0
1112764.0,2.0,1.0723,-9.683,0.1152,0.0573,-9.834,1.096,0.0,0.0,128.0,735.0
1112804.0,2.0,0.8299,-6.737,0.11025,-0.307,-8.04,0.9773,0.0,0.0,128.0,724.0
1112845.0,2.0,0.6581,-4.402,0.09229,-0.5732,-5.486,0.9048,0.0,0.0,128.0,723.0
1112885.0,3.0,0.6259,-2.013,0.06585,-0.7563,-2.933,0.8361,0.0,0.0,128.0,717.0
1112925.0,2.0,1.0538,8.53,0.03476,-0.7999,0.0,0.9417,0.0,0.0,128.0,727.0
1112966.0,2.0,1.3361,7.421,0.00244,-0.7999,0.0,0.5912,0.0,0.0,128.0,726.0
1113006.0,2.0,1.6889,8.832,-0.02895,-0.7769,2.097,0.3491,0.0,0.0,128.0,753.0
1113047.0,2.0,2.3163,13.87,-0.05753,-0.6048,6.197,0.544,0.0,0.0,128.0,764.0
1113088.0,2.0,2.9775,15.659,-0.07582,-0.2648,10.097,0.5661,0.0,0.0,128.0,744.0
1113129.0,2.0,-2.1108,24.647,-0.07946,0.0688,6.144,3.2441,0.0,0.0,128.0,723.0
1113169.0,2.0,-1.2931,24.084,-0.07294,0.2598,5.344,4.0249,0.0,0.0,128.0,733.0
1113210.0,2.0,-0.7271,15.946,-0.05711,0.5496,7.074,2.3967,0.0,0.0,128.0,711.0
1113250.0,2.0,-0.3497,10.184,-0.03105,0.7509,3.083,1.6006,0.0,0.0,128.0,730.0
1113291.0,2.0,-0.0307,8.437,0.00064,0.7999,0.0,1.4498,0.0,0.0,128.0,716.0
1113331.0,2.0,0.3912,9.968,0.03214,0.7999,0.0,1.5546,0.0,0.0,128.0,730.0
1113371.0,2.0,0.7762,9.538,0.0633,0.7545,-2.965,1.2881,0.0,0.0,128.0,736.0
1113411.0,2.0,1.3514,13.34,0.09037,0.6081,-4.909,1.2962,0.0,0.0,128.0,744.0
1113451.0,2.0,2.0295,16.226,0.10958,0.3297,-8.909,1.2098,0.0,0.0,128.0,742.0
1113492.0,2.0,2.7197,17.32,0.1158,-0.019,-8.539,0.9821,0.0,0.0,128.0,717.0
1113532.0,2.0,-2.7857,19.192,0.10849,-0.3697,-9.277,1.3962,0.0,0.0,128.0,729.0
1113573.0,2.0,-1.9497,20.176,0.08723,-0.6644,-5.203,2.2286,0.0,0.0,128.0,738.0
1113613.0,2.0,-1.715,8.801,0.05813,-0.7906,-1.203,0.3872,0.0,0.0,128.0,738.0
1113653.0,2.0,-1.468,6.775,0.02674,-0.7999,0.0,0.4219,0.0,0.0,128.0,730.0
1113694.0,2.0,-1.2916,5.326,-0.00555,-0.7999,0.0,0.4558,0.0,0.0,128.0,698.0
1113734.0,2.0,-1.4113,-0.666,-0.0369,-0.7723,2.298,0.1518,0.0,0.0,128.0,744.0
1113774.0,2.0,-1.4941,-1.242,-0.06446,-0.5984,6.298,0.1052,0.0,0.0,128.0,750.0
1113814.0,2.0,-1.5202,-1.807,-0.08276,-0.34,4.898,-0.0608,0.0,0.0,128.0,756.0
1113855.0,2.0,-2.2488,-11.087,-0.09296,-0.1863,1.798,0.2199,0.0,0.0,128.0,751.0
1113896.0,2.0,-2.5986,-10.717,-0.09799,-0.0436,3.382,-0.1917,0.0,0.0,128.0,760.0
1113936.0,2.0,-3.1002,-9.442,-0.09818,0.0097,-0.618,-0.4365,0.0,0.0,128.0,752.0
1113976.0,2.0,2.5817,-13.74,-0.09915,-0.0644,-1.104,0.335,0.0,0.0,128.0,724.0
1114017.0,2.0,2.4544,-5.468,-0.10185,-0.0742,-1.404,-0.571,0.0,0.0,128.0,727.0
1114057.0,2.0,2.1,-7.747,-0.10654,-0.1609,-0.968,-0.1369,0.0,0.0,128.0,744.0
1114098.0,2.0,2.0064,-3.109,-0.11287,-0.1496,-0.519,-0.3289,0.0,0.0,128.0,716.0
1114138.0,2.0,1.988,-0.739,-0.11899,-0.1367,2.158,-0.3926,0.0,0.0,128.0,760.0
1114179.0,2.0,2.1031,2.043,-0.12161,0.0379,6.258,-0.4675,0.0,0.0,128.0,722.0
1114219.0,2.0,2.3669,5.708,-0.11434,0.3673,9.302,-0.5061,0.0,0.0,128.0,728.0
1114259.0,2.0,2.7105,8.873,-0.09383,0.6579,5.321,-0.423,0.0,0.0,128.0,740.0
1114299.0,2.0,-3.045,12.193,-0.06487,0.7887,1.321,-0.0587,0.0,0.0,128.0,737.0
1114340.0,2.0,-2.4406,16.104,-0.03285,0.7821,-1.3,0.9956,0.0,0.0,128.0,784.0
1114380.0,2.0,-1.873,12.675,-0.00293,0.7159,-2.5,0.8375,0.0,0.0,128.0,753.0
1114420.0,2.0,-1.5324,9.478,0.02426,0.6739,-1.5,0.6611,0.0,0.0,128.0,753.0
1114461.0,2.0,-1.1919,8.913,0.04916,0.5263,-5.6,0.8512,0.0,0.0,128.0,751.0
1114501.0,2.0,-1.3637,0.038,0.06461,0.2266,-8.686,0.2797,0.0,0.0,128.0,772.0
1114542.0,2.0,-1.6015,-5.26,0.06784,-0.0591,-6.986,0.1192,0.0,0.0,128.0,736.0
1114582.0,2.0,-1.6858,-2.701,0.05974,-0.3585,-7.921,-0.0585,0.0,0.0,128.0,760.0
1114623.0,2.0,-2.1154,-8.273,0.039,-0.6551,-5.383,-0.016,0.0,0.0,128.0,732.0
1114664.0,2.0,-2.7734,-16.886,0.00941,-0.7898,-1.284,0.8956,0.0,0.0,128.0,739.0
1114705.0,2.0,2.8977,-16.015,-0.02261,-0.7912,0.028,0.6503,0.0,0.0,128.0,752.0
1114745.0,2.0,2.3777,-14.292,-0.05306,-0.7515,1.999,0.5897,0.0,0.0,128.0,747.0
1114785.0,2.0,2.0371,-9.103,-0.08063,-0.6592,0.845,0.0831,0.0,0.0,128.0,778.0
1114826.0,2.0,1.7349,-7.971,-0.10586,-0.5652,3.942,0.27,0.0,0.0,128.0,761.0
1114867.0,5.0,1.6383,-3.692,-0.12476,-0.3364,7.564,0.2092,0.0,0.0,128.0,676.0
1114907.0,5.0,1.5892,-1.916,-0.13283,-0.0914,4.265,0.2092,0.0,0.0,128.0,683.0
1114948.0,5.0,1.7089,1.969,-0.13421,-0.0008,0.392,0.2092,0.0,0.0,128.0,665.0
1114988.0,6.0,1.8653,3.296,-0.13354,0.0461,1.5,0.2092,0.0,0.0,128.0,702.0
1115028.0,6.0,2.2918,9.126,-0.13058,0.1061,1.5,0.2092,0.0,0.0,128.0,716.0
1115069.0,2.0,2.798,11.864,-0.12435,0.2342,5.1,-0.0533,0.0,0.0,128.0,729.0
1115109.0,2.0,-2.8992,14.466,-0.11018,0.5135,7.57,0.3381,0.0,0.0,128.0,751.0
1115150.0,2.0,-1.9359,19.936,-0.08445,0.7379,3.473,2.0938,0.0,0.0,128.0,740.0
1115191.0,2.0,-1.5263,14.091,-0.05299,0.7999,0.0,1.2734,0.0,0.0,128.0,725.0
1115231.0,2.0,-1.0799,11.05,-0.02145,0.7999,0.0,1.2872,0.0,0.0,128.0,739.0
1115271.0,2.0,-0.7701,7.871,0.00979,0.7732,-1.507,1.1032,0.0,0.0,128.0,745.0
1115312.0,2.0,-0.7102,3.172,0.03937,0.6623,-4.635,0.8305,0.0,0.0,128.0,752.0
1115352.0,2.0,-0.7716,-0.829,0.06109,0.4329,-4.835,0.6883,0.0,0.0,128.0,746.0
1115392.0,0.0,-0.4326,6.641,0.0723,0.0,0.0,1.1475,0.0,0.0,128.0,538.0
1115433.0,0.0,-0.385,2.244,0.0723,0.0,0.0,1.1475,0.0,0.0,128.0,543.0
1115473.0,0.0,-0.2117,2.887,0.0723,0.0,0.0,1.1475,0.0,0.0,128.0,543.0
1115513.0,0.0,-0.0153,4.468,0.0723,0.0,0.0,1.1475,0.0,0.0,128.0,535.0
1115553.0,0.0,0.1902,4.383,0.0723,0.0,0.0,1.1475,0.0,0.0,128.0,536.0
1115594.0,0.0,0.4755,6.448,0.0723,0.0,0.0,1.1475,0.0,0.0,128.0,542.0
1115634.0,0.0,0.9204,9.608,0.0723,0.0,0.0,1.1475,0.0,0.0,128.0,542.0
1115674.0,0.0,1.3883,11.46,0.0723,0.0,0.0,1.1475,0.0,0.0,128.0,550.0
1115714.0,0.0,1.8408,10.939,0.0723,0.0,0.0,1.1475,0.0,0.0,128.0,556.0
1115754.0,0.0,2.6016,16.256,0.0723,0.0,0.0,1.1475,0.0,0.0,128.0,557.0
1115794.0,0.0,-3.0726,16.157,0.0723,0.0,0.0,1.1475,0.0,0.0,128.0,564.0
1115835.0,0.0,-2.1384,24.84,0.0723,0.0,0.0,1.1475,0.0,0.0,128.0,557.0
1115875.0,0.0,-1.2947,18.557,0.0723,0.0,0.0,1.1475,0.0,0.0,128.0,543.0
1115915.0,0.0,-1.0753,9.848,0.0723,0.0,0.0,1.1475,0.0,0.0,128.0,549.0
1115955.0,0.0,-0.7547,8.789,0.0723,0.0,0.0,1.1475,0.0,0.0,128.0,542.0
1115996.0,0.0,-0.632,4.289,0.0723,0.0,0.0,1.1475,0.0,0.0,128.0,543.0
1116036.0,0.0,-0.8299,-2.343,0.0723,0.0,0.0,1.1475,0.0,0.0,128.0,536.0
1116076.0,0.0,-0.6228,1.95,0.0723,0.0,0.0,1.1475,0.0,0.0,128.0,543.0
1116117.0,0.0,-0.5492,2.591,0.0723,0.0,0.0,1.1475,0.0,0.0,128.0,543.0
1116157.0,0.0,-0.6857,-2.211,0.0723,0.0,0.0,1.1475,0.0,0.0,128.0,537.0
1116197.0,0.0,-1.0186,-7.547,0.0723,0.0,0.0,1.1475,0.0,0.0,128.0,550.0
1116237.0,0.0,-1.1075,-3.456,0.0723,0.0,0.0,1.1475,0.0,0.0,128.0,557.0
1116278.0,0.0,-1.2364,-2.053,0.0723,0.0,0.0,1.1475,0.0,0.0,128.0,557.0
1116318.0,0.0,-1.6306,-8.261,0.0723,0.0,0.0,1.1475,0.0,0.0,128.0,563.0
1116358.0,0.0,-2.505,-16.454,0.0723,0.0,0.0,1.1475,0.0,0.0,128.0,556.0
1116398.0,0.0,2.9483,-21.324,0.0723,0.0,0.0,1.1475,0.0,0.0,128.0,557.0
1116439.0,0.0,2.3317,-14.716,0.0723,0.0,0.0,1.1475,0.0,0.0,128.0,556.0
1116479.0,0.0,1.85,-12.004,0.0723,0.0,0.0,1.1475,0.0,0.0,128.0,571.0
1116519.0,0.0,1.4389,-10.595,0.0723,0.0,0.0,1.1475,0.0,0.0,128.0,549.0
1116560.0,0.0,1.2134,-6.604,0.0723,0.0,0.0,1.1475,0.0,0.0,128.0,543.0
1116600.0,0.0,1.0247,-4.666,0.0723,0.0,0.0,1.1475,0.0,0.0,128.0,549.0
1116640.0,0.0,0.8468,-4.696,0.0723,0.0,0.0,1.1475,0.0,0.0,128.0,550.0
1116680.0,0.0,1.0262,2.845,0.0723,0.0,0.0,1.1475,0.0,0.0,128.0,550.0
1116720.0,0.0,1.2072,4.267,0.0723,0.0,0.0,1.1475,0.0,0.0,128.0,549.0
1116761.0,0.0,1.5278,7.099,0.0723,0.0,0.0,1.1475,0.0,0.0,128.0,543.0
1116801.0,0.0,1.9528,10.003,0.0723,0.0,0.0,1.1475,0.0,0.0,128.0,555.0
1116841.0,0.0,2.3731,10.442,0.0723,0.0,0.0,1.1475,0.0,0.0,128.0,556.0
1116881.0,0.0,-3.0741,18.938,0.0723,0.0,0.0,1.1475,0.0,0.0,128.0,557.0
1116921.0,0.0,-2.7274,12.431,0.0723,0.0,0.0,1.1475,0.0,0.0,128.0,557.0
1116962.0,0.0,-1.6843,23.883,0.0723,0.0,0.0,1.1475,0.0,0.0,128.0,555.0
1117002.0,0.0,-1.4159,9.619,0.0723,0.0,0.0,1.1475,0.0,0.0,128.0,564.0
1117042.0,0.0,-1.0124,10.176,0.0723,0.0,0.0,1.1475,0.0,0.0,128.0,542.0
1117082.0,0.0,-0.9633,3.324,0.0723,0.0,0.0,1.1475,0.0,0.0,128.0,549.0
1117123.0,0.0,-1.0508,-1.551,0.0723,0.0,0.0,1.1475,0.0,0.0,128.0,549.0
1117163.0,0.0,-1.2824,-5.179,0.0723,0.0,0.0,1.1475,0.0,0.0,128.0,550.0
1117203.0,0.0,-1.2425,-0.228,0.0723,0.0,0.0,1.1475,0.0,0.0,128.0,549.0
1117244.0,0.0,-1.2839,-2.552,0.0723,0.0,0.0,1.1475,0.0,0.0,128.0,543.0
1117284.0,0.0,-2.0555,-14.727,0.0723,0.0,0.0,1.1475,0.0,0.0,128.0,555.0
1117324.0,0.0,-2.6369,-13.112,0.0723,0.0,0.0,1.1475,0.0,0.0,128.0,571.0
1117364.0,0.0,2.8716,-19.14,0.0723,0.0,0.0,1.1475,0.0,0.0,128.0,556.0
1117405.0,0.0,2.4897,-12.49,0.0723,0.0,0.0,1.1475,0.0,0.0,128.0,556.0
1117445.0,0.0,1.939,-12.306,0.0723,0.0,0.0,1.1475,0.0,0.0,128.0,570.0
1117485.0,0.0,1.6966,-7.497,0.0723,0.0,0.0,1.1475,0.0,0.0,128.0,556.0
1117526.0,0.0,1.4603,-6.299,0.0723,0.0,0.0,1.1475,0.0,0.0,128.0,549.0
1117566.0,0.0,1.4128,-2.197,0.0723,0.0,0.0,1.1475,0.0,0.0,128.0,550.0
1117606.0,0.0,1.4082,-0.526,0.0723,0.0,0.0,1.1475,0.0,0.0,128.0,549.0
1117646.0,0.0,1.6306,4.264,0.0723,0.0,0.0,1.1475,0.0,0.0,128.0,556.0
1117687.0,0.0,1.8577,5.985,0.0723,0.0,0.0,1.1475,0.0,0.0,128.0,556.0
1117727.0,0.0,2.3224,10.052,0.0723,0.0,0.0,1.1475,0.0,0.0,128.0,557.0
1117767.0,0.0,2.8103,11.616,0.0723,0.0,0.0,1.1475,0.0,0.0,128.0,556.0
1117807.0,0.0,-2.6921,18.337,0.0723,0.0,0.0,1.1475,0.0,0.0,128.0,564.0
1117848.0,0.0,-2.0218,17.218,0.0723,0.0,0.0,1.1475,0.0,0.0,128.0,557.0
1117888.0,0.0,-1.8423,9.615,0.0723,0.0,0.0,1.1475,0.0,0.0,128.0,571.0
1117928.0,0.0,-1.3269,12.253,0.0723,0.0,0.0,1.1475,0.0,0.0,128.0,543.0
1117969.0,0.0,-1.3116,2.808,0.0723,0.0,0.0,1.1475,0.0,0.0,128.0,549.0
1118009.0,0.0,-1.3238,-0.552,0.0723,0.0,0.0,1.1475,0.0,0.0,128.0,544.0
1118049.0,0.0,-1.468,-3.139,0.0723,0.0,0.0,1.1475,0.0,0.0,128.0,558.0
1118089.0,0.0,-1.6122,-3.803,0.0723,0.0,0.0,1.1475,0.0,0.0,128.0,564.0
1118130.0,0.0,-1.9681,-8.175,0.0723,0.0,0.0,1.1475,0.0,0.0,128.0,563.0
1118170.0,0.0,-2.3869,-12.001,0.0723,0.0,0.0,1.1475,0.0,0.0,128.0,558.0
1118210.0,0.0,-3.1217,-16.492,0.0723,0.0,0.0,1.1475,0.0,0.0,128.0,556.0
1118250.0,0.0,2.643,-15.142,0.0723,0.0,0.0,1.1475,0.0,0.0,128.0,556.0
1118291.0,0.0,2.2089,-12.842,0.0723,0.0,0.0,1.1475,0.0,0.0,128.0,556.0
1118331.0,0.0,1.9804,-7.315,0.0723,0.0,0.0,1.1475,0.0,0.0,128.0,557.0
1118371.0,0.0,1.7411,-6.14,0.0723,0.0,0.0,1.1475,0.0,0.0,128.0,550.0
1118412.0,0.0,1.646,-3.237,0.0723,0.0,0.0,1.1475,0.0,0.0,128.0,556.0
1118452.0,0.0,1.7242,0.866,0.0723,0.0,0.0,1.1475,0.0,0.0,128.0,557.0
1118492.0,0.0,1.9236,4.047,0.0723,0.0,0.0,1.1475,0.0,0.0,128.0,555.0
1118532.0,0.0,2.1982,6.278,0.0723,0.0,0.0,1.1475,0.0,0.0,128.0,557.0
1118573.0,0.0,2.413,5.467,0.0723,0.0,0.0,1.1475,0.0,0.0,128.0,556.0
1118613.0,0.0,3.0526,13.245,0.0723,0.0,0.0,1.1475,0.0,0.0,128.0,552.0
1118653.0,0.0,-2.5694,13.726,0.0723,0.0,0.0,1.1475,0.0,0.0,128.0,564.0
1118693.0,0.0,-2.1169,14.081,0.0723,0.0,0.0,1.1475,0.0,0.0,128.0,557.0
1118734.0,0.0,-1.6398,10.997,0.0723,0.0,0.0,1.1475,0.0,0.0,128.0,551.0
1118774.0,0.0,-1.6091,3.435,0.0723,0.0,0.0,1.1475,0.0,0.0,128.0,557.0
1118814.0,0.0,-1.5309,2.03,0.0723,0.0,0.0,1.1475,0.0,0.0,128.0,549.0
1118854.0,0.0,-1.5386,0.269,0.0723,0.0,0.0,1.1475,0.0,0.0,128.0,544.0
1118894.0,0.0,-1.6276,-1.441,0.0723,0.0,0.0,1.1475,0.0,0.0,128.0,555.0
1118935.0,0.0,-1.9574,-8.589,0.0723,0.0,0.0,1.1475,0.0,0.0,128.0,556.0
1118975.0,0.0,-2.5449,-13.119,0.0723,0.0,0.0,1.1475,0.0,0.0,128.0,557.0
1119015.0,0.0,-2.9882,-13.38,0.0723,0.0,0.0,1.1475,0.0,0.0,128.0,558.0
1119056.0,0.0,2.7949,-11.74,0.0723,0.0,0.0,1.1475,0.0,0.0,128.0,557.0
1119096.0,0.0,2.4114,-9.5,0.0723,0.0,0.0,1.1475,0.0,0.0,128.0,557.0
1119136.0,0.0,2.0509,-7.65,0.0723,0.0,0.0,1.1475,0.0,0.0,128.0,556.0
1119176.0,0.0,1.9282,-4.238,0.0723,0.0,0.0,1.1475,0.0,0.0,128.0,549.0
1119217.0,0.0,1.8791,-1.907,0.0723,0.0,0.0,1.1475,0.0,0.0,128.0,556.0
1119257.0,0.0,1.9466,0.935,0.0723,0.0,0.0,1.1475,0.0,0.0,128.0,556.0
1119297.0,0.0,2.1246,3.722,0.0723,0.0,0.0,1.1475,0.0,0.0,128.0,564.0
1119338.0,0.0,2.413,6.548,0.0723,0.0,0.0,1.1475,0.0,0.0,128.0,557.0
1119378.0,0.0,2.6569,6.333,0.0723,0.0,0.0,1.1475,0.0,0.0,128.0,564.0
1119418.0,0.0,-3.0695,12.409,0.0723,0.0,0.0,1.1475,0.0,0.0,128.0,576.0
1119458.0,0.0,-2.5004,14.141,0.0723,0.0,0.0,1.1475,0.0,0.0,128.0,556.0
1119498.0,0.0,-2.2013,9.128,0.0723,0.0,0.0,1.1475,0.0,0.0,128.0,562.0
1119539.0,0.0,-1.7365,14.504,0.0723,0.0,0.0,1.1475,0.0,0.0,128.0,549.0
1119579.0,0.0,-1.649,4.961,0.0723,0.0,0.0,1.1475,0.0,0.0,128.0,557.0
1119619.0,0.0,-1.6751,1.303,0.0723,0.0,0.0,1.1475,0.0,0.0,128.0,556.0
1119659.0,0.0,-1.7702,-1.535,0.0723,0.0,0.0,1.1475,0.0,0.0,128.0,555.0
1119700.0,0.0,-1.965,-4.192,0.0723,0.0,0.0,1.1475,0.0,0.0,128.0,556.0
1119740.0,0.0,-2.4712,-10.671,0.0723,0.0,0.0,1.1475,0.0,0.0,128.0,557.0
1119780.0,0.0,-2.887,-11.19,0.0723,0.0,0.0,1.1475,0.0,0.0,128.0,557.0
1119821.0,0.0,2.9606,-10.796,0.0723,0.0,0.0,1.1475,0.0,0.0,128.0,550.0
1119861.0,0.0,2.5433,-11.088,0.0723,0.0,0.0,1.1475,0.0,0.0,128.0,556.0
1119901.0,0.0,2.2365,-8.876,0.0723,0.0,0.0,1.1475,0.0,0.0,128.0,556.0
1119941.0,0.0,2.1108,-3.767,0.0723,0.0,0.0,1.1475,0.0,0.0,128.0,552.0
1119981.0,0.0,2.0448,-2.099,0.0723,0.0,0.0,1.1475,0.0,0.0,128.0,564.0
1120022.0,0.0,2.0816,0.271,0.0723,0.0,0.0,1.1475,0.0,0.0,128.0,564.0
1120062.0,0.0,2.2227,2.819,0.0723,0.0,0.0,1.1475,0.0,0.0,128.0,556.0
1120102.0,0.0,2.4774,5.644,0.0723,0.0,0.0,1.1475,0.0,0.0,128.0,556.0
1120143.0,0.0,2.7029,4.653,0.0723,0.0,0.0,1.1475,0.0,0.0,128.0,557.0
1120183.0,0.0,-3.0189,12.28,0.0723,0.0,0.0,1.1475,0.0,0.0,128.0,557.0
1120223.0,0.0,-2.5756,9.684,0.0723,0.0,0.0,1.1475,0.0,0.0,128.0,556.0
1120263.0,0.0,-2.4513,4.292,0.0723,0.0,0.0,1.1475,0.0,0.0,128.0,556.0
1120304.0,0.0,-1.7211,15.412,0.0723,0.0,0.0,1.1475,0.0,0.0,128.0,556.0
1120344.0,0.0,-1.8607,1.463,0.0723,0.0,0.0,1.1475,0.0,0.0,128.0,556.0
1120384.0,0.0,-1.8392,1.055,0.0723,0.0,0.0,1.1475,0.0,0.0,128.0,549.0
1120425.0,0.0,-1.9758,-2.278,0.0723,0.0,0.0,1.1475,0.0,0.0,128.0,555.0
1120465.0,0.0,-2.1138,-3.234,0.0723,0.0,0.0,1.1475,0.0,0.0,128.0,557.0
1120505.0,0.0,-2.6277,-10.366,0.0723,0.0,0.0,1.1475,0.0,0.0,128.0,558.0
1120545.0,0.0,-2.9698,-9.552,0.0723,0.0,0.0,1.1475,0.0,0.0,128.0,557.0
1120585.0,0.0,2.9054,-9.814,0.0723,0.0,0.0,1.1475,0.0,0.0,128.0,558.0
1120625.0,0.0,2.5249,-10.139,0.0723,0.0,0.0,1.1475,0.0,0.0,128.0,551.0
1120665.0,0.0,2.3286,-6.765,0.0723,0.0,0.0,1.1475,0.0,0.0,128.0,564.0
1120706.0,0.0,2.1951,-4.34,0.0723,0.0,0.0,1.1475,0.0,0.0,128.0,551.0
1120746.0,0.0,2.1783,-0.608,0.0723,0.0,0.0,1.1475,0.0,0.0,128.0,558.0
1120786.0,0.0,2.2411,1.048,0.0723,0.0,0.0,1.1475,0.0,0.0,128.0,564.0
1120826.0,0.0,2.4022,3.359,0.0723,0.0,0.0,1.1475,0.0,0.0,128.0,550.0
1120866.0,0.0,2.6461,5.566,0.0723,0.0,0.0,1.1475,0.0,0.0,128.0,556.0
1120906.0,0.0,2.933,6.663,0.0723,0.0,0.0,1.1475,0.0,0.0,128.0,556.0
1120947.0,0.0,-2.8409,11.963,0.0723,0.0,0.0,1.1475,0.0,0.0,128.0,556.0
1120987.0,0.0,-2.4574,10.227,0.0723,0.0,0.0,1.1475,0.0,0.0,128.0,571.0
1121027.0,0.0,-2.4697,1.929,0.0723,0.0,0.0,1.1475,0.0,0.0,128.0,556.0
1121068.0,0.0,-1.8178,13.168,0.0723,0.0,0.0,1.1475,0.0,0.0,128.0,550.0
1121108.0,0.0,-2.0525,-2.463,0.0723,0.0,0.0,1.1475,0.0,0.0,128.0,556.0
1121148.0,0.0,-2.0218,-0.693,0.0723,0.0,0.0,1.1475,0.0,0.0,128.0,557.0
1121188.0,0.0,-2.2028,-3.361,0.0723,0.0,0.0,1.1475,0.0,0.0,128.0,557.0
1121228.0,0.0,-2.5142,-6.634,0.0723,0.0,0.0,1.1475,0.0,0.0,128.0,550.0
1121268.0,0.0,-2.8777,-8.862,0.0723,0.0,0.0,1.1475,0.0,0.0,128.0,556.0
1121309.0,0.0,3.0971,-7.965,0.0723,0.0,0.0,1.1475,0.0,0.0,128.0,550.0
1121349.0,0.0,2.755,-8.759,0.0723,0.0,0.0,1.1475,0.0,0.0,128.0,550.0
1121389.0,0.0,2.594,-4.761,0.0723,0.0,0.0,1.1475,0.0,0.0,128.0,556.0
1121429.0,0.0,2.2964,-5.705,0.0723,0.0,0.0,1.1475,0.0,0.0,128.0,557.0
1121469.0,0.0,2.2718,-1.238,0.0723,0.0,0.0,1.1475,0.0,0.0,128.0,556.0
1121509.0,0.0,2.327,0.848,0.0723,0.0,0.0,1.1475,0.0,0.0,128.0,550.0
1121550.0,0.0,2.4329,2.233,0.0723,0.0,0.0,1.1475,0.0,0.0,128.0,556.0
1121590.0,0.0,2.6262,4.301,0.0723,0.0,0.0,1.1475,0.0,0.0,128.0,557.0
1121630.0,0.0,2.7382,2.939,0.0723,0.0,0.0,1.1475,0.0,0.0,128.0,557.0
1121670.0,0.0,-3.0327,10.055,0.0723,0.0,0.0,1.1475,0.0,0.0,128.0,556.0
1121710.0,0.0,-2.7336,7.413,0.0723,0.0,0.0,1.1475,0.0,0.0,128.0,550.0
1121751.0,0.0,-2.6262,4.081,0.0723,0.0,0.0,1.1475,0.0,0.0,128.0,556.0
1121791.0,0.0,-2.1967,9.054,0.0723,0.0,0.0,1.1475,0.0,0.0,128.0,557.0
1121831.0,0.0,-1.9144,8.61,0.0723,0.0,0.0,1.1475,0.0,0.0,128.0,555.0
1121871.0,0.0,-2.1921,-3.841,0.0723,0.0,0.0,1.1475,0.0,0.0,128.0,557.0
1121912.0,0.0,-2.3485,-3.646,0.0723,0.0,0.0,1.1475,0.0,0.0,128.0,551.0
1121952.0,0.0,-2.5249,-4.344,0.0723,0.0,0.0,1.1475,0.0,0.0,128.0,557.0
1121992.0,0.0,-2.8118,-6.589,0.0723,0.0,0.0,1.1475,0.0,0.0,128.0,556.0
1122033.0,0.0,-3.094,-6.966,0.0723,0.0,0.0,1.1475,0.0,0.0,128.0,557.0
1122073.0,0.0,2.89,-7.426,0.0723,0.0,0.0,1.1475,0.0,0.0,128.0,557.0
1122113.0,0.0,2.6737,-5.555,0.0723,0.0,0.0,1.1475,0.0,0.0,128.0,557.0
1122154.0,0.0,2.4329,-5.863,0.0723,0.0,0.0,1.1475,0.0,0.0,128.0,556.0
1122194.0,0.0,2.4222,-1.194,0.0723,0.0,0.0,1.1475,0.0,0.0,128.0,557.0
1122234.0,0.0,2.4268,0.135,0.0723,0.0,0.0,1.1475,0.0,0.0,128.0,556.0
1122275.0,0.0,2.5035,1.568,0.0723,0.0,0.0,1.1475,0.0,0.0,128.0,556.0
1122315.0,0.0,2.6538,3.312,0.0723,0.0,0.0,1.1475,0.0,0.0,128.0,552.0
1122355.0,0.0,2.8026,3.58,0.0723,0.0,0.0,1.1475,0.0,0.0,128.0,550.0
1122395.0,0.0,-3.1002,8.271,0.0723,0.0,0.0,1.1475,0.0,0.0,128.0,564.0
1122436.0,0.0,-2.778,7.908,0.0723,0.0,0.0,1.1475,0.0,0.0,128.0,557.0
1122476.0,0.0,-2.7243,2.695,0.0723,0.0,0.0,1.1475,0.0,0.0,128.0,550.0
1122516.0,0.0,-2.3224,8.376,0.0723,0.0,0.0,1.1475,0.0,0.0,128.0,556.0
1122556.0,0.0,-2.2795,2.575,0.0723,0.0,0.0,1.1475,0.0,0.0,128.0,550.0
1122597.0,0.0,-2.3501,-0.829,0.0723,0.0,0.0,1.1475,0.0,0.0,128.0,556.0
1122637.0,0.0,-2.4544,-1.878,0.0723,0.0,0.0,1.1475,0.0,0.0,128.0,556.0
1122677.0,0.0,-2.6523,-4.39,0.0723,0.0,0.0,1.1475,0.0,0.0,128.0,557.0
1122717.0,0.0,-2.8916,-5.78,0.0723,0.0,0.0,1.1475,0.0,0.0,128.0,557.0
1122758.0,0.0,-3.1017,-5.254,0.0723,0.0,0.0,1.1475,0.0,0.0,128.0,556.0
1122798.0,0.0,2.8793,-7.605,0.0723,0.0,0.0,1.1475,0.0,0.0,128.0,557.0
1122838.0,0.0,2.643,-6.848,0.0723,0.0,0.0,1.1475,0.0,0.0,128.0,556.0
1122878.0,0.0,2.5295,-3.9,0.0723,0.0,0.0,1.1475,0.0,0.0,128.0,552.0
1122918.0,0.0,2.3654,-4.896,0.0723,0.0,0.0,1.1475,0.0,0.0,128.0,565.0
1122959.0,0.0,2.5035,0.986,0.0723,0.0,0.0,1.1475,0.0,0.0,128.0,564.0
1122999.0,0.0,2.6124,2.661,0.0723,0.0,0.0,1.1475,0.0,0.0,128.0,550.0
1123039.0,0.0,2.775,3.711,0.0723,0.0,0.0,1.1475,0.0,0.0,128.0,550.0
1123080.0,0.0,2.844,2.237,0.0723,0.0,0.0,1.1475,0.0,0.0,128.0,556.0
1123120.0,0.0,-3.1124,6.752,0.0723,0.0,0.0,1.1475,0.0,0.0,128.0,557.0
1123160.0,0.0,-2.7857,8.072,0.0723,0.0,0.0,1.1475,0.0,0.0,128.0,550.0
1123201.0,0.0,-2.7382,2.491,0.0723,0.0,0.0,1.1475,0.0,0.0,128.0,556.0
1123241.0,0.0,-2.4697,5.507,0.0723,0.0,0.0,1.1475,0.0,0.0,128.0,557.0
1123281.0,0.0,-2.4083,1.992,0.0723,0.0,0.0,1.1475,0.0,0.0,128.0,564.0
1123322.0,0.0,-2.5019,-1.225,0.0723,0.0,0.0,1.1475,0.0,0.0,128.0,557.0
1123362.0,0.0,-2.5848,-1.986,0.0723,0.0,0.0,1.1475,0.0,0.0,128.0,551.0
1123402.0,0.0,-2.7596,-3.864,0.0723,0.0,0.0,1.1475,0.0,0.0,128.0,556.0
1123442.0,0.0,-2.9268,-4.274,0.0723,0.0,0.0,1.1475,0.0,0.0,128.0,556.0
1123483.0,0.0,3.1109,-5.599,0.0723,0.0,0.0,1.1475,0.0,0.0,128.0,556.0
1123523.0,0.0,2.8823,-5.553,0.0723,0.0,0.0,1.1475,0.0,0.0,128.0,552.0
1123563.0,0.0,2.778,-3.154,0.0723,0.0,0.0,1.1475,0.0,0.0,128.0,564.0
1123604.0,0.0,2.5449,-5.136,0.0723,0.0,0.0,1.1475,0.0,0.0,128.0,558.0
1123644.0,0.0,2.5341,-1.655,0.0723,0.0,0.0,1.1475,0.0,0.0,128.0,556.0
1123684.0,0.0,2.6277,1.633,0.0723,0.0,0.0,1.1475,0.0,0.0,128.0,556.0
1123725.0,0.0,2.732,2.634,0.0723,0.0,0.0,1.1475,0.0,0.0,128.0,556.0
1123765.0,0.0,2.8624,3.165,0.0723,0.0,0.0,1.1475,0.0,0.0,128.0,558.0
1123805.0,0.0,2.956,2.46,0.0723,0.0,0.0,1.1475,0.0,0.0,128.0,551.0
1123845.0,0.0,-3.0787,5.43,0.0723,0.0,0.0,1.1475,0.0,0.0,128.0,565.0
1123886.0,0.0,-2.7995,6.786,0.0723,0.0,0.0,1.1475,0.0,0.0,128.0,557.0
1123926.0,0.0,-2.5372,6.779,0.0723,0.0,0.0,1.1475,0.0,0.0,128.0,557.0
1123966.0,0.0,-2.5173,1.563,0.0723,0.0,0.0,1.1475,0.0,0.0,128.0,550.0
1124006.0,0.0,-2.5203,0.086,0.0723,0.0,0.0,1.1475,0.0,0.0,128.0,556.0
1124047.0,0.0,-2.6323,-2.8,0.0723,0.0,0.0,1.1475,0.0,0.0,128.0,556.0
1124087.0,0.0,-2.7412,-3.081,0.0723,0.0,0.0,1.1475,0.0,0.0,128.0,557.0
1124127.0,0.0,-2.8931,-3.63,0.0723,0.0,0.0,1.1475,0.0,0.0,128.0,558.0
1124168.0,0.0,-2.9974,-2.457,0.0723,0.0,0.0,1.1475,0.0,0.0,128.0,557.0
1124208.0,0.0,2.9836,-6.707,0.0723,0.0,0.0,1.1475,0.0,0.0,128.0,550.0
1124248.0,0.0,2.8133,-4.59,0.0723,0.0,0.0,1.1475,0.0,0.0,128.0,551.0
1124289.0,0.0,2.8425,-0.308,0.0723,0.0,0.0,1.1475,0.0,0.0,128.0,556.0
1124329.0,0.0,2.64,-3.189,0.0723,0.0,0.0,1.1475,0.0,0.0,128.0,559.0
1124369.0,0.0,2.6124,-1.125,0.0723,0.0,0.0,1.1475,0.0,0.0,128.0,551.0
1124409.0,0.0,2.7566,3.005,0.0723,0.0,0.0,1.1475,0.0,0.0,128.0,564.0
1124450.0,0.0,2.8716,2.931,0.0723,0.0,0.0,1.1475,0.0,0.0,128.0,557.0
1124490.0,0.0,2.979,2.8,0.0723,0.0,0.0,1.1475,0.0,0.0,128.0,564.0
1124530.0,0.0,3.025,1.286,0.0723,0.0,0.0,1.1475,0.0,0.0,128.0,570.0
1124570.0,0.0,-2.9621,5.94,0.0723,0.0,0.0,1.1475,0.0,0.0,128.0,556.0
1124610.0,0.0,-2.7044,6.686,0.0723,0.0,0.0,1.1475,0.0,0.0,128.0,556.0
1124651.0,0.0,-2.7243,0.46,0.0723,0.0,0.0,1.1475,0.0,0.0,128.0,550.0
1124691.0,0.0,-2.5326,3.994,0.0723,0.0,0.0,1.1475,0.0,0.0,128.0,556.0
1124731.0,0.0,-2.5433,0.481,0.0723,0.0,0.0,1.1475,0.0,0.0,128.0,559.0
1124771.0,0.0,-2.7458,-4.074,0.0723,0.0,0.0,1.1475,0.0,0.0,128.0,557.0
1124812.0,0.0,-2.8793,-3.327,0.0723,0.0,0.0,1.1475,0.0,0.0,128.0,557.0
1124852.0,0.0,-2.9959,-3.143,0.0723,0.0,0.0,1.1475,0.0,0.0,128.0,557.0
1124892.0,0.0,-3.1293,-2.966,0.0723,0.0,0.0,1.1475,0.0,0.0,128.0,550.0
1124932.0,0.0,2.9406,-5.198,0.0723,0.0,0.0,1.1475,0.0,0.0,128.0,543.0
1124972.0,0.0,2.7734,-4.458,0.0723,0.0,0.0,1.1475,0.0,0.0,128.0,556.0
1125013.0,0.0,2.7949,-0.264,0.0723,0.0,0.0,1.1475,0.0,0.0,128.0,557.0
1125053.0,0.0,2.6691,-2.193,0.0723,0.0,0.0,1.1475,0.0,0.0,128.0,557.0
1125093.0,0.0,2.7397,0.907,0.0723,0.0,0.0,1.1475,0.0,0.0,128.0,556.0
1125134.0,0.0,2.8655,2.739,0.0723,0.0,0.0,1.1475,0.0,0.0,128.0,557.0
1125174.0,0.0,2.9989,3.205,0.0723,0.0,0.0,1.1475,0.0,0.0,128.0,557.0
1125214.0,0.0,3.0726,2.173,0.0723,0.0,0.0,1.1475,0.0,0.0,128.0,551.0
1125255.0,0.0,-3.0603,3.407,0.0723,0.0,0.0,1.1475,0.0,0.0,128.0,556.0
1125295.0,0.0,-2.9161,4.217,0.0723,0.0,0.0,1.1475,0.0,0.0,128.0,557.0
1125335.0,0.0,-2.6338,6.585,0.0723,0.0,0.0,1.1475,0.0,0.0,128.0,557.0
1125375.0,0.0,-2.8317,-2.973,0.0723,0.0,0.0,1.1475,0.0,0.0,128.0,556.0
1125415.0,0.0,-2.6093,3.576,0.0723,0.0,0.0,1.1475,0.0,0.0,128.0,556.0
1125456.0,0.0,-2.7642,-2.301,0.0723,0.0,0.0,1.1475,0.0,0.0,128.0,557.0
1125496.0,0.0,-2.8885,-3.44,0.0723,0.0,0.0,1.1475,0.0,0.0,128.0,557.0
1125536.0,0.0,-3.0112,-3.128,0.0723,0.0,0.0,1.1475,0.0,0.0,128.0,557.0
1125577.0,0.0,-3.0526,-1.663,0.0723,0.0,0.0,1.1475,0.0,0.0,128.0,557.0
1125617.0,0.0,3.0526,-3.841,0.0723,0.0,0.0,1.1475,0.0,0.0,128.0,557.0
1125657.0,0.0,2.9376,-3.341,0.0723,0.0,0.0,1.1475,0.0,0.0,128.0,556.0
1125697.0,0.0,2.8271,-2.877,0.0723,0.0,0.0,1.1475,0.0,0.0,128.0,557.0
1125738.0,0.0,2.8057,-1.017,0.0723,0.0,0.0,1.1475,0.0,0.0,128.0,556.0
1125778.0,0.0,2.7105,-2.673,0.0723,0.0,0.0,1.1475,0.0,0.0,128.0,557.0
1125818.0,0.0,2.8808,2.645,0.0723,0.0,0.0,1.1475,0.0,0.0,128.0,571.0
1125858.0,0.0,3.0005,3.051,0.0723,0.0,0.0,1.1475,0.0,0.0,128.0,556.0
1125899.0,0.0,3.0802,2.261,0.0723,0.0,0.0,1.1475,0.0,0.0,128.0,550.0
1125939.0,0.0,3.0848,0.268,0.0723,0.0,0.0,1.1475,0.0,0.0,128.0,557.0
1125979.0,0.0,-2.9483,4.805,0.0723,0.0,0.0,1.1475,0.0,0.0,128.0,557.0
1126020.0,0.0,-2.7826,4.383,0.0723,0.0,0.0,1.1475,0.0,0.0,128.0,556.0
1126060.0,0.0,-2.8823,-1.161,0.0723,0.0,0.0,1.1475,0.0,0.0,128.0,557.0
1126100.0,0.0,-2.5725,5.712,0.0723,0.0,0.0,1.1475,0.0,0.0,128.0,557.0
1126141.0,0.0,-2.7888,-2.746,0.0723,0.0,0.0,1.1475,0.0,0.0,128.0,564.0
1126181.0,0.0,-2.936,-3.144,0.0723,0.0,0.0,1.1475,0.0,0.0,128.0,550.0
1126221.0,0.0,-3.0097,-2.163,0.0723,0.0,0.0,1.1475,0.0,0.0,128.0,550.0
1126261.0,0.0,-3.0388,-1.046,0.0723,0.0,0.0,1.1475,0.0,0.0,128.0,556.0
1126302.0,0.0,3.117,-2.651,0.0723,0.0,0.0,1.1475,0.0,0.0,128.0,556.0
1126342.0,0.0,3.0173,-2.61,0.0723,0.0,0.0,1.1475,0.0,0.0,128.0,556.0
1126382.0,0.0,2.8854,-3.201,0.0723,0.0,0.0,1.1475,0.0,0.0,128.0,557.0
1126422.0,0.0,2.7734,-3.075,0.0723,0.0,0.0,1.1475,0.0,0.0,128.0,557.0
1126462.0,0.0,2.8501,1.091,0.0723,0.0,0.0,1.1475,0.0,0.0,128.0,550.0
1126503.0,0.0,2.887,0.837,0.0723,0.0,0.0,1.1475,0.0,0.0,128.0,556.0
1126543.0,0.0,3.0434,3.423,0.0723,0.0,0.0,1.1475,0.0,0.0,128.0,556.0
1126583.0,0.0,3.1293,2.405,0.0723,0.0,0.0,1.1475,0.0,0.0,128.0,557.0
1126623.0,0.0,3.0802,-0.413,0.0723,0.0,0.0,1.1475,0.0,0.0,128.0,551.0
1126664.0,0.0,-2.9989,3.746,0.0723,0.0,0.0,1.1475,0.0,0.0,128.0,557.0
1126704.0,0.0,-2.9422,2.152,0.0723,0.0,0.0,1.1475,0.0,0.0,128.0,557.0
1126744.0,0.0,-2.7918,3.385,0.0723,0.0,0.0,1.1475,0.0,0.0,128.0,551.0
1126785.0,0.0,-2.9529,-3.064,0.0723,0.0,0.0,1.1475,0.0,0.0,128.0,556.0
1126825.0,0.0,-2.8041,2.209,0.0723,0.0,0.0,1.1475,0.0,0.0,128.0,556.0
1126865.0,0.0,-2.9652,-2.85,0.0723,0.0,0.0,1.1475,0.0,0.0,128.0,559.0
1126905.0,0.0,-3.0526,-2.582,0.0723,0.0,0.0,1.1475,0.0,0.0,128.0,564.0
1126946.0,0.0,-3.1002,-1.516,0.0723,0.0,0.0,1.1475,0.0,0.0,128.0,564.0
1126986.0,0.0,-3.1094,-0.253,0.0723,0.0,0.0,1.1475,0.0,0.0,128.0,550.0
1127026.0,0.0,3.0204,-3.103,0.0723,0.0,0.0,1.1475,0.0,0.0,128.0,544.0
1127066.0,0.0,2.9836,-1.304,0.0723,0.0,0.0,1.1475,0.0,0.0,128.0,556.0
1127106.0,2.0,2.9698,-1.021,0.07223,-0.0144,-1.8,-0.9685,0.0,0.0,128.0,737.0
1127147.0,2.0,3.0296,1.895,0.06896,-0.1663,-3.36,-0.9689,0.0,0.0,128.0,723.0
1127187.0,2.0,2.8946,-1.682,0.0609,-0.239,-2.64,-0.9572,0.0,0.0,128.0,743.0
1127227.0,2.0,2.6676,-6.006,0.04823,-0.443,-7.44,-0.6334,0.0,0.0,128.0,744.0
1127267.0,2.0,2.4989,-4.742,0.02513,-0.7122,-4.574,-0.6451,0.0,0.0,128.0,751.0
1127308.0,2.0,2.6937,3.024,-0.00589,-0.7964,0.346,-0.8348,0.0,0.0,128.0,767.0
1127348.0,2.0,2.6292,0.415,-0.03611,-0.7363,1.786,-0.8661,0.0,0.0,128.0,784.0
1127389.0,2.0,2.7642,2.889,-0.06296,-0.5597,6.706,-0.8661,0.0,0.0,128.0,772.0
1127430.0,2.0,2.9974,5.214,-0.07883,-0.1815,11.626,-0.816,0.0,0.0,128.0,766.0
1127471.0,2.0,-2.7596,11.056,-0.07609,0.3238,10.689,-0.161,0.0,0.0,128.0,729.0
1127511.0,2.0,-2.3286,13.155,-0.0564,0.6536,5.922,0.462,0.0,0.0,128.0,745.0
1127552.0,2.0,-1.692,17.841,-0.02659,0.7935,1.011,2.0369,0.0,0.0,128.0,732.0
1127592.0,2.0,-1.3637,9.572,0.00439,0.7452,-3.472,0.797,0.0,0.0,128.0,759.0
1127633.0,2.0,-1.1229,6.515,0.03146,0.5737,-5.875,0.7251,0.0,0.0,128.0,737.0
1127673.0,2.0,-1.2042,0.018,0.04879,0.2851,-6.727,0.3901,0.0,0.0,128.0,776.0
1127714.0,2.0,-1.1934,-0.001,0.05621,0.1102,-2.767,0.3273,0.0,0.0,128.0,765.0
1127755.0,2.0,-1.1674,0.876,0.05711,-0.1062,-7.375,0.4188,0.0,0.0,128.0,730.0
1127795.0,2.0,-1.33,-3.076,0.04856,-0.3028,-2.575,0.3128,0.0,0.0,128.0,729.0
1127836.0,2.0,-1.4849,-3.316,0.03559,-0.3073,1.54,0.166,0.0,0.0,128.0,754.0
1127877.0,2.0,-1.8408,-6.615,0.02314,-0.3456,-3.333,0.0267,0.0,0.0,128.0,745.0
1127918.0,2.0,-2.5909,-15.22,0.00585,-0.502,-2.493,0.5855,0.0,0.0,128.0,718.0
1127958.0,2.0,2.821,-18.873,-0.01538,-0.5488,1.112,1.3028,0.0,0.0,128.0,762.0
1127999.0,2.0,2.212,-15.28,-0.03536,-0.4217,2.912,0.8948,0.0,0.0,128.0,760.0
1128040.0,2.0,1.9528,-8.968,-0.05126,-0.4006,-1.884,0.1399,0.0,0.0,128.0,723.0
1128080.0,2.0,1.5616,-9.806,-0.06731,-0.3809,2.832,0.6525,0.0,0.0,128.0,736.0
1128121.0,2.0,1.4619,-3.976,-0.07909,-0.1615,7.752,0.2482,0.0,0.0,128.0,749.0
1128162.0,2.0,1.2778,-4.701,-0.07807,0.2387,10.112,0.4568,0.0,0.0,128.0,708.0
1128202.0,2.0,1.3576,0.69,-0.06131,0.5988,6.924,0.2277,0.0,0.0,128.0,748.0
1128243.0,2.0,1.4419,2.053,-0.03296,0.7794,2.004,0.1482,0.0,0.0,128.0,732.0
1128283.0,2.0,1.6981,5.03,-0.00188,0.788,0.663,0.0635,0.0,0.0,128.0,743.0
1128324.0,2.0,2.0448,8.092,0.03034,0.7999,0.0,-0.0414,0.0,0.0,128.0,739.0
1128365.0,2.0,2.3991,8.784,0.06259,0.7999,0.0,-0.2204,0.0,0.0,128.0,731.0
1128406.0,5.0,3.0173,14.446,0.09413,0.7285,-4.08,-0.0164,0.0,0.0,128.0,701.0
1128446.0,5.0,-2.729,13.016,0.11846,0.4669,-8.88,-0.0164,0.0,0.0,128.0,696.0
1128487.0,5.0,-2.2872,12.446,0.1302,0.1453,-5.882,-0.0164,0.0,0.0,128.0,673.0
1128527.0,5.0,-1.9972,8.574,0.13268,0.0057,-1.089,-0.0164,0.0,0.0,128.0,674.0
1128567.0,6.0,-1.8515,5.537,0.13234,-0.0351,-1.5,-0.0164,0.0,0.0,128.0,709.0
1128612.0,2.0,-1.9926,-1.648,0.12941,-0.1045,-2.34,-0.4007,0.0,0.0,128.0,723.0
1128652.0,2.0,-2.1967,-4.121,0.12199,-0.3037,-7.26,-0.4736,0.0,0.0,128.0,737.0
1128692.0,2.0,-2.6323,-10.263,0.10373,-0.6245,-6.488,-0.2374,0.0,0.0,128.0,744.0
1128733.0,2.0,3.0848,-12.746,0.07466,-0.788,-1.679,0.0292,0.0,0.0,128.0,709.0
1128773.0,2.0,2.594,-11.119,0.04324,-0.7999,0.0,-0.0677,0.0,0.0,128.0,739.0
1128813.0,2.0,2.2488,-7.882,0.01178,-0.7999,0.0,-0.2526,0.0,0.0,128.0,732.0
1128853.0,2.0,1.9359,-8.116,-0.01973,-0.7999,0.0,0.083,0.0,0.0,128.0,753.0
1128894.0,2.0,1.8208,-4.122,-0.05201,-0.7999,0.0,-0.1305,0.0,0.0,128.0,730.0
1128935.0,5.0,1.8086,-1.043,-0.08415,-0.7722,2.52,-0.1615,0.0,0.0,128.0,689.0
1128975.0,5.0,1.9635,3.682,-0.11145,-0.573,7.32,-0.1615,0.0,0.0,128.0,681.0
1129016.0,5.0,2.1598,4.386,-0.12773,-0.2239,7.322,-0.1615,0.0,0.0,128.0,681.0
1129056.0,5.0,2.4222,6.96,-0.13219,-0.0293,2.65,-0.1615,0.0,0.0,128.0,694.0
1129096.0,6.0,2.9314,11.285,-0.13234,0.0156,1.5,-0.1615,0.0,0.0,128.0,719.0
1129136.0,6.0,-2.5357,18.89,-0.13054,0.0756,1.5,-0.1615,0.0,0.0,128.0,731.0
1129177.0,2.0,-2.3178,8.654,-0.12555,0.2085,5.58,-0.1649,0.0,0.0,128.0,743.0
1129218.0,2.0,-1.4987,17.739,-0.11164,0.5049,8.416,2.193,0.0,0.0,128.0,701.0
1129258.0,2.0,-1.3177,4.997,-0.08655,0.7432,3.617,0.3997,0.0,0.0,128.0,731.0
1129299.0,2.0,-1.0232,6.876,-0.05494,0.7995,0.086,0.8071,0.0,0.0,128.0,723.0
1129340.0,2.0,-1.0492,1.255,-0.0231,0.7553,-3.007,0.5081,0.0,0.0,128.0,748.0
1129380.0,2.0,-1.2962,-4.501,0.00529,0.7149,1.304,0.4154,0.0,0.0,128.0,727.0
1129420.0,2.0,-1.2487,-0.469,0.03488,0.7745,-0.257,0.2881,0.0,0.0,128.0,761.0
1129461.0,2.0,-1.4005,-2.739,0.06484,0.7033,-1.998,0.2197,0.0,0.0,128.0,740.0
1129501.0,2.0,-1.9681,-11.382,0.09004,0.5485,-5.959,0.547,0.0,0.0,128.0,757.0
1129542.0,2.0,-2.5295,-15.237,0.1062,0.2217,-9.637,0.6089,0.0,0.0,128.0,757.0
1129582.0,2.0,2.7581,-21.965,0.10714,-0.1648,-7.717,2.1258,0.0,0.0,128.0,725.0
1129623.0,2.0,2.123,-17.442,0.09563,-0.3789,-3.404,1.4369,0.0,0.0,128.0,732.0
1129663.0,2.0,1.4941,-15.633,0.07913,-0.4482,-2.073,1.6539,0.0,0.0,128.0,724.0
1129704.0,2.0,1.0017,-12.374,0.05801,-0.6352,-6.29,1.5277,0.0,0.0,128.0,730.0
1129745.0,2.0,0.6213,-9.668,0.02869,-0.7907,-1.414,1.4132,0.0,0.0,128.0,740.0
1129786.0,2.0,0.158,-10.789,-0.00353,-0.7999,0.0,1.7223,0.0,0.0,128.0,735.0
1129826.0,2.0,-0.3666,-12.503,-0.03506,-0.7999,0.0,1.9041,0.0,0.0,128.0,746.0
1129866.0,2.0,-0.3682,-2.81,-0.06596,-0.739,3.763,0.9707,0.0,0.0,128.0,752.0
1129907.0,2.0,-0.6197,-5.05,-0.09139,-0.4818,8.432,0.9824,0.0,0.0,128.0,763.0
1129948.0,2.0,-1.0416,-9.173,-0.1038,-0.1252,7.951,1.0794,0.0,0.0,128.0,737.0
1129989.0,2.0,-1.7441,-15.07,-0.10331,0.1609,8.027,1.3262,0.0,0.0,128.0,728.0
1130030.0,2.0,-2.7274,-23.245,-0.0894,0.5378,7.932,2.516,0.0,0.0,128.0,732.0
1130070.0,2.0,2.7443,-22.104,-0.06338,0.7571,3.144,2.1873,0.0,0.0,128.0,737.0
1130111.0,2.0,2.189,-16.224,-0.0315,0.7998,0.0,1.1267,0.0,0.0,128.0,730.0
1130151.0,2.0,1.7533,-11.459,-0.00064,0.741,-3.698,0.6477,0.0,0.0,128.0,763.0
1130192.0,2.0,1.4511,-8.958,0.02644,0.618,-0.975,0.6704,0.0,0.0,128.0,736.0
1130232.0,2.0,1.2885,-5.178,0.05063,0.6064,-1.02,0.4672,0.0,0.0,128.0,766.0
1130273.0,2.0,1.1014,-4.807,0.0741,0.5404,-3.185,0.5744,0.0,0.0,128.0,743.0
1130314.0,2.0,1.2379,0.689,0.09262,0.3648,-5.076,0.4043,0.0,0.0,128.0,750.0
1130355.0,2.0,1.4373,4.945,0.10193,0.0533,-9.996,0.2967,0.0,0.0,128.0,727.0
1130395.0,2.0,1.7641,7.508,0.09574,-0.3705,-8.94,0.2081,0.0,0.0,128.0,745.0
1130436.0,2.0,2.2381,11.203,0.07496,-0.6337,-4.02,0.1618,0.0,0.0,128.0,730.0
1130476.0,2.0,2.729,12.071,0.04815,-0.6961,0.78,0.0287,0.0,0.0,128.0,772.0
1130517.0,2.0,-2.8225,15.72,0.02115,-0.6333,2.813,0.5959,0.0,0.0,128.0,729.0
1130557.0,2.0,-2.0095,18.45,-0.00191,-0.5196,3.306,1.5906,0.0,0.0,128.0,754.0
1130598.0,2.0,-1.5417,16.372,-0.02141,-0.4548,2.226,1.8656,0.0,0.0,128.0,752.0
1130638.0,2.0,-1.2272,8.336,-0.03664,-0.2958,4.188,0.8331,0.0,0.0,128.0,752.0
1130679.0,2.0,-1.0278,4.896,-0.04639,-0.2021,1.584,0.6832,0.0,0.0,128.0,736.0
1130719.0,2.0,-0.9848,2.256,-0.05321,-0.1418,1.48,0.613,0.0,0.0,128.0,736.0
1130760.0,2.0,-1.1167,-2.377,-0.05696,-0.0092,5.578,0.4943,0.0,0.0,128.0,730.0
1130800.0,2.0,-1.1474,-1.309,-0.05194,0.2929,7.577,0.391,0.0,0.0,128.0,726.0
1130841.0,2.0,-1.1397,-0.698,-0.03533,0.5147,4.614,0.4062,0.0,0.0,128.0,730.0
1130881.0,2.0,-1.6521,-8.814,-0.01132,0.6922,2.511,0.3743,0.0,0.0,128.0,730.0
1130921.0,2.0,-2.2273,-12.121,0.01661,0.6974,-2.039,0.2738,0.0,0.0,128.0,757.0
1130962.0,2.0,3.0526,-21.225,0.04208,0.5659,-1.919,1.8565,0.0,0.0,128.0,718.0
1131002.0,2.0,2.4666,-17.024,0.0633,0.4914,-3.666,1.1117,0.0,0.0,128.0,763.0
1131043.0,2.0,1.8883,-13.988,0.07897,0.2519,-7.289,0.9435,0.0,0.0,128.0,757.0
1131084.0,2.0,1.4389,-11.891,0.08336,-0.0431,-7.01,1.0517,0.0,0.0,128.0,739.0
1131125.0,2.0,1.1643,-7.743,0.0768,-0.2654,-3.977,0.7945,0.0,0.0,128.0,714.0
1131165.0,2.0,1.0002,-4.929,0.06371,-0.3903,-2.058,0.7172,0.0,0.0,128.0,717.0
1131206.0,2.0,0.6734,-7.546,0.04688,-0.4508,-2.822,1.1191,0.0,0.0,128.0,734.0
1131246.0,3.0,0.836,0.958,0.02711,-0.53,0.22,0.6762,0.0,0.0,128.0,737.0
1131287.0,2.0,1.0968,5.401,0.00484,-0.5947,-1.982,0.6524,0.0,0.0,128.0,738.0
1131328.0,2.0,1.3775,6.746,-0.02055,-0.6612,-1.041,0.4957,0.0,0.0,128.0,729.0
1131368.0,2.0,1.7794,9.448,-0.0465,-0.6265,3.145,0.363,0.0,0.0,128.0,761.0
1131409.0,2.0,2.2243,10.685,-0.06791,-0.3942,8.065,0.1331,0.0,0.0,128.0,759.0
1131450.0,2.0,2.959,16.967,-0.07624,0.0137,10.062,0.8329,0.0,0.0,128.0,737.0
1131490.0,2.0,-2.1215,25.426,-0.06926,0.3178,5.262,3.4846,0.0,0.0,128.0,724.0
1131531.0,2.0,-1.2364,23.175,-0.05318,0.4909,5.622,3.7622,0.0,0.0,128.0,723.0
1131571.0,2.0,-0.6949,15.848,-0.02906,0.7264,4.182,2.3785,0.0,0.0,128.0,725.0
1131611.0,2.0,-0.3467,10.3,0.00161,0.7999,0.12,1.617,0.0,0.0,128.0,743.0
1131651.0,2.0,0.0123,9.265,0.03308,0.8,0.092,1.5423,0.0,0.0,128.0,745.0
1131691.0,2.0,0.4924,11.312,0.0642,0.7704,-1.135,1.693,0.0,0.0,128.0,727.0
1131732.0,2.0,1.0784,13.881,0.09386,0.6748,-3.324,1.6927,0.0,0.0,128.0,751.0
1131772.0,2.0,1.6843,14.912,0.1167,0.4459,-8.062,1.3072,0.0,0.0,128.0,750.0
1131812.0,2.0,2.3439,15.753,0.12694,0.047,-9.731,0.8871,0.0,0.0,128.0,745.0
1131853.0,2.0,3.1094,18.515,0.12045,-0.3856,-9.972,1.1665,0.0,0.0,128.0,721.0
1131894.0,2.0,-2.4912,15.67,0.09821,-0.6916,-5.065,0.8003,0.0,0.0,128.0,728.0
1131934.0,2.0,-1.6352,19.193,0.06829,-0.7982,-0.505,2.3547,0.0,0.0,128.0,739.0
1131974.0,2.0,-1.4742,6.969,0.03686,-0.7999,0.0,0.3694,0.0,0.0,128.0,744.0
1132015.0,2.0,-1.3346,3.991,0.00465,-0.7999,0.0,0.3457,0.0,0.0,128.0,718.0
1132055.0,2.0,-1.3023,0.66,-0.02689,-0.7991,0.36,0.3199,0.0,0.0,128.0,767.0
1132096.0,2.0,-1.3714,-1.894,-0.05749,-0.6811,5.28,0.2179,0.0,0.0,128.0,740.0
1132137.0,2.0,-1.5094,-2.495,-0.07942,-0.3706,9.502,0.1614,0.0,0.0,128.0,738.0
1132177.0,2.0,-1.6368,-3.49,-0.087,-0.0221,7.054,0.0459,0.0,0.0,128.0,743.0
1132218.0,2.0,-2.2089,-11.398,-0.08363,0.1638,2.134,0.1927,0.0,0.0,128.0,742.0
1132258.0,2.0,-2.8839,-14.793,-0.07676,0.1592,-0.777,0.4311,0.0,0.0,128.0,745.0
1132299.0,2.0,2.8701,-14.455,-0.06971,0.2089,1.034,0.3766,0.0,0.0,128.0,715.0
1132339.0,2.0,2.6154,-8.286,-0.06191,0.1584,-3.341,-0.3794,0.0,0.0,128.0,758.0
1132380.0,2.0,2.0801,-11.429,-0.05921,-0.0279,-3.289,0.3471,0.0,0.0,128.0,732.0
1132421.0,2.0,1.9236,-5.828,-0.06251,-0.1515,-3.642,-0.1183,0.0,0.0,128.0,730.0
1132462.0,2.0,1.7334,-4.886,-0.07088,-0.248,-0.856,0.008,0.0,0.0,128.0,744.0
1132502.0,2.0,1.6797,-2.106,-0.0801,-0.187,3.827,-0.0586,0.0,0.0,128.0,756.0
1132543.0,2.0,1.7794,1.347,-0.08329,0.0676,8.602,-0.1834,0.0,0.0,128.0,752.0
1132584.0,2.0,2.0341,5.134,-0.0726,0.4751,8.826,-0.273,0.0,0.0,128.0,743.0
1132624.0,2.0,2.2227,5.391,-0.04841,0.7305,4.053,-0.4687,0.0,0.0,128.0,733.0
1132665.0,2.0,2.9284,13.851,-0.01702,0.7999,0.12,0.244,0.0,0.0,128.0,745.0
1132706.0,2.0,-2.7673,13.4,0.01526,0.7999,0.0,0.1989,0.0,0.0,128.0,723.0
1132746.0,2.0,-2.3884,9.499,0.04661,0.7996,0.074,-0.1613,0.0,0.0,128.0,754.0
1132786.0,2.0,-1.7334,14.228,0.07751,0.7476,-3.0,1.2517,0.0,0.0,128.0,766.0
1132827.0,2.0,-1.3913,8.653,0.10391,0.5212,-7.92,0.713,0.0,0.0,128.0,746.0
1132868.0,2.0,-1.5033,-0.64,0.11734,0.1156,-9.681,0.0945,0.0,0.0,128.0,743.0
1132908.0,2.0,-1.5018,-0.072,0.11501,-0.2397,-8.686,0.0478,0.0,0.0,128.0,758.0
1132949.0,2.0,-1.5601,-0.921,0.0984,-0.5723,-6.319,0.035,0.0,0.0,128.0,731.0
1132990.0,2.0,-1.8055,-4.565,0.07084,-0.7706,-2.583,-0.0491,0.0,0.0,128.0,738.0
1133030.0,2.0,-2.1077,-6.323,0.0396,-0.7999,0.0,-0.2104,0.0,0.0,128.0,735.0
1133071.0,2.0,-2.9207,-17.228,0.0075,-0.783,0.96,0.8878,0.0,0.0,128.0,734.0
1133112.0,2.0,2.801,-14.576,-0.02441,-0.7999,0.0,0.4127,0.0,0.0,128.0,713.0
1133152.0,2.0,2.3562,-12.66,-0.05587,-0.7897,1.08,0.3579,0.0,0.0,128.0,731.0
1133193.0,5.0,2.0571,-8.228,-0.08738,-0.7513,2.88,-0.153,0.0,0.0,128.0,687.0
1133233.0,5.0,1.7886,-7.169,-0.11359,-0.5377,7.68,-0.153,0.0,0.0,128.0,680.0
1133273.0,5.0,1.85,-0.089,-0.12814,-0.1998,6.901,-0.153,0.0,0.0,128.0,681.0
1133314.0,5.0,1.8101,-0.032,-0.132,-0.019,2.103,-0.153,0.0,0.0,128.0,682.0
1133354.0,6.0,1.8592,1.057,-0.13193,0.0237,1.5,-0.153,0.0,0.0,128.0,710.0
1133401.0,2.0,2.3209,8.446,-0.12934,0.097,2.46,-0.2264,0.0,0.0,128.0,862.0
1133440.0,2.0,2.798,11.201,-0.1224,0.2938,7.26,-0.1415,0.0,0.0,128.0,751.0
1133481.0,2.0,-2.9038,13.88,-0.10388,0.624,6.491,0.2313,0.0,0.0,128.0,729.0
1133521.0,2.0,-2.0862,20.714,-0.0756,0.7859,1.711,2.2881,0.0,0.0,128.0,729.0
1133561.0,2.0,-1.6628,10.251,-0.04436,0.7926,0.991,0.5534,0.0,0.0,128.0,746.0
1133602.0,2.0,-1.0201,15.008,-0.01294,0.7998,0.0,1.9816,0.0,0.0,128.0,724.0
1133642.0,2.0,-0.8744,6.51,0.01912,0.7682,-2.696,0.9384,0.0,0.0,128.0,723.0
1133683.0,2.0,-0.9342,0.634,0.04661,0.5554,-7.001,0.6413,0.0,0.0,128.0,759.0
1133724.0,2.0,-0.8069,2.53,0.06473,0.3559,-4.721,0.6878,0.0,0.0,128.0,754.0
1133765.0,2.0,-0.6029,5.164,0.07444,0.113,-6.119,1.0093,0.0,0.0,128.0,737.0
1133806.0,3.0,-0.6243,0.737,0.0738,-0.1603,-7.861,0.8048,0.0,0.0,128.0,697.0
1133846.0,3.0,-0.675,-0.488,0.06049,-0.5269,-8.092,0.7822,0.0,0.0,128.0,694.0
1133886.0,3.0,-0.5093,3.397,0.03476,-0.7524,-3.298,0.946,0.0,0.0,128.0,702.0
1133926.0,3.0,-0.5415,0.204,0.00368,-0.7998,0.0,0.8572,0.0,0.0,128.0,710.0
1133967.0,3.0,-0.4372,1.203,-0.02873,-0.7998,0.0,0.9151,0.0,0.0,128.0,715.0
1134007.0,3.0,-0.4387,0.291,-0.0603,-0.7998,0.0,0.9058,0.0,0.0,128.0,724.0
1134048.0,5.0,-0.3942,0.898,-0.09131,-0.744,3.6,0.9079,0.0,0.0,128.0,660.0
1134088.0,5.0,-0.4924,-1.605,-0.11715,-0.4931,8.52,0.9079,0.0,0.0,128.0,669.0
1134129.0,5.0,-0.6075,-3.247,-0.12986,-0.1633,6.242,0.9079,0.0,0.0,128.0,672.0
1134169.0,5.0,-0.6811,-1.806,-0.13275,-0.0108,1.569,0.9079,0.0,0.0,128.0,665.0
1134209.0,6.0,-0.8391,-3.722,-0.13252,0.0306,1.5,0.9079,0.0,0.0,128.0,701.0
1134249.0,6.0,-1.5447,-13.942,-0.13016,0.0906,1.5,0.9079,0.0,0.0,128.0,700.0
1134290.0,2.0,-2.1353,-14.259,-0.12416,0.2457,6.18,0.7757,0.0,0.0,128.0,746.0
1134330.0,2.0,-3.0204,-22.042,-0.10868,0.5633,7.535,2.0721,0.0,0.0,128.0,733.0
1134370.0,2.0,2.528,-19.295,-0.08194,0.767,2.777,1.5733,0.0,0.0,128.0,737.0
1134410.0,2.0,2.12,-12.631,-0.05078,0.7916,-1.187,0.5215,0.0,0.0,128.0,768.0
1134451.0,2.0,1.7994,-8.756,-0.02111,0.6418,-5.444,0.2694,0.0,0.0,128.0,757.0
1134492.0,2.0,1.6076,-5.475,0.00105,0.4793,-1.768,0.1859,0.0,0.0,128.0,768.0
1134533.0,2.0,1.5018,-2.979,0.02021,0.4905,0.702,0.1443,0.0,0.0,128.0,725.0
1134573.0,2.0,1.5186,-0.465,0.03908,0.4481,-2.669,0.082,0.0,0.0,128.0,746.0
1134613.0,2.0,1.6751,3.551,0.05366,0.2856,-3.095,-0.0131,0.0,0.0,128.0,760.0
1134654.0,2.0,1.8807,3.894,0.06401,0.262,1.825,-0.1857,0.0,0.0,128.0,743.0
1134694.0,2.0,2.3593,10.768,0.07639,0.3576,0.969,0.0258,0.0,0.0,128.0,730.0
1134735.0,2.0,2.821,12.035,0.09135,0.3693,-0.199,-0.0509,0.0,0.0,128.0,763.0
1134776.0,2.0,-2.8962,13.647,0.10695,0.3987,-0.777,0.2087,0.0,0.0,128.0,746.0
1134816.0,2.0,-2.1276,16.727,0.12079,0.2692,-5.577,1.1637,0.0,0.0,128.0,762.0
1134857.0,2.0,-1.8101,11.286,0.12585,-0.0592,-9.312,0.6821,0.0,0.0,128.0,726.0
1134897.0,2.0,-1.7273,3.362,0.11768,-0.3333,-4.512,-0.0741,0.0,0.0,128.0,729.0
1134938.0,2.0,-1.7058,1.116,0.10125,-0.4946,-4.657,-0.1186,0.0,0.0,128.0,745.0
1134979.0,2.0,-1.7441,-0.368,0.07748,-0.6909,-5.099,-0.1494,0.0,0.0,128.0,750.0
1135019.0,2.0,-1.7165,-0.126,0.04766,-0.7984,-0.539,-0.191,0.0,0.0,128.0,750.0
1135060.0,2.0,-2.3148,-8.798,0.01534,-0.7999,0.0,-0.1072,0.0,0.0,128.0,745.0
1135100.0,2.0,-2.9729,-15.001,-0.01616,-0.7999,0.0,0.4332,0.0,0.0,128.0,732.0
1135140.0,2.0,2.8072,-14.145,-0.04766,-0.7999,0.027,0.3268,0.0,0.0,128.0,762.0
1135181.0,5.0,2.485,-9.091,-0.07909,-0.7866,1.554,0.0777,0.0,0.0,128.0,676.0
1135221.0,5.0,2.2596,-5.037,-0.10826,-0.6195,6.474,0.0777,0.0,0.0,128.0,673.0
1135261.0,5.0,2.1384,-3.293,-0.12656,-0.284,8.154,0.0777,0.0,0.0,128.0,673.0
1135301.0,5.0,2.1644,0.001,-0.13271,-0.0522,3.475,0.0777,0.0,0.0,128.0,672.0
1135342.0,6.0,2.2642,1.809,-0.13324,0.0061,1.164,0.0777,0.0,0.0,128.0,711.0
1135382.0,6.0,2.4206,3.1,-0.13189,0.0658,1.5,0.0777,0.0,0.0,128.0,718.0
1135422.0,2.0,2.8225,8.867,-0.12806,0.1441,3.54,-0.4585,0.0,0.0,128.0,752.0
1135462.0,2.0,-3.0772,10.584,-0.11843,0.3841,8.34,-0.2769,0.0,0.0,128.0,748.0
1135502.0,2.0,-2.5449,10.253,-0.09705,0.683,5.272,-0.1737,0.0,0.0,128.0,747.0
1135543.0,2.0,-1.6398,21.971,-0.06664,0.7981,0.493,3.0286,0.0,0.0,128.0,730.0
1135583.0,2.0,-1.3821,11.754,-0.03517,0.7999,0.0,1.0604,0.0,0.0,128.0,730.0
1135624.0,2.0,-1.0446,9.539,-0.00334,0.7544,-1.8,1.0499,0.0,0.0,128.0,752.0
1135665.0,2.0,-1.037,2.73,0.02573,0.6543,-4.648,0.5316,0.0,0.0,128.0,745.0
1135706.0,2.0,-1.3116,-4.145,0.04744,0.4211,-4.288,0.4094,0.0,0.0,128.0,752.0
1135747.0,2.0,-1.3023,-1.215,0.06229,0.3345,-1.85,0.2576,0.0,0.0,128.0,742.0
1135787.0,2.0,-1.4005,-2.204,0.07309,0.21,-2.112,0.2097,0.0,0.0,128.0,759.0
1135828.0,2.0,-1.7441,-6.137,0.07913,0.0665,-4.102,0.2193,0.0,0.0,128.0,764.0
1135869.0,2.0,-2.2381,-13.319,0.07714,-0.205,-9.022,0.5746,0.0,0.0,128.0,732.0
1135910.0,2.0,-3.0802,-19.893,0.06296,-0.4716,-4.102,1.501,0.0,0.0,128.0,747.0
1135950.0,2.0,2.4605,-19.192,0.042,-0.5736,-0.443,1.5836,0.0,0.0,128.0,741.0
1135990.0,2.0,1.9251,-13.879,0.01973,-0.5631,-1.097,0.8751,0.0,0.0,128.0,735.0
1136031.0,2.0,1.4696,-11.871,-0.00293,-0.5484,1.113,1.0276,0.0,0.0,128.0,745.0
1136071.0,2.0,1.1382,-8.912,-0.02299,-0.4544,3.216,0.9423,0.0,0.0,128.0,757.0
1136112.0,2.0,0.8667,-6.719,-0.03821,-0.2885,4.236,0.9258,0.0,0.0,128.0,754.0
1136153.0,2.0,0.3912,-10.622,-0.04781,-0.218,-0.679,1.6692,0.0,0.0,128.0,745.0
1136193.0,3.0,0.4203,-1.653,-0.05569,-0.15,4.04,0.9302,0.0,0.0,128.0,717.0
1136234.0,3.0,0.1933,-4.51,-0.05888,-0.0334,0.547,1.1099,0.0,0.0,128.0,724.0
1136274.0,3.0,-0.1795,-8.73,-0.06101,-0.1099,-4.253,1.4656,0.0,0.0,128.0,690.0
1136314.0,3.0,-0.0721,0.309,-0.06971,-0.3455,-5.193,0.998,0.0,0.0,128.0,703.0
1136354.0,3.0,-0.1074,-0.252,-0.0861,-0.4641,-2.385,0.9946,0.0,0.0,128.0,710.0
1136395.0,5.0,-0.1595,-1.354,-0.10616,-0.4965,1.575,0.9958,0.0,0.0,128.0,673.0
1136435.0,5.0,0.0644,4.194,-0.12326,-0.3351,6.375,0.9958,0.0,0.0,128.0,674.0
1136475.0,5.0,-0.1703,-3.28,-0.13125,-0.0814,4.375,0.9958,0.0,0.0,128.0,653.0
1136515.0,5.0,-0.3191,-4.201,-0.1323,-0.0001,0.0,0.9958,0.0,0.0,128.0,655.0
1136555.0,6.0,-0.3451,-1.227,-0.13144,0.0512,1.5,0.9958,0.0,0.0,128.0,700.0
1136595.0,2.0,-0.6044,-5.021,-0.12818,0.1318,3.66,0.9775,0.0,0.0,128.0,730.0
1136635.0,2.0,-0.7056,-2.896,-0.11895,0.3766,8.46,0.8063,0.0,0.0,128.0,730.0
1136675.0,2.0,-0.7823,-2.467,-0.0978,0.6792,5.385,0.7473,0.0,0.0,128.0,743.0
1136716.0,2.0,-1.356,-12.261,-0.06739,0.7977,0.724,1.2236,0.0,0.0,128.0,737.0
1136756.0,2.0,-1.9436,-12.86,-0.03593,0.7971,-0.767,0.7375,0.0,0.0,128.0,747.0
1136797.0,2.0,-2.913,-23.745,-0.00364,0.7999,0.0,2.5746,0.0,0.0,128.0,739.0
1136838.0,2.0,2.4145,-21.863,0.02861,0.7999,0.0,2.2779,0.0,0.0,128.0,732.0
1136878.0,2.0,1.8346,-16.231,0.06007,0.7896,-1.515,1.4216,0.0,0.0,128.0,765.0
1136919.0,2.0,1.3315,-13.173,0.08933,0.6242,-6.435,1.3496,0.0,0.0,128.0,743.0
1136959.0,2.0,1.0017,-9.426,0.10778,0.2734,-10.148,1.1199,0.0,0.0,128.0,747.0
1137000.0,2.0,0.7655,-6.465,0.11093,-0.1195,-8.664,1.0014,0.0,0.0,128.0,745.0
1137041.0,2.0,0.6305,-4.108,0.09979,-0.4277,-6.563,0.9278,0.0,0.0,128.0,730.0
1137082.0,3.0,0.7455,1.098,0.078,-0.6353,-3.093,0.7424,0.0,0.0,128.0,716.0
1137122.0,2.0,1.106,7.746,0.051,-0.7516,-3.399,0.833,0.0,0.0,128.0,749.0
1137163.0,2.0,1.4941,9.385,0.01916,-0.7999,0.0,0.6134,0.0,0.0,128.0,724.0
1137203.0,2.0,2.0233,12.646,-0.0117,-0.7386,3.777,0.5899,0.0,0.0,128.0,744.0
1137243.0,2.0,2.5756,12.756,-0.03664,-0.4891,8.577,0.2014,0.0,0.0,128.0,756.0
1137284.0,2.0,-2.7796,20.847,-0.04961,-0.172,5.481,1.8227,0.0,0.0,128.0,750.0
1137325.0,2.0,-1.6582,25.877,-0.05351,-0.0507,0.561,4.1835,0.0,0.0,128.0,760.0
1137366.0,2.0,-1.0324,16.326,-0.05396,0.0658,5.241,2.1878,0.0,0.0,128.0,721.0
1137407.0,2.0,-0.6228,11.727,-0.04575,0.3826,9.441,1.7242,0.0,0.0,128.0,724.0
1137448.0,2.0,-0.3313,7.498,-0.02408,0.6663,4.521,1.3062,0.0,0.0,128.0,731.0
1137489.0,2.0,-0.0844,5.808,0.0051,0.7485,-0.249,1.207,0.0,0.0,128.0,736.0
1137530.0,3.0,-0.1028,1.411,0.03465,0.7083,-0.846,1.0073,0.0,0.0,128.0,723.0
1137570.0,5.0,0.3068,8.891,0.06315,0.757,1.314,1.2547,0.0,0.0,128.0,667.0
1137610.0,5.0,0.6473,8.27,0.09278,0.7112,-3.486,1.2547,0.0,0.0,128.0,682.0
1137650.0,5.0,1.0723,10.643,0.11693,0.4734,-8.286,1.2547,0.0,0.0,128.0,683.0
1137691.0,5.0,1.5616,11.788,0.129,0.1519,-6.007,1.2547,0.0,0.0,128.0,667.0
1137731.0,5.0,2.2596,15.812,0.13162,0.0082,-1.329,1.2547,0.0,0.0,128.0,667.0
1137771.0,6.0,3.0649,19.022,0.13129,-0.0338,-1.5,1.2547,0.0,0.0,128.0,708.0
1137812.0,2.0,-2.3132,21.423,0.12866,-0.1116,-3.42,2.2192,0.0,0.0,128.0,726.0
1137852.0,2.0,-1.5401,20.164,0.12045,-0.336,-6.06,2.6925,0.0,0.0,128.0,737.0
1137892.0,2.0,-1.1658,11.813,0.10384,-0.4865,-2.91,1.3616,0.0,0.0,128.0,737.0
1137932.0,2.0,-0.859,8.581,0.0813,-0.6749,-4.265,1.1473,0.0,0.0,128.0,737.0
1137972.0,2.0,-0.8514,2.506,0.05186,-0.7953,-0.828,0.7166,0.0,0.0,128.0,716.0
1138012.0,2.0,-0.8345,0.803,0.02077,-0.7733,0.264,0.6388,0.0,0.0,128.0,766.0
1138053.0,2.0,-0.5768,5.526,-0.0105,-0.7565,2.467,1.043,0.0,0.0,128.0,734.0
1138093.0,3.0,-0.6105,0.557,-0.03829,-0.6672,0.521,0.8213,0.0,0.0,128.0,718.0
1138134.0,5.0,-0.8207,-4.061,-0.0654,-0.7289,-1.639,0.7835,0.0,0.0,128.0,683.0
1138174.0,5.0,-1.0584,-5.74,-0.0948,-0.6927,3.281,0.7835,0.0,0.0,128.0,680.0
1138214.0,5.0,-1.0354,0.193,-0.11831,-0.4631,8.081,0.7835,0.0,0.0,128.0,667.0
1138255.0,5.0,-1.2824,-4.253,-0.13009,-0.1466,5.896,0.7835,0.0,0.0,128.0,652.0
1138295.0,5.0,-1.9727,-15.373,-0.1326,-0.006,1.102,0.7835,0.0,0.0,128.0,687.0
1138335.0,6.0,-3.0603,-22.468,-0.13223,0.0354,1.5,0.7835,0.0,0.0,128.0,708.0
1138378.0,2.0,2.6829,-15.821,-0.12941,0.1032,2.34,0.7152,0.0,0.0,128.0,730.0
1138419.0,2.0,2.0954,-13.993,-0.12203,0.3025,7.26,0.8013,0.0,0.0,128.0,725.0
1138459.0,2.0,1.7886,-9.007,-0.10579,0.4961,2.499,0.3261,0.0,0.0,128.0,732.0
1138500.0,2.0,1.4987,-7.334,-0.08411,0.6014,4.516,0.4169,0.0,0.0,128.0,738.0
1138540.0,2.0,1.4312,-2.836,-0.0567,0.7751,2.356,0.1858,0.0,0.0,128.0,758.0
1138581.0,2.0,1.4327,-0.695,-0.02471,0.7999,0.0,0.1837,0.0,0.0,128.0,732.0
1138621.0,2.0,1.5601,2.864,0.00581,0.7329,-1.904,0.0511,0.0,0.0,128.0,753.0
1138662.0,2.0,1.8684,6.855,0.03383,0.6794,0.816,0.0363,0.0,0.0,128.0,742.0
1138703.0,5.0,2.2626,9.606,0.0621,0.7644,1.526,-0.041,0.0,0.0,128.0,680.0
1138743.0,5.0,2.6369,10.101,0.09293,0.7236,-3.394,-0.041,0.0,0.0,128.0,659.0
1138783.0,5.0,-3.1232,11.032,0.11768,0.4894,-8.194,-0.041,0.0,0.0,128.0,658.0
1138823.0,5.0,-2.4743,11.732,0.13031,0.1625,-6.212,-0.041,0.0,0.0,128.0,675.0
1138863.0,5.0,-2.3455,6.665,0.1332,0.0106,-1.538,-0.041,0.0,0.0,128.0,680.0
1138904.0,6.0,-2.1246,5.486,0.13297,-0.0306,-1.5,-0.041,0.0,0.0,128.0,703.0
1138944.0,6.0,-2.0877,1.558,0.13061,-0.0906,-1.5,-0.041,0.0,0.0,128.0,716.0
1138984.0,2.0,-2.1905,-1.479,0.12514,-0.222,-5.58,-0.5645,0.0,0.0,128.0,731.0
1139024.0,2.0,-2.3945,-4.586,0.11093,-0.531,-8.036,-0.5942,0.0,0.0,128.0,741.0
1139065.0,2.0,-2.91,-12.162,0.08438,-0.7576,-3.13,-0.0504,0.0,0.0,128.0,723.0
1139105.0,2.0,2.9422,-11.156,0.05336,-0.7999,0.0,-0.1852,0.0,0.0,128.0,744.0
1139146.0,2.0,2.4053,-12.258,0.02108,-0.7999,0.0,0.1615,0.0,0.0,128.0,726.0
1139186.0,2.0,2.2795,-6.409,-0.01039,-0.7999,0.0,-0.3786,0.0,0.0,128.0,747.0
1139227.0,2.0,2.0249,-6.082,-0.04267,-0.7999,0.0,-0.1946,0.0,0.0,128.0,736.0
1139268.0,5.0,1.9436,-2.856,-0.07493,-0.7945,1.08,-0.2286,0.0,0.0,128.0,698.0
1139309.0,5.0,1.9896,0.414,-0.10414,-0.6529,5.88,-0.2286,0.0,0.0,128.0,683.0
1139349.0,5.0,2.2105,4.588,-0.1245,-0.3193,8.64,-0.2286,0.0,0.0,128.0,680.0
1139390.0,5.0,2.4927,6.579,-0.13162,-0.0676,3.962,-0.2286,0.0,0.0,128.0,690.0
1139430.0,6.0,2.9284,9.414,-0.13245,0.0018,0.63,-0.2286,0.0,0.0,128.0,715.0
1139471.0,6.0,-2.7765,13.332,-0.13125,0.0606,1.5,-0.2286,0.0,0.0,128.0,718.0
1139511.0,2.0,-2.2795,12.792,-0.1275,0.1537,4.26,0.4269,0.0,0.0,128.0,728.0
1139552.0,2.0,-1.6981,14.159,-0.11659,0.4165,6.983,1.1926,0.0,0.0,128.0,738.0
1139592.0,2.0,-1.3085,11.218,-0.0945,0.6947,5.016,1.1009,0.0,0.0,128.0,745.0
1139633.0,2.0,-1.1812,3.861,-0.06375,0.7971,0.096,0.4397,0.0,0.0,128.0,730.0
1139673.0,2.0,-1.2195,0.161,-0.03277,0.7611,-1.133,0.3715,0.0,0.0,128.0,753.0
1139714.0,2.0,-1.3959,-3.561,-0.00165,0.7964,0.907,0.2794,0.0,0.0,128.0,751.0
1139754.0,2.0,-1.4389,-2.101,0.02981,0.7967,-0.816,0.1401,0.0,0.0,128.0,744.0
1139795.0,2.0,-1.5907,-2.433,0.05996,0.6707,-4.618,0.0778,0.0,0.0,128.0,746.0
1139835.0,2.0,-2.1476,-11.737,0.0816,0.3876,-9.418,0.3916,0.0,0.0,128.0,749.0
1139876.0,2.0,-2.887,-18.071,0.09,0.0491,-6.18,1.0765,0.0,0.0,128.0,739.0
1139916.0,2.0,2.462,-20.878,0.08704,-0.1849,-3.78,1.9729,0.0,0.0,128.0,711.0
1139957.0,2.0,1.9558,-14.787,0.07721,-0.305,-3.9,1.0298,0.0,0.0,128.0,729.0
1139997.0,2.0,1.4189,-13.576,0.06236,-0.4538,-4.86,1.3571,0.0,0.0,128.0,738.0
1140038.0,2.0,1.0262,-10.253,0.03986,-0.6546,-3.536,1.2061,0.0,0.0,128.0,730.0
1140078.0,2.0,0.7701,-7.259,0.01215,-0.7315,-0.189,1.0737,0.0,0.0,128.0,710.0
1140119.0,2.0,0.1825,-13.592,-0.01702,-0.7299,-1.833,2.1485,0.0,0.0,128.0,702.0
1140159.0,2.0,0.2025,-3.189,-0.04759,-0.7981,0.296,1.0549,0.0,0.0,128.0,745.0
1140200.0,3.0,0.1933,-0.276,-0.07845,-0.7175,2.071,0.9819,0.0,0.0,128.0,710.0
1140240.0,5.0,0.0813,-1.929,-0.105,-0.6125,4.249,0.9834,0.0,0.0,128.0,659.0
1140280.0,5.0,-0.3651,-8.764,-0.12465,-0.3442,9.049,0.9834,0.0,0.0,128.0,654.0
1140321.0,5.0,-0.3053,-0.595,-0.13256,-0.0799,4.37,0.9834,0.0,0.0,128.0,652.0
1140362.0,6.0,-0.5829,-4.834,-0.13358,0.0008,0.417,0.9834,0.0,0.0,128.0,756.0
1140402.0,6.0,-0.8759,-6.424,-0.13256,0.0565,1.5,0.9834,0.0,0.0,128.0,703.0
1140443.0,2.0,-1.5033,-13.692,-0.12908,0.1234,2.58,1.2642,0.0,0.0,128.0,840.0
1140483.0,2.0,-2.1338,-16.268,-0.12098,0.325,7.38,1.1208,0.0,0.0,128.0,731.0
1140523.0,2.0,-3.1048,-22.77,-0.10193,0.6404,6.19,2.2782,0.0,0.0,128.0,739.0
1140564.0,2.0,2.5832,-15.675,-0.07245,0.7914,1.29,0.747,0.0,0.0,128.0,732.0
1140604.0,2.0,2.0141,-13.2,-0.04103,0.7931,-0.73,0.697,0.0,0.0,128.0,765.0
1140645.0,2.0,1.7181,-9.031,-0.01091,0.6641,-5.14,0.3984,0.0,0.0,128.0,750.0
1140686.0,2.0,1.514,-5.194,0.0129,0.5452,-0.506,0.2528,0.0,0.0,128.0,759.0
1140727.0,2.0,1.4527,-2.225,0.03559,0.59,0.454,0.1896,0.0,0.0,128.0,716.0
1140767.0,2.0,1.356,-2.193,0.05843,0.5657,-1.176,0.2757,0.0,0.0,128.0,741.0
1140808.0,2.0,1.5524,3.348,0.07897,0.4142,-6.096,0.1035,0.0,0.0,128.0,760.0
1140849.0,2.0,1.7579,4.347,0.09113,0.2121,-2.616,-0.0436,0.0,0.0,128.0,743.0
1140889.0,2.0,2.2457,10.343,0.09848,0.1709,-0.611,0.0488,0.0,0.0,128.0,750.0
1140929.0,2.0,2.7366,12.147,0.10496,0.1566,-0.789,0.0097,0.0,0.0,128.0,747.0
1140969.0,2.0,-3.0465,13.478,0.11149,0.1731,-0.745,0.1523,0.0,0.0,128.0,744.0
1141010.0,2.0,-2.301,16.045,0.1167,0.0553,-4.994,0.8845,0.0,0.0,128.0,733.0
1141051.0,2.0,-1.919,12.769,0.11363,-0.2504,-8.954,0.8032,0.0,0.0,128.0,724.0
1141091.0,2.0,-1.7763,4.696,0.09818,-0.5102,-4.154,-0.0468,0.0,0.0,128.0,730.0
1141131.0,2.0,-1.6966,2.442,0.07616,-0.5816,-0.37,-0.0822,0.0,0.0,128.0,738.0
1141172.0,2.0,-1.6536,1.221,0.0519,-0.6379,-1.708,-0.0482,0.0,0.0,128.0,739.0
1141213.0,2.0,-1.8945,-5.585,0.02423,-0.7534,-3.184,-0.1404,0.0,0.0,128.0,736.0
1141253.0,2.0,-2.2795,-8.813,-0.00675,-0.7998,0.0,-0.0806,0.0,0.0,128.0,740.0
1141293.0,2.0,-2.821,-12.774,-0.03825,-0.7998,0.0,0.078,0.0,0.0,128.0,710.0
1141334.0,5.0,3.0342,-11.882,-0.06979,-0.7991,0.36,-0.0732,0.0,0.0,128.0,774.0
1141374.0,5.0,2.5433,-11.438,-0.09971,-0.6863,5.16,-0.0732,0.0,0.0,128.0,669.0
1141414.0,5.0,2.4206,-5.393,-0.12195,-0.3729,9.36,-0.0732,0.0,0.0,128.0,695.0
1141454.0,5.0,2.3378,-2.512,-0.13069,-0.0931,4.681,-0.0732,0.0,0.0,128.0,661.0
1141494.0,5.0,2.3807,0.483,-0.13196,-0.0003,0.269,-0.0732,0.0,0.0,128.0,666.0
1141534.0,6.0,2.4804,2.018,-0.13125,0.0486,1.5,-0.0732,0.0,0.0,128.0,717.0
1141575.0,2.0,2.6016,2.014,-0.12791,0.1378,4.02,-0.8161,0.0,0.0,128.0,745.0
1141616.0,2.0,3.0818,10.323,-0.11779,0.4059,8.94,-0.3261,0.0,0.0,128.0,718.0
1141656.0,2.0,-2.5357,15.395,-0.09559,0.6965,4.979,0.6661,0.0,0.0,128.0,744.0
1141697.0,2.0,-2.3301,8.507,-0.0648,0.799,0.299,-0.1759,0.0,0.0,128.0,746.0
1141737.0,2.0,-1.6306,14.536,-0.03334,0.7982,-0.577,1.2883,0.0,0.0,128.0,746.0
1141778.0,2.0,-1.3837,8.782,-0.00116,0.794,-1.134,0.763,0.0,0.0,128.0,745.0
1141819.0,2.0,-1.3698,1.335,0.02865,0.6442,-6.054,0.2421,0.0,0.0,128.0,738.0
1141859.0,2.0,-1.5539,-3.464,0.05033,0.4811,-3.175,0.0993,0.0,0.0,128.0,742.0
1141899.0,2.0,-1.5555,-0.844,0.06577,0.281,-5.657,0.0179,0.0,0.0,128.0,758.0
1141940.0,2.0,-1.7856,-3.778,0.07166,-0.0274,-9.711,-0.0669,0.0,0.0,128.0,731.0
1141980.0,2.0,-2.1246,-6.502,0.06236,-0.4508,-9.155,-0.2091,0.0,0.0,128.0,752.0
1142021.0,2.0,-3.0726,-19.417,0.03821,-0.7231,-4.242,1.3835,0.0,0.0,128.0,724.0
1142061.0,2.0,2.5541,-17.645,0.00776,-0.7943,0.558,1.1603,0.0,0.0,128.0,742.0
1142101.0,2.0,2.0325,-14.056,-0.02205,-0.7009,2.213,0.8559,0.0,0.0,128.0,752.0
1142141.0,2.0,1.5769,-11.613,-0.04819,-0.602,4.517,0.8713,0.0,0.0,128.0,771.0
1142182.0,2.0,1.3162,-7.633,-0.06754,-0.3166,8.842,0.6514,0.0,0.0,128.0,737.0
1142223.0,2.0,0.8897,-10.253,-0.07313,0.0306,6.465,1.3008,0.0,0.0,128.0,731.0
1142263.0,2.0,0.8851,-2.48,-0.06776,0.257,7.185,0.7028,0.0,0.0,128.0,735.0
1142304.0,2.0,0.7348,-2.848,-0.0519,0.5205,4.916,0.7758,0.0,0.0,128.0,725.0
1142345.0,2.0,0.3405,-8.597,-0.02831,0.6187,-0.004,1.4286,0.0,0.0,128.0,740.0
1142385.0,3.0,0.5522,2.035,-0.00368,0.663,3.356,0.8775,0.0,0.0,128.0,687.0
1142425.0,3.0,0.5093,-0.097,0.02543,0.7912,1.196,0.8732,0.0,0.0,128.0,724.0
1142465.0,3.0,0.3405,-3.874,0.0567,0.7703,-2.16,1.0374,0.0,0.0,128.0,728.0
1142506.0,5.0,0.589,4.329,0.08711,0.7296,-2.28,0.9178,0.0,0.0,128.0,682.0
1142546.0,5.0,0.8053,4.853,0.11284,0.54,-7.08,0.9178,0.0,0.0,128.0,684.0
1142587.0,5.0,1.1888,8.598,0.12799,0.2022,-6.944,0.9178,0.0,0.0,128.0,666.0
1142627.0,5.0,1.6291,10.351,0.13189,0.0218,-2.267,0.9178,0.0,0.0,128.0,659.0
1142667.0,6.0,2.3071,14.928,0.13189,-0.0202,-1.5,0.9178,0.0,0.0,128.0,701.0
1142713.0,2.0,3.0403,16.578,0.12945,-0.0926,-2.34,0.7427,0.0,0.0,128.0,685.0
1142754.0,2.0,-2.4375,18.945,0.12248,-0.2918,-7.26,1.5629,0.0,0.0,128.0,734.0
1142795.0,2.0,-1.6782,18.644,0.10406,-0.6226,-6.513,2.2307,0.0,0.0,128.0,729.0
1142835.0,2.0,-1.3929,9.101,0.07579,-0.7848,-1.713,0.7053,0.0,0.0,128.0,744.0
1142876.0,2.0,-1.241,5.482,0.04358,-0.7998,0.0,0.5375,0.0,0.0,128.0,744.0
1142916.0,2.0,-1.198,2.092,0.01208,-0.7998,0.0,0.4123,0.0,0.0,128.0,731.0
1142957.0,2.0,-1.2993,-1.433,-0.01984,-0.7577,3.12,0.2983,0.0,0.0,128.0,749.0
1142998.0,2.0,-1.3177,-1.084,-0.04654,-0.527,7.648,0.2217,0.0,0.0,128.0,755.0
1143038.0,2.0,-1.5355,-2.768,-0.06146,-0.21,8.221,0.1273,0.0,0.0,128.0,751.0
1143079.0,2.0,-2.0371,-11.503,-0.06446,0.0327,3.531,0.3519,0.0,0.0,128.0,730.0
1143120.0,2.0,-2.5863,-15.066,-0.06154,0.1008,1.635,0.522,0.0,0.0,128.0,740.0
1143160.0,2.0,3.0864,-13.18,-0.05711,0.1094,-1.436,0.1023,0.0,0.0,128.0,752.0
1143200.0,2.0,2.4897,-13.11,-0.05363,0.0756,-1.456,0.301,0.0,0.0,128.0,759.0
1143241.0,2.0,2.1016,-10.765,-0.0519,-0.0002,-1.774,0.2597,0.0,0.0,128.0,743.0
1143282.0,2.0,1.83,-7.527,-0.05438,-0.1344,-2.607,0.0987,0.0,0.0,128.0,739.0
1143322.0,2.0,1.6874,-4.717,-0.06094,-0.1821,0.301,0.0575,0.0,0.0,128.0,760.0
1143362.0,2.0,1.649,-1.797,-0.06675,-0.0834,4.05,-0.0296,0.0,0.0,128.0,759.0
1143403.0,2.0,1.7135,0.691,-0.06604,0.139,6.332,-0.1236,0.0,0.0,128.0,709.0
1143443.0,2.0,1.9328,4.433,-0.05453,0.4781,8.79,-0.2168,0.0,0.0,128.0,731.0
1143483.0,2.0,2.2089,6.971,-0.03023,0.7314,3.994,-0.3042,0.0,0.0,128.0,737.0
1143523.0,2.0,2.7397,11.93,0.00045,0.7998,0.0,0.0093,0.0,0.0,128.0,748.0
1143564.0,2.0,-3.071,13.459,0.03274,0.7999,0.0,0.1594,0.0,0.0,128.0,738.0
1143605.0,5.0,-2.5756,10.017,0.06491,0.7951,0.411,-0.2004,0.0,0.0,128.0,784.0
1143646.0,5.0,-1.6291,20.607,0.09529,0.7131,-4.389,-0.2004,0.0,0.0,128.0,674.0
1143686.0,5.0,-1.6015,6.744,0.11921,0.4299,-9.309,-0.2004,0.0,0.0,128.0,688.0
1143727.0,5.0,-1.6352,0.882,0.12968,0.1225,-5.374,-0.2004,0.0,0.0,128.0,662.0
1143767.0,5.0,-1.58,0.854,0.13159,0.0029,-0.817,-0.2004,0.0,0.0,128.0,675.0
1143807.0,6.0,-1.5739,0.753,0.13114,-0.0393,-1.5,-0.2004,0.0,0.0,128.0,708.0
1143847.0,2.0,-1.7395,-0.503,0.12833,-0.1221,-3.78,-0.0829,0.0,0.0,128.0,707.0
1143887.0,2.0,-2.3777,-13.589,0.11936,-0.3717,-8.58,0.4085,0.0,0.0,128.0,759.0
1143928.0,2.0,-3.0526,-14.483,0.09773,-0.6812,-5.332,0.3305,0.0,0.0,128.0,739.0
1143968.0,2.0,2.4912,-18.104,0.06803,-0.7971,-0.787,1.2932,0.0,0.0,128.0,750.0
1144009.0,2.0,2.0034,-13.375,0.03581,-0.7998,0.0,0.7313,0.0,0.0,128.0,725.0
1144049.0,2.0,1.6153,-11.006,0.00435,-0.7986,0.496,0.765,0.0,0.0,128.0,752.0
1144090.0,2.0,1.3254,-7.753,-0.02617,-0.6749,5.416,0.6406,0.0,0.0,128.0,753.0
1144130.0,2.0,0.9971,-7.245,-0.04748,-0.386,6.964,0.8105,0.0,0.0,128.0,754.0
1144171.0,2.0,0.9097,-4.233,-0.05865,-0.1675,6.088,0.7761,0.0,0.0,128.0,741.0
1144212.0,2.0,0.9189,-0.279,-0.06,0.0922,5.366,0.5966,0.0,0.0,128.0,722.0
1144252.0,2.0,0.6075,-6.685,-0.05168,0.3251,4.097,1.1008,0.0,0.0,128.0,722.0
1144292.0,3.0,0.7854,1.697,-0.03623,0.481,5.747,0.7253,0.0,0.0,128.0,710.0
1144333.0,2.0,0.8974,2.899,-0.01226,0.6853,2.747,0.6659,0.0,0.0,128.0,743.0
1144373.0,2.0,0.8498,-0.824,0.0156,0.7125,-0.585,0.6845,0.0,0.0,128.0,759.0
1144414.0,2.0,1.2118,7.156,0.04256,0.5853,-5.505,0.6789,0.0,0.0,128.0,756.0
1144455.0,2.0,1.5493,7.588,0.06049,0.274,-8.006,0.3899,0.0,0.0,128.0,741.0
1144495.0,2.0,2.1062,12.792,0.06645,0.0521,-3.206,0.522,0.0,0.0,128.0,750.0
1144536.0,2.0,2.6001,11.396,0.06731,0.024,1.714,-0.0251,0.0,0.0,128.0,737.0
1144576.0,2.0,-2.7918,20.774,0.0693,0.0487,-1.626,1.7944,0.0,0.0,128.0,743.0
1144617.0,2.0,-2.3777,12.992,0.06859,-0.1136,-4.74,0.4182,0.0,0.0,128.0,727.0
1144658.0,2.0,-1.4557,20.063,0.0609,-0.2802,-4.14,2.7097,0.0,0.0,128.0,736.0
1144699.0,2.0,-1.3606,6.402,0.04699,-0.4246,-5.22,0.4717,0.0,0.0,128.0,717.0
1144740.0,2.0,-1.2793,2.263,0.02554,-0.6416,-5.413,0.351,0.0,0.0,128.0,745.0
1144781.0,2.0,-1.3392,-0.755,-0.00338,-0.7602,-0.493,0.2336,0.0,0.0,128.0,723.0
1144821.0,2.0,-1.2778,0.885,-0.03266,-0.7201,1.398,0.293,0.0,0.0,128.0,744.0
1144861.0,2.0,-1.2441,0.863,-0.05929,-0.6143,3.274,0.3219,0.0,0.0,128.0,751.0
1144902.0,2.0,-1.4926,-3.999,-0.08018,-0.3809,8.091,0.1917,0.0,0.0,128.0,738.0
1144943.0,2.0,-2.2197,-15.865,-0.08891,-0.0642,6.682,1.0067,0.0,0.0,128.0,757.0
1144984.0,2.0,-2.64,-13.089,-0.08692,0.1352,2.482,0.2175,0.0,0.0,128.0,719.0
1145024.0,2.0,-3.1048,-11.836,-0.07961,0.252,2.722,-0.1132,0.0,0.0,128.0,737.0
1145064.0,2.0,2.7688,-7.767,-0.06885,0.2625,-2.078,-0.5498,0.0,0.0,128.0,762.0
1145105.0,2.0,2.2304,-10.872,-0.06045,0.1551,-2.355,0.1404,0.0,0.0,128.0,743.0
1145146.0,2.0,2.0371,-6.358,-0.05674,-0.0036,-5.0,-0.1921,0.0,0.0,128.0,733.0
1145187.0,2.0,1.873,-4.494,-0.06023,-0.1644,-3.838,-0.1404,0.0,0.0,128.0,744.0
1145228.0,2.0,1.8392,-1.467,-0.06941,-0.2674,-0.418,-0.2356,0.0,0.0,128.0,721.0
1145268.0,2.0,1.8945,0.793,-0.07901,-0.1857,4.382,-0.307,0.0,0.0,128.0,751.0
1145309.0,2.0,2.1399,4.721,-0.0816,0.0972,9.302,-0.3804,0.0,0.0,128.0,724.0
1145349.0,2.0,2.4774,7.81,-0.06994,0.4989,8.501,-0.4015,0.0,0.0,128.0,749.0
1145390.0,2.0,2.8962,8.947,-0.04433,0.7447,3.606,-0.4575,0.0,0.0,128.0,759.0
1145431.0,2.0,-2.5035,18.808,-0.01264,0.7981,-0.594,1.3959,0.0,0.0,128.0,750.0
1145472.0,2.0,-1.8362,18.052,0.0177,0.6704,-5.514,1.8309,0.0,0.0,128.0,756.0
1145513.0,2.0,-1.6352,8.644,0.04065,0.4922,-2.034,0.4127,0.0,0.0,128.0,744.0
1145554.0,2.0,-1.4358,5.463,0.0579,0.3249,-6.474,0.3449,0.0,0.0,128.0,744.0
1145594.0,2.0,-1.3837,1.87,0.06454,-0.0217,-9.776,0.2704,0.0,0.0,128.0,744.0
1145634.0,2.0,-1.5248,-3.207,0.05749,-0.3143,-4.976,0.123,0.0,0.0,128.0,741.0
1145675.0,2.0,-1.4542,0.553,0.04204,-0.4386,-2.983,0.0933,0.0,0.0,128.0,731.0
1145715.0,2.0,-1.7702,-4.681,0.02318,-0.5163,-2.756,0.0177,0.0,0.0,128.0,735.0
1145755.0,2.0,-2.3056,-13.912,-8e-05,-0.6894,-4.616,0.602,0.0,0.0,128.0,737.0
1145796.0,2.0,-2.798,-14.861,-0.03034,-0.776,-0.166,0.423,0.0,0.0,128.0,739.0
1145836.0,2.0,2.8593,-13.839,-0.06101,-0.7633,0.982,0.2697,0.0,0.0,128.0,751.0
1145877.0,5.0,2.3178,-13.618,-0.09075,-0.725,2.902,-0.0205,0.0,0.0,128.0,689.0
1145917.0,5.0,1.9466,-9.904,-0.11636,-0.5027,7.822,-0.0205,0.0,0.0,128.0,687.0
1145957.0,5.0,1.781,-5.838,-0.12964,-0.1757,6.382,-0.0205,0.0,0.0,128.0,674.0
1145998.0,5.0,1.6644,-3.365,-0.13286,-0.014,1.831,-0.0205,0.0,0.0,128.0,666.0
1146038.0,6.0,1.7211,0.507,-0.13268,0.0281,1.5,-0.0205,0.0,0.0,128.0,715.0
1146078.0,6.0,1.8561,2.962,-0.13043,0.0881,1.5,-0.0205,0.0,0.0,128.0,703.0
1146118.0,2.0,2.1875,6.976,-0.12491,0.228,5.82,-0.2302,0.0,0.0,128.0,733.0
1146159.0,2.0,2.6921,11.708,-0.10976,0.5497,7.743,-0.0294,0.0,0.0,128.0,751.0
1146200.0,2.0,-3.0173,12.381,-0.08269,0.7639,2.823,-0.0297,0.0,0.0,128.0,731.0
1146240.0,2.0,-2.255,16.418,-0.05156,0.7999,0.0,0.9869,0.0,0.0,128.0,732.0
1146280.0,2.0,-1.692,16.199,-0.02119,0.7185,-2.381,1.6822,0.0,0.0,128.0,746.0
1146321.0,2.0,-1.1934,12.576,0.0072,0.7234,2.059,1.4478,0.0,0.0,128.0,726.0
1146361.0,2.0,-0.9495,7.397,0.03604,0.7074,-2.741,0.9349,0.0,0.0,128.0,763.0
1146401.0,2.0,-1.0416,-0.036,0.06045,0.5007,-6.841,0.5381,0.0,0.0,128.0,777.0
1146442.0,2.0,-1.129,-2.346,0.0765,0.3228,-2.333,0.4123,0.0,0.0,128.0,756.0
1146483.0,2.0,-0.9925,2.378,0.08633,0.1246,-7.235,0.5994,0.0,0.0,128.0,750.0
1146524.0,2.0,-1.1045,-1.708,0.08475,-0.2034,-6.395,0.4845,0.0,0.0,128.0,737.0
1146565.0,2.0,-1.4159,-6.629,0.07275,-0.3623,-1.475,0.441,0.0,0.0,128.0,743.0
1146606.0,2.0,-1.4972,-3.363,0.05715,-0.43,-2.264,0.1019,0.0,0.0,128.0,724.0
1146646.0,2.0,-1.9297,-6.109,0.03836,-0.5523,-5.114,0.0154,0.0,0.0,128.0,731.0
1146687.0,0.0,-2.5234,-15.621,0.0273,0.0,0.0,0.3482,0.0,0.0,128.0,564.0
1146727.0,0.0,3.1385,-14.352,0.0273,0.0,0.0,0.3482,0.0,0.0,128.0,550.0
1146767.0,0.0,2.5848,-14.227,0.0273,0.0,0.0,0.3482,0.0,0.0,128.0,556.0
1146808.0,0.0,2.3807,-6.071,0.0273,0.0,0.0,0.3482,0.0,0.0,128.0,556.0
1146848.0,0.0,2.097,-6.232,0.0273,0.0,0.0,0.3482,0.0,0.0,128.0,556.0
1146888.0,0.0,1.9374,-4.255,0.0273,0.0,0.0,0.3482,0.0,0.0,128.0,563.0
1146928.0,0.0,1.9865,0.169,0.0273,0.0,0.0,0.3482,0.0,0.0,128.0,556.0
1146969.0,0.0,2.1138,2.715,0.0273,0.0,0.0,0.3482,0.0,0.0,128.0,550.0
1147009.0,0.0,2.3455,5.062,0.0273,0.0,0.0,0.3482,0.0,0.0,128.0,557.0
1147049.0,0.0,2.6584,7.361,0.0273,0.0,0.0,0.3482,0.0,0.0,128.0,572.0
1147090.0,0.0,3.1247,11.641,0.0273,0.0,0.0,0.3482,0.0,0.0,128.0,564.0
1147130.0,0.0,-2.6691,12.517,0.0273,0.0,0.0,0.3482,0.0,0.0,128.0,549.0
1147170.0,0.0,-2.3117,10.725,0.0273,0.0,0.0,0.3482,0.0,0.0,128.0,556.0
1147211.0,0.0,-2.0095,8.148,0.0273,0.0,0.0,0.3482,0.0,0.0,128.0,556.0
1147251.0,0.0,-1.7257,8.632,0.0273,0.0,0.0,0.3482,0.0,0.0,128.0,551.0
1147291.0,0.0,-1.7656,0.875,0.0273,0.0,0.0,0.3482,0.0,0.0,128.0,563.0
1147332.0,0.0,-1.784,0.086,0.0273,0.0,0.0,0.3482,0.0,0.0,128.0,563.0
1147372.0,0.0,-2.1215,-6.457,0.0273,0.0,0.0,0.3482,0.0,0.0,128.0,549.0
1147412.0,0.0,-2.2642,-4.035,0.0273,0.0,0.0,0.3482,0.0,0.0,128.0,550.0
1147453.0,0.0,-2.8103,-12.315,0.0273,0.0,0.0,0.3482,0.0,0.0,128.0,550.0
1147493.0,0.0,3.0496,-10.961,0.0273,0.0,0.0,0.3482,0.0,0.0,128.0,556.0
1147533.0,0.0,2.6108,-11.141,0.0273,0.0,0.0,0.3482,0.0,0.0,128.0,564.0
1147573.0,0.0,2.3132,-8.718,0.0273,0.0,0.0,0.3482,0.0,0.0,128.0,556.0
1147614.0,0.0,2.2273,-4.464,0.0273,0.0,0.0,0.3482,0.0,0.0,128.0,557.0
1147654.0,0.0,2.1215,-2.537,0.0273,0.0,0.0,0.3482,0.0,0.0,128.0,571.0
1147694.0,0.0,2.1491,-0.042,0.0273,0.0,0.0,0.3482,0.0,0.0,128.0,557.0
1147735.0,0.0,2.2718,2.438,0.0273,0.0,0.0,0.3482,0.0,0.0,128.0,556.0
1147775.0,0.0,2.4973,5.024,0.0273,0.0,0.0,0.3482,0.0,0.0,128.0,571.0
1147815.0,0.0,2.643,3.736,0.0273,0.0,0.0,0.3482,0.0,0.0,128.0,549.0
1147856.0,0.0,-3.025,12.02,0.0273,0.0,0.0,0.3482,0.0,0.0,128.0,550.0
1147896.0,0.0,-2.7305,7.87,0.0273,0.0,0.0,0.3482,0.0,0.0,128.0,556.0
1147936.0,0.0,-2.5602,4.322,0.0273,0.0,0.0,0.3482,0.0,0.0,128.0,564.0
1147976.0,0.0,-1.8607,13.965,0.0273,0.0,0.0,0.3482,0.0,0.0,128.0,555.0
1148017.0,0.0,-2.0203,0.653,0.0273,0.0,0.0,0.3482,0.0,0.0,128.0,549.0
1148057.0,0.0,-1.939,0.255,0.0273,0.0,0.0,0.3482,0.0,0.0,128.0,555.0
1148097.0,0.0,-2.0985,-3.057,0.0273,0.0,0.0,0.3482,0.0,0.0,128.0,564.0
1148137.0,0.0,-2.2335,-3.284,0.0273,0.0,0.0,0.3482,0.0,0.0,128.0,556.0
1148178.0,0.0,-2.6799,-9.363,0.0273,0.0,0.0,0.3482,0.0,0.0,128.0,550.0
1148218.0,0.0,-2.959,-7.89,0.0273,0.0,0.0,0.3482,0.0,0.0,128.0,556.0
1148258.0,0.0,2.9222,-9.058,0.0273,0.0,0.0,0.3482,0.0,0.0,128.0,556.0
1148298.0,0.0,2.5602,-9.415,0.0273,0.0,0.0,0.3482,0.0,0.0,128.0,550.0
1148338.0,0.0,2.3731,-6.269,0.0273,0.0,0.0,0.3482,0.0,0.0,128.0,565.0
1148379.0,0.0,2.2319,-4.774,0.0273,0.0,0.0,0.3482,0.0,0.0,128.0,565.0
1148419.0,0.0,2.258,-0.046,0.0273,0.0,0.0,0.3482,0.0,0.0,128.0,556.0
1148459.0,0.0,2.3255,1.319,0.0273,0.0,0.0,0.3482,0.0,0.0,128.0,557.0
1148500.0,0.0,2.4835,3.387,0.0273,0.0,0.0,0.3482,0.0,0.0,128.0,556.0
1148540.0,0.0,2.7167,5.404,0.0273,0.0,0.0,0.3482,0.0,0.0,128.0,564.0
1148580.0,0.0,3.0051,6.744,0.0273,0.0,0.0,0.3482,0.0,0.0,128.0,556.0
1148621.0,0.0,-2.8731,10.198,0.0273,0.0,0.0,0.3482,0.0,0.0,128.0,556.0
1148661.0,0.0,-2.4989,10.164,0.0273,0.0,0.0,0.3482,0.0,0.0,128.0,556.0
1148701.0,0.0,-2.3869,4.192,0.0273,0.0,0.0,0.3482,0.0,0.0,128.0,571.0
1148741.0,0.0,-2.0233,7.293,0.0273,0.0,0.0,0.3482,0.0,0.0,128.0,556.0
1148782.0,0.0,-2.0847,0.72,0.0273,0.0,0.0,0.3482,0.0,0.0,128.0,556.0
1148822.0,0.0,-2.2043,-3.113,0.0273,0.0,0.0,0.3482,0.0,0.0,128.0,564.0
1148862.0,0.0,-2.3639,-3.666,0.0273,0.0,0.0,0.3482,0.0,0.0,128.0,550.0
1148903.0,0.0,-2.6492,-6.404,0.0273,0.0,0.0,0.3482,0.0,0.0,128.0,550.0
1148943.0,0.0,-2.9054,-6.722,0.0273,0.0,0.0,0.3482,0.0,0.0,128.0,549.0
1148983.0,0.0,3.0342,-8.119,0.0273,0.0,0.0,0.3482,0.0,0.0,128.0,556.0
1149023.0,0.0,2.6891,-8.279,0.0273,0.0,0.0,0.3482,0.0,0.0,128.0,564.0
1149063.0,0.0,2.5219,-4.224,0.0273,0.0,0.0,0.3482,0.0,0.0,128.0,556.0
1149104.0,0.0,2.3761,-3.227,0.0273,0.0,0.0,0.3482,0.0,0.0,128.0,556.0
1149144.0,0.0,2.3608,-0.91,0.0273,0.0,0.0,0.3482,0.0,0.0,128.0,556.0
1149184.0,0.0,2.4068,0.677,0.0273,0.0,0.0,0.3482,0.0,0.0,128.0,564.0
1149224.0,0.0,2.528,2.497,0.0273,0.0,0.0,0.3482,0.0,0.0,128.0,549.0
1149265.0,0.0,2.6799,3.74,0.0273,0.0,0.0,0.3482,0.0,0.0,128.0,556.0
1149305.0,0.0,2.9606,6.318,0.0273,0.0,0.0,0.3482,0.0,0.0,128.0,556.0
1149345.0,0.0,-3.0189,7.59,0.0273,0.0,0.0,0.3482,0.0,0.0,128.0,564.0
1149385.0,0.0,-2.6891,8.23,0.0273,0.0,0.0,0.3482,0.0,0.0,128.0,550.0
1149425.0,0.0,-2.3945,7.105,0.0273,0.0,0.0,0.3482,0.0,0.0,128.0,557.0
1149466.0,0.0,-2.0463,9.487,0.0273,0.0,0.0,0.3482,0.0,0.0,128.0,556.0
1149506.0,0.0,-2.281,-2.683,0.0273,0.0,0.0,0.3482,0.0,0.0,128.0,571.0
1149546.0,0.0,-2.3501,-1.44,0.0273,0.0,0.0,0.3482,0.0,0.0,128.0,550.0
1149586.0,0.0,-2.4037,-1.745,0.0273,0.0,0.0,0.3482,0.0,0.0,128.0,556.0
1149627.0,0.0,-2.6937,-5.974,0.0273,0.0,0.0,0.3482,0.0,0.0,128.0,550.0
1149667.0,0.0,-2.9652,-6.887,0.0273,0.0,0.0,0.3482,0.0,0.0,128.0,556.0
1149707.0,0.0,3.0618,-6.594,0.0273,0.0,0.0,0.3482,0.0,0.0,128.0,564.0
1149747.0,0.0,2.7888,-7.12,0.0273,0.0,0.0,0.3482,0.0,0.0,128.0,550.0
1149788.0,0.0,2.6246,-4.766,0.0273,0.0,0.0,0.3482,0.0,0.0,128.0,549.0
1149828.0,0.0,2.4268,-4.802,0.0273,0.0,0.0,0.3482,0.0,0.0,128.0,571.0
1149868.0,0.0,2.4037,-1.75,0.0273,0.0,0.0,0.3482,0.0,0.0,128.0,557.0
1149909.0,0.0,2.5065,2.093,0.0273,0.0,0.0,0.3482,0.0,0.0,128.0,556.0
1149949.0,0.0,2.6277,2.843,0.0273,0.0,0.0,0.3482,0.0,0.0,128.0,550.0
1149989.0,0.0,2.8057,4.177,0.0273,0.0,0.0,0.3482,0.0,0.0,128.0,564.0
1150030.0,0.0,2.9268,2.969,0.0273,0.0,0.0,0.3482,0.0,0.0,128.0,564.0
1150070.0,0.0,-3.0097,7.462,0.0273,0.0,0.0,0.3482,0.0,0.0,128.0,549.0
1150110.0,0.0,-2.6875,8.318,0.0273,0.0,0.0,0.3482,0.0,0.0,128.0,556.0
1150151.0,0.0,-2.5525,3.728,0.0273,0.0,0.0,0.3482,0.0,0.0,128.0,551.0
1150191.0,0.0,-2.2074,7.053,0.0273,0.0,0.0,0.3482,0.0,0.0,128.0,550.0
1150231.0,0.0,-2.4268,-3.141,0.0273,0.0,0.0,0.3482,0.0,0.0,128.0,557.0
1150271.0,0.0,-2.4743,-2.337,0.0273,0.0,0.0,0.3482,0.0,0.0,128.0,564.0
1150311.0,0.0,-2.551,-2.064,0.0273,0.0,0.0,0.3482,0.0,0.0,128.0,550.0
1150352.0,0.0,-2.7458,-4.144,0.0273,0.0,0.0,0.3482,0.0,0.0,128.0,549.0
1150392.0,0.0,-2.9821,-5.561,0.0273,0.0,0.0,0.3482,0.0,0.0,128.0,556.0
1150432.0,0.0,3.0434,-6.366,0.0273,0.0,0.0,0.3482,0.0,0.0,128.0,550.0
1150472.0,0.0,2.7704,-6.883,0.0273,0.0,0.0,0.3482,0.0,0.0,128.0,564.0
1150513.0,0.0,2.6553,-3.421,0.0273,0.0,0.0,0.3482,0.0,0.0,128.0,557.0
1150553.0,0.0,2.5648,-2.276,0.0273,0.0,0.0,0.3482,0.0,0.0,128.0,564.0
1150593.0,0.0,2.5326,-0.401,0.0273,0.0,0.0,0.3482,0.0,0.0,128.0,550.0
1150633.0,0.0,2.6078,1.51,0.0273,0.0,0.0,0.3482,0.0,0.0,128.0,549.0
1150673.0,0.0,2.7259,2.675,0.0273,0.0,0.0,0.3482,0.0,0.0,128.0,556.0
1150713.0,0.0,2.8547,3.086,0.0273,0.0,0.0,0.3482,0.0,0.0,128.0,550.0
1150754.0,0.0,2.9943,3.313,0.0273,0.0,0.0,0.3482,0.0,0.0,128.0,556.0
1150794.0,0.0,-3.0005,6.283,0.0273,0.0,0.0,0.3482,0.0,0.0,128.0,564.0
1150834.0,0.0,-2.7274,6.665,0.0273,0.0,0.0,0.3482,0.0,0.0,128.0,556.0
1150874.0,0.0,-2.5127,5.785,0.0273,0.0,0.0,0.3482,0.0,0.0,128.0,556.0
1150915.0,0.0,-2.4083,3.524,0.0273,0.0,0.0,0.3482,0.0,0.0,128.0,556.0
1150955.0,0.0,-2.4421,0.296,0.0273,0.0,0.0,0.3482,0.0,0.0,128.0,571.0
1150995.0,0.0,-2.6108,-3.36,0.0273,0.0,0.0,0.3482,0.0,0.0,128.0,556.0
1151035.0,0.0,-2.7351,-3.137,0.0273,0.0,0.0,0.3482,0.0,0.0,128.0,556.0
1151076.0,0.0,-2.8547,-3.046,0.0273,0.0,0.0,0.3482,0.0,0.0,128.0,550.0
1151116.0,0.0,-3.0572,-4.778,0.0273,0.0,0.0,0.3482,0.0,0.0,128.0,550.0
1151156.0,0.0,3.0051,-5.319,0.0273,0.0,0.0,0.3482,0.0,0.0,128.0,557.0
1151196.0,0.0,2.8455,-4.309,0.0273,0.0,0.0,0.3482,0.0,0.0,128.0,550.0
1151236.0,0.0,2.686,-4.221,0.0273,0.0,0.0,0.3482,0.0,0.0,128.0,564.0
1151277.0,0.0,2.5464,-4.403,0.0273,0.0,0.0,0.3482,0.0,0.0,128.0,557.0
1151317.0,0.0,2.6599,1.012,0.0273,0.0,0.0,0.3482,0.0,0.0,128.0,550.0
1151357.0,0.0,2.7428,1.931,0.0273,0.0,0.0,0.3482,0.0,0.0,128.0,556.0
1151398.0,0.0,2.8287,2.082,0.0273,0.0,0.0,0.3482,0.0,0.0,128.0,556.0
1151438.0,0.0,2.9207,2.25,0.0273,0.0,0.0,0.3482,0.0,0.0,128.0,556.0
1151478.0,0.0,-3.1293,5.1,0.0273,0.0,0.0,0.3482,0.0,0.0,128.0,556.0
1151518.0,0.0,-2.8977,5.795,0.0273,0.0,0.0,0.3482,0.0,0.0,128.0,571.0
1151558.0,0.0,-2.7842,3.318,0.0273,0.0,0.0,0.3482,0.0,0.0,128.0,550.0
1151599.0,0.0,-2.571,5.058,0.0273,0.0,0.0,0.3482,0.0,0.0,128.0,550.0
1151639.0,0.0,-2.4559,3.455,0.0273,0.0,0.0,0.3482,0.0,0.0,128.0,564.0
1151679.0,0.0,-2.6139,-1.588,0.0273,0.0,0.0,0.3482,0.0,0.0,128.0,556.0
1151719.0,0.0,-2.7474,-2.961,0.0273,0.0,0.0,0.3482,0.0,0.0,128.0,556.0
1151760.0,0.0,-2.8777,-3.235,0.0273,0.0,0.0,0.3482,0.0,0.0,128.0,550.0
1151800.0,0.0,-2.9882,-3.015,0.0273,0.0,0.0,0.3482,0.0,0.0,128.0,550.0
1151840.0,0.0,3.1094,-4.269,0.0273,0.0,0.0,0.3482,0.0,0.0,128.0,562.0
1151880.0,0.0,2.9161,-4.921,0.0273,0.0,0.0,0.3482,0.0,0.0,128.0,564.0
1151920.0,0.0,2.7535,-4.512,0.0273,0.0,0.0,0.3482,0.0,0.0,128.0,556.0
1151961.0,0.0,2.7213,-1.18,0.0273,0.0,0.0,0.3482,0.0,0.0,128.0,550.0
1152001.0,0.0,2.6185,-2.48,0.0273,0.0,0.0,0.3482,0.0,0.0,128.0,564.0
1152041.0,0.0,2.7612,2.372,0.0273,0.0,0.0,0.3482,0.0,0.0,128.0,549.0
1152082.0,0.0,2.8747,3.141,0.0273,0.0,0.0,0.3482,0.0,0.0,128.0,556.0
1152122.0,0.0,2.9897,2.958,0.0273,0.0,0.0,0.3482,0.0,0.0,128.0,556.0
1152162.0,0.0,2.9744,0.308,0.0273,0.0,0.0,0.3482,0.0,0.0,128.0,556.0
1152202.0,0.0,-3.0204,5.532,0.0273,0.0,0.0,0.3482,0.0,0.0,128.0,550.0
1152242.0,0.0,-2.8195,4.997,0.0273,0.0,0.0,0.3482,0.0,0.0,128.0,572.0
1152283.0,0.0,-2.8041,1.495,0.0273,0.0,0.0,0.3482,0.0,0.0,128.0,564.0
1152323.0,0.0,-2.5111,6.093,0.0273,0.0,0.0,0.3482,0.0,0.0,128.0,556.0
1152363.0,0.0,-2.5725,0.375,0.0273,0.0,0.0,0.3482,0.0,0.0,128.0,556.0
1152404.0,0.0,-2.7719,-3.423,0.0273,0.0,0.0,0.3482,0.0,0.0,128.0,550.0
1152444.0,2.0,-2.4037,4.142,0.02726,-0.0073,-0.36,-0.7607,0.0,0.0,128.0,740.0
1152484.0,2.0,-2.8639,-4.604,0.02768,0.0263,-0.36,-0.8304,0.0,0.0,128.0,780.0
1152525.0,2.0,3.0726,-8.099,0.02711,-0.0918,-5.28,-0.5854,0.0,0.0,128.0,737.0
1152566.0,2.0,2.8793,-6.29,0.01781,-0.4105,-9.667,-0.7315,0.0,0.0,128.0,749.0
1152607.0,2.0,2.5157,-9.487,-0.00514,-0.704,-4.761,-0.2298,0.0,0.0,128.0,715.0
1152647.0,2.0,2.2856,-6.833,-0.03533,-0.7993,-0.387,-0.3567,0.0,0.0,128.0,725.0
1152688.0,2.0,2.2227,-3.212,-0.06758,-0.7999,0.0,-0.5494,0.0,0.0,128.0,744.0
1152729.0,5.0,2.1031,-3.12,-0.09851,-0.6965,4.92,-0.5427,0.0,0.0,128.0,688.0
1152770.0,5.0,2.1813,0.742,-0.12098,-0.4013,9.72,-0.5427,0.0,0.0,128.0,668.0
1152810.0,5.0,2.4222,4.812,-0.13069,-0.1026,4.922,-0.5427,0.0,0.0,128.0,681.0
1152850.0,5.0,2.6753,3.98,-0.13219,-0.0008,0.376,-0.5427,0.0,0.0,128.0,680.0
1152890.0,6.0,3.0971,10.62,-0.13151,0.0456,1.5,-0.5427,0.0,0.0,128.0,709.0
1152930.0,2.0,-2.7136,10.32,-0.12851,0.1219,3.42,-0.2396,0.0,0.0,128.0,759.0
1152971.0,2.0,-2.1292,13.035,-0.11951,0.3655,8.34,0.5203,0.0,0.0,128.0,736.0
1153011.0,2.0,-1.5263,16.158,-0.09877,0.6721,5.509,1.655,0.0,0.0,128.0,746.0
1153052.0,2.0,-1.5048,5.258,-0.06848,0.797,0.672,0.2566,0.0,0.0,128.0,738.0
1153092.0,2.0,-1.3499,3.824,-0.03784,0.7319,-3.514,0.3338,0.0,0.0,128.0,753.0
1153132.0,2.0,-1.3407,0.672,-0.01204,0.5813,-2.493,0.2476,0.0,0.0,128.0,759.0
1153173.0,2.0,-1.465,-2.508,0.0108,0.579,1.338,0.1472,0.0,0.0,128.0,737.0
1153213.0,2.0,-1.5202,-1.699,0.03349,0.5456,-2.637,0.0633,0.0,0.0,128.0,749.0
1153253.0,2.0,-1.8116,-7.768,0.05212,0.3699,-6.554,0.1121,0.0,0.0,128.0,771.0
1153294.0,2.0,-2.5878,-17.076,0.06045,0.0064,-9.554,1.0592,0.0,0.0,128.0,730.0
1153335.0,2.0,3.0603,-17.097,0.05441,-0.2825,-4.974,0.853,0.0,0.0,128.0,735.0
1153376.0,2.0,2.3102,-17.277,0.04039,-0.3837,-0.47,1.2485,0.0,0.0,128.0,714.0
1153416.0,2.0,1.7656,-14.01,0.02497,-0.4146,-1.141,1.0575,0.0,0.0,128.0,735.0
1153457.0,2.0,1.3361,-11.244,0.00776,-0.4404,-0.186,1.0557,0.0,0.0,128.0,731.0
1153497.0,2.0,1.0431,-8.235,-0.00915,-0.4031,1.908,0.9542,0.0,0.0,128.0,760.0
1153538.0,2.0,0.678,-7.97,-0.0234,-0.2962,1.984,1.1425,0.0,0.0,128.0,737.0
1153579.0,2.0,0.3344,-8.471,-0.0351,-0.3131,-1.496,1.4223,0.0,0.0,128.0,729.0
1153619.0,3.0,0.4126,0.203,-0.04736,-0.2798,3.064,0.9163,0.0,0.0,128.0,711.0
1153659.0,3.0,0.3068,-1.82,-0.05498,-0.0956,3.784,0.9742,0.0,0.0,128.0,724.0
1153700.0,3.0,-0.1365,-9.139,-0.05715,-0.0437,-1.136,1.5186,0.0,0.0,128.0,690.0
1153740.0,3.0,-0.1258,-1.661,-0.06101,-0.1875,-5.936,1.0095,0.0,0.0,128.0,694.0
1153780.0,5.0,-0.1841,-1.287,-0.07369,-0.4531,-5.056,1.0091,0.0,0.0,128.0,653.0
1153821.0,5.0,-0.0966,1.687,-0.09473,-0.5571,-0.136,1.0091,0.0,0.0,128.0,682.0
1153861.0,5.0,-0.0107,2.367,-0.11554,-0.4641,4.664,1.0091,0.0,0.0,128.0,672.0
1153902.0,5.0,-0.0138,0.578,-0.12904,-0.195,6.824,1.0091,0.0,0.0,128.0,659.0
1153942.0,5.0,0.0568,2.228,-0.13275,-0.0196,2.149,1.0091,0.0,0.0,128.0,659.0
1153982.0,6.0,0.1227,1.248,-0.13271,0.0231,1.5,1.0091,0.0,0.0,128.0,702.0
1154022.0,6.0,0.2669,2.559,-0.13065,0.0831,1.5,1.0091,0.0,0.0,128.0,695.0
1154062.0,2.0,-0.0368,-5.221,-0.12555,0.2104,5.46,1.1712,0.0,0.0,128.0,723.0
1154102.0,3.0,0.0736,-0.094,-0.11205,0.4941,6.644,0.9973,0.0,0.0,128.0,706.0
1154143.0,3.0,-0.1058,-3.182,-0.08805,0.6632,1.724,1.0577,0.0,0.0,128.0,721.0
1154183.0,3.0,-0.3114,-4.611,-0.0618,0.6338,-3.076,1.0863,0.0,0.0,128.0,729.0
1154224.0,3.0,-0.362,-2.272,-0.04001,0.4043,-7.996,0.9678,0.0,0.0,128.0,724.0
1154264.0,3.0,-0.3206,0.12,-0.03101,0.0471,-7.505,0.9491,0.0,0.0,128.0,714.0
1154304.0,3.0,-0.1933,2.596,-0.03368,-0.1547,-2.705,1.024,0.0,0.0,128.0,695.0
1154344.0,3.0,-0.0552,3.619,-0.04058,-0.1645,2.095,1.0812,0.0,0.0,128.0,739.0
1154385.0,3.0,0.1074,3.981,-0.04418,0.0247,7.015,1.0935,0.0,0.0,128.0,711.0
1154425.0,3.0,0.1212,1.304,-0.03686,0.355,7.1,1.0034,0.0,0.0,128.0,707.0
1154465.0,3.0,0.1473,0.46,-0.01864,0.5515,4.331,0.9905,0.0,0.0,128.0,690.0
1154506.0,3.0,0.1427,-0.109,0.00758,0.7369,3.496,0.9899,0.0,0.0,128.0,701.0
1154546.0,3.0,0.1779,0.577,0.03844,0.7999,0.0,0.9863,0.0,0.0,128.0,702.0
1154586.0,5.0,0.273,2.203,0.07009,0.7992,-0.36,0.99,0.0,0.0,128.0,764.0
1154627.0,5.0,0.4433,3.295,0.10005,0.6864,-5.16,0.99,0.0,0.0,128.0,680.0
1154667.0,5.0,0.8023,7.726,0.12191,0.3823,-9.48,0.99,0.0,0.0,128.0,674.0
1154707.0,5.0,1.2671,11.03,0.13103,0.0931,-4.68,0.99,0.0,0.0,128.0,668.0
1154747.0,5.0,1.8285,13.209,0.13234,0.0003,-0.271,0.99,0.0,0.0,128.0,674.0
1154788.0,6.0,2.3991,13.534,0.13155,-0.0501,-1.5,0.99,0.0,0.0,128.0,730.0
1154828.0,2.0,-3.094,19.155,0.12833,-0.1285,-3.54,1.3199,0.0,0.0,128.0,718.0
1154869.0,2.0,-2.1261,19.446,0.11895,-0.3769,-8.46,1.7679,0.0,0.0,128.0,735.0
1154909.0,2.0,-1.6368,14.769,0.0978,-0.6796,-5.371,1.3021,0.0,0.0,128.0,734.0
1154950.0,2.0,-1.3606,8.694,0.06743,-0.7977,-0.691,0.7792,0.0,0.0,128.0,730.0
1154990.0,2.0,-1.0677,7.704,0.03596,-0.7998,0.0,0.8766,0.0,0.0,128.0,737.0
1155030.0,2.0,-1.1888,-0.074,0.00446,-0.7986,0.494,0.3867,0.0,0.0,128.0,764.0
1155071.0,2.0,-1.3438,-3.247,-0.02599,-0.675,5.414,0.3063,0.0,0.0,128.0,743.0
1155111.0,2.0,-1.2778,0.366,-0.04733,-0.3888,6.614,0.2648,0.0,0.0,128.0,750.0
1155152.0,2.0,-1.422,-2.084,-0.05805,-0.1224,7.839,0.1766,0.0,0.0,128.0,737.0
1155193.0,2.0,-2.0847,-13.352,-0.05696,0.155,4.468,0.6141,0.0,0.0,128.0,751.0
1155234.0,2.0,-2.729,-15.215,-0.04849,0.2351,-0.209,0.5587,0.0,0.0,128.0,739.0
1155275.0,2.0,2.8501,-18.173,-0.03919,0.233,1.447,1.1361,0.0,0.0,128.0,722.0
1155315.0,2.0,2.6093,-11.261,-0.02933,0.238,-2.153,0.0166,0.0,0.0,128.0,764.0
1155355.0,2.0,2.0693,-12.249,-0.02273,0.0823,-3.353,0.5074,0.0,0.0,128.0,770.0
1155396.0,2.0,1.8807,-5.878,-0.0225,-0.0914,-5.926,-0.0541,0.0,0.0,128.0,725.0
1155436.0,2.0,1.6705,-5.021,-0.03034,-0.2904,-2.985,0.0714,0.0,0.0,128.0,741.0
1155476.0,2.0,1.5754,-3.035,-0.04279,-0.3114,1.815,0.0747,0.0,0.0,128.0,749.0
1155517.0,2.0,1.6613,1.421,-0.05265,-0.1486,5.797,-0.067,0.0,0.0,128.0,751.0
1155558.0,2.0,1.8515,4.149,-0.05299,0.1718,10.046,-0.1481,0.0,0.0,128.0,736.0
1155599.0,2.0,2.1614,6.99,-0.03784,0.5663,7.484,-0.2439,0.0,0.0,128.0,760.0
1155640.0,2.0,2.5986,8.821,-0.01031,0.7705,2.587,-0.312,0.0,0.0,128.0,704.0
1155680.0,2.0,-3.0388,15.176,0.021,0.7999,0.0,0.4657,0.0,0.0,128.0,724.0
1155720.0,2.0,-2.6047,11.623,0.05231,0.7763,-0.96,0.0361,0.0,0.0,128.0,751.0
1155760.0,2.0,-1.9374,15.016,0.08228,0.7172,-3.6,1.1548,0.0,0.0,128.0,761.0
1155801.0,2.0,-1.5555,7.625,0.10759,0.5318,-5.4,0.4559,0.0,0.0,128.0,742.0
1155842.0,2.0,-1.4159,3.265,0.12338,0.2071,-10.32,0.3104,0.0,0.0,128.0,742.0
1155882.0,2.0,-1.4757,-1.658,0.12326,-0.2076,-8.434,0.101,0.0,0.0,128.0,718.0
1155923.0,2.0,-1.3929,1.219,0.108,-0.5604,-7.573,0.2027,0.0,0.0,128.0,738.0
1155964.0,2.0,-1.5294,-2.286,0.08066,-0.7685,-2.699,0.0949,0.0,0.0,128.0,725.0
1156004.0,2.0,-1.7181,-3.185,0.04939,-0.7999,0.0,0.0182,0.0,0.0,128.0,753.0
1156045.0,2.0,-2.1445,-10.39,0.01706,-0.7999,0.0,0.1304,0.0,0.0,128.0,746.0
1156085.0,2.0,-2.8946,-18.007,-0.01429,-0.7802,2.116,1.06,0.0,0.0,128.0,736.0
1156126.0,2.0,2.9238,-11.927,-0.04478,-0.742,-0.421,-0.0592,0.0,0.0,128.0,731.0
1156167.0,5.0,2.3608,-13.539,-0.07496,-0.7793,0.779,-0.1024,0.0,0.0,128.0,687.0
1156207.0,5.0,2.0341,-8.05,-0.10447,-0.644,5.699,-0.1024,0.0,0.0,128.0,680.0
1156247.0,5.0,1.8362,-5.373,-0.12428,-0.3244,8.818,-0.1024,0.0,0.0,128.0,680.0
1156288.0,5.0,1.807,-2.086,-0.13162,-0.0662,3.898,-0.1024,0.0,0.0,128.0,681.0
1156328.0,6.0,1.8791,0.871,-0.13241,0.0021,0.681,-0.1024,0.0,0.0,128.0,716.0
1156369.0,6.0,1.9834,2.094,-0.13121,0.0612,1.5,-0.1024,0.0,0.0,128.0,710.0
1156409.0,2.0,2.3961,8.361,-0.12739,0.1572,4.38,-0.2923,0.0,0.0,128.0,757.0
1156450.0,2.0,2.8916,11.603,-0.11618,0.4398,9.06,-0.1182,0.0,0.0,128.0,729.0
1156491.0,2.0,-2.8471,13.572,-0.09233,0.7181,4.389,0.2035,0.0,0.0,128.0,722.0
1156531.0,2.0,-1.85,20.398,-0.06191,0.7996,-0.001,2.1596,0.0,0.0,128.0,752.0
1156571.0,2.0,-1.6107,12.648,-0.03154,0.7378,-0.721,1.0655,0.0,0.0,128.0,765.0
1156612.0,2.0,-1.063,13.225,-0.00221,0.7312,1.676,1.6366,0.0,0.0,128.0,731.0
1156652.0,2.0,-0.879,6.903,0.02741,0.7455,-1.924,0.9898,0.0,0.0,128.0,758.0
1156692.0,2.0,-0.9633,-0.779,0.05404,0.5737,-5.524,0.6067,0.0,0.0,128.0,769.0
1156733.0,2.0,-1.037,-1.853,0.07403,0.43,-2.898,0.4801,0.0,0.0,128.0,750.0
1156774.0,2.0,-0.9419,1.673,0.08768,0.2079,-7.818,0.6178,0.0,0.0,128.0,731.0
1156815.0,2.0,-1.0968,-2.504,0.08936,-0.1185,-6.018,0.521,0.0,0.0,128.0,729.0
1156855.0,2.0,-1.2349,-3.385,0.08134,-0.2609,-1.218,0.3594,0.0,0.0,128.0,737.0
1156895.0,2.0,-1.3177,-1.94,0.07005,-0.3134,-0.592,0.2843,0.0,0.0,128.0,747.0
1156935.0,2.0,-1.5877,-5.111,0.05768,-0.3188,-0.898,0.1857,0.0,0.0,128.0,731.0
1156976.0,2.0,-2.4574,-18.462,0.04294,-0.4223,-1.738,1.3706,0.0,0.0,128.0,717.0
1157016.0,2.0,-3.0879,-17.21,0.02497,-0.4996,-2.023,0.8725,0.0,0.0,128.0,733.0
1157056.0,2.0,2.4145,-18.423,0.0048,-0.4935,2.489,1.4113,0.0,0.0,128.0,745.0
1157096.0,2.0,1.9942,-13.795,-0.01298,-0.4274,0.721,0.8449,0.0,0.0,128.0,760.0
1157136.0,2.0,1.6137,-9.841,-0.02981,-0.4253,0.704,0.5837,0.0,0.0,128.0,766.0
1157177.0,2.0,1.356,-7.041,-0.04507,-0.2931,5.624,0.5487,0.0,0.0,128.0,753.0
1157218.0,2.0,1.0753,-6.297,-0.05108,0.0209,7.605,0.6708,0.0,0.0,128.0,732.0
1157258.0,2.0,1.0508,-3.026,-0.04556,0.2572,6.291,0.6055,0.0,0.0,128.0,731.0
1157299.0,2.0,1.1137,1.068,-0.03086,0.4443,2.207,0.444,0.0,0.0,128.0,730.0
1157339.0,2.0,1.0508,-1.081,-0.01279,0.4668,1.247,0.4924,0.0,0.0,128.0,731.0
1157379.0,2.0,1.2824,3.556,0.00675,0.5068,-1.044,0.4118,0.0,0.0,128.0,746.0
1157419.0,2.0,1.6276,7.854,0.02471,0.3774,-3.684,0.3381,0.0,0.0,128.0,753.0
1157460.0,2.0,2.0479,10.041,0.03829,0.3297,1.236,0.219,0.0,0.0,128.0,725.0
1157500.0,2.0,2.62,13.481,0.05228,0.3778,0.766,0.2897,0.0,0.0,128.0,739.0
1157541.0,2.0,-3.1048,14.104,0.06821,0.4284,1.068,0.2572,0.0,0.0,128.0,727.0
1157581.0,2.0,-2.1338,19.854,0.0846,0.3727,-3.732,1.8029,0.0,0.0,128.0,757.0
1157621.0,2.0,-1.8147,14.515,0.09518,0.1251,-8.532,1.1913,0.0,0.0,128.0,746.0
1157662.0,2.0,-1.2947,12.631,0.09416,-0.1792,-6.625,1.2879,0.0,0.0,128.0,730.0
1157703.0,2.0,-1.3054,3.448,0.0816,-0.4774,-8.797,0.368,0.0,0.0,128.0,741.0
1157743.0,2.0,-1.4128,-1.517,0.05741,-0.7311,-4.004,0.1667,0.0,0.0,128.0,738.0
1157784.0,2.0,-1.3652,0.539,0.02603,-0.7999,0.0,0.2045,0.0,0.0,128.0,742.0
1157824.0,2.0,-1.3821,-0.055,-0.0054,-0.7933,1.2,0.2116,0.0,0.0,128.0,761.0
1157865.0,2.0,-1.5125,-3.388,-0.03551,-0.6788,4.277,0.1396,0.0,0.0,128.0,742.0
1157905.0,2.0,-2.0816,-11.329,-0.05933,-0.5474,1.554,0.2707,0.0,0.0,128.0,766.0
1157946.0,2.0,-2.7243,-12.798,-0.08096,-0.5214,0.726,0.1335,0.0,0.0,128.0,745.0
1157987.0,2.0,2.8716,-15.622,-0.10043,-0.4341,2.734,0.5697,0.0,0.0,128.0,758.0
1158027.0,2.0,2.5679,-10.611,-0.11441,-0.2689,3.177,-0.0848,0.0,0.0,128.0,766.0
1158067.0,2.0,2.2227,-8.909,-0.12345,-0.1874,2.006,-0.053,0.0,0.0,128.0,764.0
1158110.0,5.0,2.0785,-3.665,-0.13009,-0.1435,0.282,-0.3529,0.0,0.0,128.0,661.0
1158150.0,5.0,2.0371,-1.936,-0.13432,-0.0394,3.042,-0.3529,0.0,0.0,128.0,669.0
1158190.0,6.0,2.1583,2.198,-0.13466,0.0116,1.5,-0.3529,0.0,0.0,128.0,703.0
1158230.0,6.0,2.2948,3.477,-0.13305,0.0716,1.5,-0.3529,0.0,0.0,128.0,710.0
1158271.0,2.0,2.4406,4.355,-0.12896,0.1385,2.58,-0.6859,0.0,0.0,128.0,817.0
1158312.0,2.0,3.1017,12.896,-0.11992,0.3476,7.5,0.0547,0.0,0.0,128.0,729.0
1158353.0,2.0,-2.7704,11.363,-0.09934,0.662,5.749,-0.118,0.0,0.0,128.0,745.0
1158393.0,2.0,-2.0954,15.504,-0.07009,0.7938,1.189,1.075,0.0,0.0,128.0,745.0
1158434.0,2.0,-1.537,13.609,-0.03795,0.7998,0.0,1.2011,0.0,0.0,128.0,727.0
1158474.0,2.0,-1.1766,10.015,-0.00641,0.7999,-0.036,1.0949,0.0,0.0,128.0,752.0
1158515.0,2.0,-1.0431,5.039,0.02452,0.6951,-4.956,0.677,0.0,0.0,128.0,743.0
1158556.0,2.0,-1.2563,-2.94,0.04781,0.463,-4.02,0.368,0.0,0.0,128.0,731.0
1158596.0,2.0,-1.1628,1.194,0.06401,0.3591,-3.565,0.3904,0.0,0.0,128.0,739.0
1158636.0,2.0,-1.2272,-0.657,0.07421,0.1298,-6.115,0.3632,0.0,0.0,128.0,751.0
1158677.0,2.0,-1.3959,-3.709,0.0759,-0.0176,-1.195,0.259,0.0,0.0,128.0,736.0
1158718.0,2.0,-1.8024,-8.859,0.07395,-0.098,-3.575,0.3474,0.0,0.0,128.0,741.0
1158759.0,2.0,-2.4421,-15.53,0.06577,-0.3464,-7.775,0.8646,0.0,0.0,128.0,755.0
1158800.0,2.0,-3.0971,-17.801,0.04684,-0.5619,-2.855,1.0029,0.0,0.0,128.0,718.0
1158840.0,2.0,2.439,-17.194,0.0234,-0.606,0.186,1.1155,0.0,0.0,128.0,759.0
1158881.0,2.0,1.919,-12.874,-0.00019,-0.5716,-0.833,0.7122,0.0,0.0,128.0,737.0
1158921.0,2.0,1.491,-11.367,-0.02224,-0.5241,2.937,0.9474,0.0,0.0,128.0,758.0
1158961.0,2.0,1.2118,-7.793,-0.03956,-0.3334,5.738,0.7632,0.0,0.0,128.0,759.0
1159002.0,2.0,0.7118,-11.631,-0.04868,-0.1395,2.54,1.6214,0.0,0.0,128.0,729.0
1159042.0,2.0,0.6826,-3.121,-0.05306,-0.0736,3.107,0.8772,0.0,0.0,128.0,738.0
1159083.0,2.0,0.5844,-1.969,-0.05239,0.1292,5.131,0.8511,0.0,0.0,128.0,731.0
1159123.0,2.0,0.1427,-8.928,-0.0441,0.2707,1.492,1.4812,0.0,0.0,128.0,740.0
1159164.0,3.0,0.2194,-1.459,-0.03289,0.2877,0.687,0.9895,0.0,0.0,128.0,703.0
1159204.0,3.0,0.2777,1.102,-0.01976,0.4136,5.487,0.9694,0.0,0.0,128.0,694.0
1159244.0,3.0,-0.0261,-5.307,0.00165,0.6778,5.377,1.1776,0.0,0.0,128.0,689.0
1159285.0,3.0,-0.1365,-4.725,0.03128,0.7945,0.577,1.1318,0.0,0.0,128.0,709.0
1159325.0,3.0,-0.2746,-2.653,0.06255,0.7148,-4.343,1.007,0.0,0.0,128.0,704.0
1159365.0,3.0,-0.4617,-4.468,0.08621,0.4427,-9.143,1.0214,0.0,0.0,128.0,729.0
1159406.0,3.0,-0.3958,0.057,0.09574,0.0199,-9.023,0.9227,0.0,0.0,128.0,716.0
1159446.0,3.0,-0.2991,2.148,0.09086,-0.2426,-4.223,0.9848,0.0,0.0,128.0,691.0
1159487.0,3.0,-0.1273,3.763,0.07897,-0.3124,0.697,1.0814,0.0,0.0,128.0,736.0
1159527.0,3.0,0.0061,3.551,0.06844,-0.1862,5.497,1.0797,0.0,0.0,128.0,710.0
1159568.0,5.0,0.1825,4.201,0.06653,0.1314,9.817,1.0947,0.0,0.0,128.0,689.0
1159608.0,5.0,0.1258,-0.231,0.078,0.4257,5.017,1.0947,0.0,0.0,128.0,669.0
1159648.0,5.0,0.1657,0.605,0.09787,0.528,0.097,1.0947,0.0,0.0,128.0,666.0
1159688.0,5.0,0.2761,2.212,0.11753,0.4335,-4.703,1.0947,0.0,0.0,128.0,668.0
1159729.0,5.0,0.5246,5.388,0.12986,0.1692,-6.357,1.0947,0.0,0.0,128.0,646.0
1159769.0,5.0,0.9526,9.314,0.1329,0.0122,-1.677,1.0947,0.0,0.0,128.0,649.0
1159809.0,6.0,1.3683,10.619,0.13271,-0.029,-1.5,1.0947,0.0,0.0,128.0,701.0
1159849.0,6.0,1.9236,12.984,0.13043,-0.089,-1.5,1.0947,0.0,0.0,128.0,709.0
1159889.0,2.0,2.4881,13.948,0.12488,-0.2246,-5.156,0.4554,0.0,0.0,128.0,729.0
1159929.0,2.0,-3.0143,18.044,0.1113,-0.4795,-7.266,1.0615,0.0,0.0,128.0,724.0
1159970.0,2.0,-2.2181,19.906,0.08636,-0.7332,-3.969,1.8802,0.0,0.0,128.0,745.0
1160011.0,2.0,-1.7165,15.901,0.05486,-0.7999,-0.122,1.5453,0.0,0.0,128.0,745.0
1160051.0,2.0,-1.5616,6.323,0.02385,-0.7617,0.815,0.2646,0.0,0.0,128.0,756.0
1160092.0,2.0,-1.3315,6.578,-0.00742,-0.7987,-0.265,0.5596,0.0,0.0,128.0,730.0
1160132.0,2.0,-1.3959,0.296,-0.0387,-0.773,2.481,0.1862,0.0,0.0,128.0,767.0
1160173.0,2.0,-1.4021,0.063,-0.06656,-0.572,6.34,0.1688,0.0,0.0,128.0,766.0
1160214.0,2.0,-1.5447,-4.222,-0.08411,-0.2719,7.512,0.0809,0.0,0.0,128.0,752.0
1160255.0,2.0,-1.8883,-7.114,-0.08925,0.0064,4.79,0.0743,0.0,0.0,128.0,724.0
1160295.0,2.0,-2.413,-11.1,-0.08659,0.0996,-0.01,0.0535,0.0,0.0,128.0,750.0
1160336.0,2.0,-3.0357,-15.628,-0.08306,0.0755,0.568,0.548,0.0,0.0,128.0,730.0
1160376.0,2.0,2.7872,-10.809,-0.07879,0.1415,0.341,-0.2091,0.0,0.0,128.0,732.0
1160417.0,2.0,2.4206,-8.823,-0.07399,0.0626,-4.249,-0.2942,0.0,0.0,128.0,752.0
1160458.0,2.0,2.0617,-9.485,-0.07361,-0.0205,-1.004,0.1335,0.0,0.0,128.0,732.0
1160499.0,2.0,1.9052,-5.554,-0.07639,-0.1292,-2.517,-0.1126,0.0,0.0,128.0,725.0
1160539.0,2.0,1.8055,-3.181,-0.08329,-0.2118,-1.006,-0.1512,0.0,0.0,128.0,745.0
1160579.0,2.0,1.8147,-0.366,-0.09127,-0.1631,3.533,-0.2312,0.0,0.0,128.0,752.0
1160620.0,2.0,1.9988,3.421,-0.09371,0.085,8.453,-0.3252,0.0,0.0,128.0,745.0
1160661.0,2.0,2.3086,6.883,-0.08243,0.4862,8.673,-0.3759,0.0,0.0,128.0,729.0
1160701.0,2.0,2.6553,6.828,-0.05794,0.7355,3.928,-0.5662,0.0,0.0,128.0,743.0
1160742.0,2.0,-2.9192,15.89,-0.02636,0.7999,0.0,0.623,0.0,0.0,128.0,733.0
1160782.0,2.0,-2.3347,16.991,0.00518,0.7956,-0.96,1.1792,0.0,0.0,128.0,771.0
1160823.0,2.0,-1.8822,9.953,0.03517,0.6716,-3.0,0.3819,0.0,0.0,128.0,757.0
1160864.0,2.0,-1.5447,7.819,0.06079,0.5912,-3.36,0.4396,0.0,0.0,128.0,742.0
1160904.0,2.0,-1.2026,6.486,0.08055,0.3864,-6.963,0.6385,0.0,0.0,128.0,752.0
1160945.0,2.0,-1.5324,-4.582,0.08966,0.0613,-6.473,0.1949,0.0,0.0,128.0,736.0
1160986.0,2.0,-1.5048,-0.726,0.08711,-0.1922,-5.99,0.059,0.0,0.0,128.0,730.0
1161026.0,2.0,-1.6383,-2.379,0.07511,-0.4307,-6.973,-0.0159,0.0,0.0,128.0,750.0
1161066.0,2.0,-1.8193,-4.663,0.05257,-0.7019,-4.813,-0.1887,0.0,0.0,128.0,752.0
1161107.0,2.0,-2.6967,-17.232,0.02167,-0.7993,-0.339,0.9746,0.0,0.0,128.0,738.0
1161147.0,2.0,2.9345,-16.58,-0.00967,-0.7962,0.224,0.761,0.0,0.0,128.0,751.0
1161187.0,2.0,2.4574,-13.169,-0.03986,-0.7327,0.635,0.3629,0.0,0.0,128.0,764.0
1161228.0,2.0,2.0157,-10.237,-0.06911,-0.7094,0.946,0.2495,0.0,0.0,128.0,766.0
1161269.0,5.0,1.7748,-7.134,-0.09619,-0.6587,2.406,0.1281,0.0,0.0,128.0,693.0
1161309.0,5.0,1.6306,-4.344,-0.11955,-0.4567,7.326,0.1281,0.0,0.0,128.0,675.0
1161350.0,5.0,1.5877,-1.993,-0.13151,-0.1438,5.766,0.1281,0.0,0.0,128.0,668.0
1161390.0,5.0,1.7043,1.857,-0.13395,-0.0064,1.218,0.1281,0.0,0.0,128.0,662.0
1161430.0,6.0,1.8392,2.62,-0.13361,0.0339,1.5,0.1281,0.0,0.0,128.0,711.0
1161471.0,6.0,2.2688,9.133,-0.13106,0.0954,1.5,0.1281,0.0,0.0,128.0,701.0
1161511.0,2.0,2.755,11.655,-0.12562,0.2112,5.1,-0.0672,0.0,0.0,128.0,730.0
1161552.0,2.0,-2.9452,14.078,-0.11168,0.5159,8.254,0.2617,0.0,0.0,128.0,712.0
1161592.0,2.0,-2.0095,19.506,-0.08633,0.7476,3.454,1.924,0.0,0.0,128.0,732.0
1161632.0,2.0,-1.5186,13.952,-0.05539,0.7999,0.0,1.209,0.0,0.0,128.0,739.0
1161673.0,2.0,-1.0738,12.353,-0.02314,0.7999,0.0,1.5342,0.0,0.0,128.0,715.0
1161713.0,2.0,-0.7762,7.927,0.00795,0.7616,-1.276,1.1107,0.0,0.0,128.0,750.0
1161754.0,2.0,-0.6903,3.714,0.03671,0.6304,-5.281,0.8659,0.0,0.0,128.0,738.0
1161794.0,2.0,-0.7609,-0.85,0.05711,0.4093,-3.999,0.7089,0.0,0.0,128.0,760.0
1161835.0,2.0,-0.3743,7.111,0.06964,0.2067,-4.003,1.2486,0.0,0.0,128.0,723.0
1161876.0,2.0,-0.1519,6.173,0.07489,0.0455,-4.227,1.233,0.0,0.0,128.0,744.0
1161917.0,3.0,-0.1212,1.639,0.0729,-0.1374,-2.765,1.0096,0.0,0.0,128.0,695.0
1161957.0,3.0,0.2991,8.867,0.0666,-0.1495,2.035,1.4525,0.0,0.0,128.0,710.0
1161998.0,3.0,0.6151,8.322,0.06352,0.0372,6.955,1.2535,0.0,0.0,128.0,682.0
1162038.0,5.0,0.9204,8.104,0.07118,0.3531,6.475,1.0699,0.0,0.0,128.0,682.0
1162078.0,5.0,1.4465,11.246,0.0888,0.5137,1.675,1.0699,0.0,0.0,128.0,670.0
1162118.0,5.0,1.8208,10.677,0.10909,0.4824,-3.125,1.0699,0.0,0.0,128.0,681.0
1162159.0,5.0,2.4835,14.617,0.12473,0.2512,-7.764,1.0699,0.0,0.0,128.0,672.0
1162199.0,5.0,-3.1201,15.592,0.12994,0.0391,-2.964,1.0699,0.0,0.0,128.0,673.0
1162239.0,6.0,-2.4344,20.565,0.13027,-0.0093,-1.446,1.0699,0.0,0.0,128.0,704.0
1162279.0,2.0,-2.1215,12.602,0.12844,-0.1114,-4.62,0.6281,0.0,0.0,128.0,730.0
1162319.0,2.0,-1.6291,10.514,0.12026,-0.3314,-7.487,0.6752,0.0,0.0,128.0,745.0
1162360.0,2.0,-1.5463,3.945,0.10035,-0.6515,-5.951,0.176,0.0,0.0,128.0,737.0
1162400.0,2.0,-1.5861,-0.534,0.07136,-0.792,-1.171,0.001,0.0,0.0,128.0,753.0
1162441.0,2.0,-1.5048,1.275,0.03923,-0.7998,0.0,0.0544,0.0,0.0,128.0,720.0
1162481.0,2.0,-1.6398,-1.086,0.00769,-0.7992,0.345,0.0547,0.0,0.0,128.0,751.0
1162522.0,2.0,-2.1046,-10.857,-0.02449,-0.7999,0.0,0.2947,0.0,0.0,128.0,747.0
1162563.0,2.0,-2.6691,-13.036,-0.05636,-0.7873,-0.488,0.1901,0.0,0.0,128.0,710.0
1162603.0,5.0,3.0756,-14.637,-0.08726,-0.7588,2.73,-0.0953,0.0,0.0,128.0,675.0
1162644.0,5.0,2.5157,-13.087,-0.11441,-0.5435,7.65,-0.0953,0.0,0.0,128.0,695.0
1162684.0,5.0,2.4421,-6.455,-0.12923,-0.2053,6.93,-0.0953,0.0,0.0,128.0,676.0
1162725.0,5.0,2.3562,-3.322,-0.1332,-0.0207,2.132,-0.0953,0.0,0.0,128.0,667.0
1162765.0,6.0,2.3455,-0.897,-0.1332,0.0204,1.5,-0.0953,0.0,0.0,128.0,709.0
1162806.0,6.0,2.459,1.981,-0.13117,0.0819,1.5,-0.0953,0.0,0.0,128.0,725.0
1162846.0,2.0,2.4958,1.644,-0.12641,0.1872,4.74,-0.81,0.0,0.0,128.0,730.0
1162886.0,2.0,3.0603,10.449,-0.11419,0.4739,8.847,-0.3011,0.0,0.0,128.0,730.0
1162927.0,2.0,-2.7581,13.021,-0.08929,0.7338,3.945,0.1706,0.0,0.0,128.0,739.0
1162968.0,2.0,-2.4482,8.615,-0.05775,0.7998,0.0,-0.2406,0.0,0.0,128.0,757.0
1163009.0,2.0,-1.7595,13.527,-0.02558,0.7998,0.0,0.918,0.0,0.0,128.0,732.0
1163049.0,2.0,-1.6137,5.527,0.00581,0.7938,-1.003,0.2404,0.0,0.0,128.0,752.0
1163090.0,2.0,-1.4481,3.429,0.0357,0.6494,-5.923,0.2553,0.0,0.0,128.0,752.0
1163130.0,2.0,-1.5999,-2.393,0.05677,0.432,-5.28,0.0294,0.0,0.0,128.0,765.0
1163171.0,2.0,-1.6782,-2.005,0.06866,0.1175,-9.169,-0.0792,0.0,0.0,128.0,737.0
1163212.0,2.0,-1.8868,-4.835,0.06514,-0.3233,-10.696,-0.1628,0.0,0.0,128.0,727.0
1163252.0,2.0,-2.2856,-7.726,0.04549,-0.6531,-5.909,-0.2552,0.0,0.0,128.0,729.0
1163293.0,2.0,3.1339,-18.573,0.01571,-0.7933,-1.018,1.1841,0.0,0.0,128.0,732.0
1163333.0,2.0,2.5127,-14.641,-0.01553,-0.775,0.531,0.5554,0.0,0.0,128.0,750.0
1163373.0,2.0,2.0295,-12.65,-0.04507,-0.7005,2.243,0.623,0.0,0.0,128.0,758.0
1163414.0,2.0,1.6444,-9.658,-0.07215,-0.6297,3.122,0.5214,0.0,0.0,128.0,740.0
1163455.0,2.0,1.4419,-6.385,-0.09375,-0.3984,8.042,0.4197,0.0,0.0,128.0,744.0
1163496.0,2.0,1.2364,-5.618,-0.10204,0.0314,11.907,0.5265,0.0,0.0,128.0,729.0
1163537.0,2.0,1.2855,-0.197,-0.09172,0.4727,8.858,0.3034,0.0,0.0,128.0,721.0
1163577.0,2.0,1.31,0.746,-0.06758,0.7286,4.058,0.2651,0.0,0.0,128.0,725.0
1163618.0,2.0,1.3637,1.131,-0.03623,0.7987,-0.378,0.2444,0.0,0.0,128.0,773.0
1163659.0,2.0,1.6797,6.247,-0.00533,0.7354,-0.258,0.1412,0.0,0.0,128.0,764.0
1163700.0,2.0,2.0555,8.611,0.02535,0.7955,0.822,0.0506,0.0,0.0,128.0,749.0
1163741.0,2.0,2.5756,12.334,0.05756,0.7999,0.0,0.1156,0.0,0.0,128.0,752.0
1163782.0,5.0,3.0833,10.804,0.08865,0.7546,-3.12,0.0885,0.0,0.0,128.0,690.0
1163822.0,5.0,-2.6523,13.361,0.11539,0.5283,-7.92,0.0885,0.0,0.0,128.0,696.0
1163863.0,5.0,-2.0647,18.08,0.12968,0.1845,-6.6,0.0885,0.0,0.0,128.0,668.0
1163903.0,5.0,-1.9236,6.2,0.13313,0.0165,-1.925,0.0885,0.0,0.0,128.0,661.0
1163944.0,6.0,-1.8024,3.114,0.13301,-0.0261,-1.5,0.0885,0.0,0.0,128.0,739.0
1163984.0,6.0,-1.8346,0.26,0.13084,-0.0861,-1.5,0.0885,0.0,0.0,128.0,710.0
1164025.0,2.0,-2.0801,-4.903,0.12555,-0.211,-5.34,-0.3442,0.0,0.0,128.0,749.0
1164065.0,2.0,-2.5418,-10.054,0.11194,-0.5147,-8.273,-0.1491,0.0,0.0,128.0,754.0
1164106.0,2.0,-3.0588,-13.25,0.08588,-0.7512,-3.372,0.1104,0.0,0.0,128.0,737.0
1164147.0,2.0,2.7136,-12.898,0.05411,-0.7999,0.0,0.1536,0.0,0.0,128.0,722.0
1164187.0,2.0,2.2304,-12.436,0.02258,-0.7999,0.0,0.3944,0.0,0.0,128.0,739.0
1164228.0,2.0,1.8991,-9.152,-0.00967,-0.7999,0.0,0.2068,0.0,0.0,128.0,731.0
1164269.0,2.0,1.6997,-6.55,-0.04193,-0.7999,0.0,0.1877,0.0,0.0,128.0,744.0
1164309.0,2.0,1.623,-2.834,-0.07241,-0.718,4.36,0.0134,0.0,0.0,128.0,772.0
1164350.0,2.0,1.6429,-0.67,-0.09649,-0.4429,7.787,-0.07,0.0,0.0,128.0,766.0
1164391.0,2.0,1.8239,3.273,-0.1071,-0.0386,12.228,-0.1649,0.0,0.0,128.0,745.0
1164431.0,2.0,2.1077,6.284,-0.09926,0.4252,9.483,-0.2463,0.0,0.0,128.0,746.0
1164471.0,2.0,2.5433,10.159,-0.0765,0.7068,4.728,-0.1746,0.0,0.0,128.0,754.0
1164512.0,2.0,3.1324,14.043,-0.04556,0.7995,0.048,0.2477,0.0,0.0,128.0,751.0
1164553.0,2.0,-2.3439,19.337,-0.01331,0.7974,-0.72,1.6452,0.0,0.0,128.0,730.0
1164593.0,2.0,-1.9159,14.302,0.01747,0.7841,0.461,0.9217,0.0,0.0,128.0,758.0
1164634.0,2.0,-1.4864,10.864,0.04882,0.7817,0.101,0.9501,0.0,0.0,128.0,709.0
1164674.0,2.0,-1.2625,5.941,0.07841,0.6874,-4.699,0.5529,0.0,0.0,128.0,744.0
1164714.0,2.0,-1.2287,1.479,0.10065,0.401,-9.499,0.3781,0.0,0.0,128.0,739.0
1164754.0,2.0,-1.2625,-0.632,0.1095,0.0647,-6.619,0.2647,0.0,0.0,128.0,737.0
1164795.0,2.0,-1.2195,1.046,0.10545,-0.3086,-10.859,0.3703,0.0,0.0,128.0,715.0
1164835.0,2.0,-1.4005,-3.224,0.08625,-0.6446,-6.059,0.2633,0.0,0.0,128.0,724.0
1164876.0,2.0,-1.603,-5.044,0.05677,-0.792,-1.32,0.1002,0.0,0.0,128.0,748.0
1164916.0,2.0,-1.9911,-6.969,0.02539,-0.7999,0.0,0.0556,0.0,0.0,128.0,741.0
1164957.0,2.0,-2.4912,-14.471,-0.0069,-0.7999,0.0,0.5612,0.0,0.0,128.0,731.0
1164997.0,2.0,3.0649,-17.465,-0.03802,-0.7832,1.064,0.9281,0.0,0.0,128.0,760.0
1165037.0,2.0,2.7566,-10.834,-0.06683,-0.6581,3.224,-0.1412,0.0,0.0,128.0,768.0
1165078.0,2.0,2.2227,-11.294,-0.0918,-0.5803,2.392,0.2354,0.0,0.0,128.0,745.0
1165118.0,2.0,1.9758,-5.998,-0.11209,-0.4493,1.961,-0.1443,0.0,0.0,128.0,766.0
1165159.0,5.0,1.85,-3.613,-0.12754,-0.2754,6.641,-0.1441,0.0,0.0,128.0,679.0
1165199.0,5.0,1.83,-1.084,-0.1335,-0.0501,3.402,-0.1441,0.0,0.0,128.0,661.0
1165239.0,6.0,1.9451,2.04,-0.13406,0.0062,1.18,-0.1441,0.0,0.0,128.0,702.0
1165279.0,6.0,2.1046,3.481,-0.13268,0.0659,1.5,-0.1441,0.0,0.0,128.0,707.0
1165320.0,2.0,2.5418,9.247,-0.12881,0.1353,2.82,-0.2899,0.0,0.0,128.0,737.0
1165360.0,2.0,3.0557,12.215,-0.12008,0.3465,7.62,-0.0548,0.0,0.0,128.0,725.0
1165400.0,2.0,-2.6523,14.306,-0.10016,0.656,5.875,0.4098,0.0,0.0,128.0,717.0
1165441.0,2.0,-1.6337,22.713,-0.07028,0.7948,1.043,3.1017,0.0,0.0,128.0,736.0
1165481.0,2.0,-1.4557,11.323,-0.03885,0.7999,0.0,0.9328,0.0,0.0,128.0,723.0
1165522.0,2.0,-0.9618,12.085,-0.00653,0.7999,0.0,1.5013,0.0,0.0,128.0,730.0
1165562.0,2.0,-0.7639,6.498,0.02479,0.7781,-2.232,1.0105,0.0,0.0,128.0,740.0
1165603.0,2.0,-0.8836,-0.557,0.05306,0.5941,-4.99,0.663,0.0,0.0,128.0,722.0
1165643.0,2.0,-0.8529,0.596,0.07361,0.4507,-4.08,0.6036,0.0,0.0,128.0,759.0
1165684.0,2.0,-0.7578,2.545,0.08719,0.1801,-9.0,0.7829,0.0,0.0,128.0,724.0
1165724.0,2.0,-0.9235,-2.487,0.08745,-0.1575,-6.592,0.6848,0.0,0.0,128.0,725.0
1165765.0,2.0,-0.9081,-0.567,0.07714,-0.3282,-2.894,0.5764,0.0,0.0,128.0,723.0
1165805.0,2.0,-0.8943,0.636,0.06079,-0.5349,-5.974,0.6529,0.0,0.0,128.0,747.0
1165846.0,2.0,-1.0815,-3.679,0.0357,-0.6766,-1.054,0.5658,0.0,0.0,128.0,723.0
1165886.0,2.0,-1.2931,-5.005,0.00953,-0.6203,3.746,0.4076,0.0,0.0,128.0,748.0
1165927.0,2.0,-1.4189,-4.638,-0.01148,-0.3997,6.585,0.261,0.0,0.0,128.0,757.0
1165967.0,2.0,-2.1829,-15.541,-0.02336,-0.232,1.946,0.9511,0.0,0.0,128.0,759.0
1166008.0,2.0,-2.9422,-17.632,-0.03195,-0.1818,2.757,0.9863,0.0,0.0,128.0,738.0
1166048.0,2.0,2.8164,-13.692,-0.0366,-0.0705,0.837,0.2254,0.0,0.0,128.0,737.0
1166088.0,2.0,2.2887,-13.631,-0.03847,-0.0034,2.037,0.5783,0.0,0.0,128.0,740.0
1166129.0,2.0,1.9727,-8.793,-0.03829,-0.0232,-2.883,0.112,0.0,0.0,128.0,743.0
1166169.0,2.0,1.6613,-7.454,-0.0411,-0.1074,-1.079,0.2827,0.0,0.0,128.0,744.0
1166209.0,2.0,1.6183,-2.558,-0.04496,-0.0648,2.491,0.0105,0.0,0.0,128.0,759.0
1166249.0,2.0,1.5969,-0.849,-0.0453,0.0546,2.983,-0.0338,0.0,0.0,128.0,765.0
1166290.0,2.0,1.7779,2.924,-0.04016,0.2337,6.581,-0.1315,0.0,0.0,128.0,721.0
1166330.0,2.0,1.9911,4.843,-0.02483,0.5626,7.546,-0.2578,0.0,0.0,128.0,747.0
1166371.0,2.0,2.3347,6.756,0.00259,0.7696,2.696,-0.3944,0.0,0.0,128.0,733.0
1166412.0,2.0,2.9836,14.501,0.03454,0.7999,0.0,0.3359,0.0,0.0,128.0,716.0
1166452.0,2.0,-2.7029,15.183,0.06585,0.7793,-2.16,0.5676,0.0,0.0,128.0,742.0
1166492.0,2.0,-1.9727,19.266,0.09424,0.6395,-5.488,2.0137,0.0,0.0,128.0,762.0
1166533.0,2.0,-1.6981,9.683,0.11479,0.3725,-6.034,0.4917,0.0,0.0,128.0,769.0
1166574.0,2.0,-1.5539,5.024,0.1248,0.0998,-8.413,0.1781,0.0,0.0,128.0,746.0
1166614.0,2.0,-1.6644,-0.317,0.12173,-0.269,-9.622,-0.0734,0.0,0.0,128.0,743.0
1166655.0,2.0,-1.784,-2.463,0.10331,-0.6259,-6.461,-0.1757,0.0,0.0,128.0,722.0
1166695.0,2.0,-1.8239,-0.853,0.07504,-0.7865,-1.782,-0.2262,0.0,0.0,128.0,736.0
1166735.0,2.0,-2.2273,-7.486,0.04361,-0.7999,0.0,-0.2785,0.0,0.0,128.0,749.0
1166776.0,2.0,-3.0664,-17.547,0.01144,-0.7993,0.262,0.9472,0.0,0.0,128.0,745.0
1166817.0,2.0,2.7013,-14.275,-0.02089,-0.7999,0.0,0.3973,0.0,0.0,128.0,725.0
1166857.0,2.0,2.436,-8.31,-0.05243,-0.7999,0.0,-0.3478,0.0,0.0,128.0,749.0
1166897.0,2.0,2.0571,-10.194,-0.08359,-0.763,2.417,0.2546,0.0,0.0,128.0,765.0
1166938.0,5.0,1.9528,-3.934,-0.11149,-0.58,6.857,0.1402,0.0,0.0,128.0,670.0
1166978.0,5.0,1.9374,-1.342,-0.12806,-0.2441,7.577,0.1402,0.0,0.0,128.0,666.0
1167019.0,5.0,2.0249,1.424,-0.13313,-0.0336,2.78,0.1402,0.0,0.0,128.0,679.0
1167059.0,6.0,2.1476,1.832,-0.13335,0.013,1.5,0.1402,0.0,0.0,128.0,703.0
1167099.0,6.0,2.6001,9.616,-0.1317,0.073,1.5,0.1402,0.0,0.0,128.0,709.0
1167140.0,2.0,3.1324,12.212,-0.12735,0.1648,4.14,-0.0569,0.0,0.0,128.0,725.0
1167180.0,2.0,-2.7305,12.427,-0.11644,0.4288,8.94,0.0742,0.0,0.0,128.0,727.0
1167220.0,2.0,-1.988,17.061,-0.0936,0.7083,4.66,1.407,0.0,0.0,128.0,738.0
1167261.0,2.0,-1.6214,9.691,-0.06262,0.7996,0.22,0.624,0.0,0.0,128.0,724.0
1167301.0,2.0,-1.221,8.295,-0.03116,0.7986,-0.505,0.8049,0.0,0.0,128.0,776.0
1167342.0,2.0,-0.8928,7.716,0.0009,0.7945,-0.92,1.0369,0.0,0.0,128.0,751.0
1167382.0,2.0,-0.879,1.735,0.03023,0.6593,-5.72,0.6956,0.0,0.0,128.0,754.0
1167423.0,2.0,-1.1443,-5.553,0.05302,0.4981,-1.953,0.5887,0.0,0.0,128.0,750.0
1167464.0,2.0,-1.0094,1.536,0.07159,0.3956,-4.467,0.5435,0.0,0.0,128.0,745.0
1167505.0,2.0,-1.1336,-1.88,0.08284,0.1508,-5.033,0.4644,0.0,0.0,128.0,747.0
1167546.0,2.0,-1.3714,-5.106,0.08614,0.0284,-2.05,0.3673,0.0,0.0,128.0,759.0
1167587.0,2.0,-1.6904,-6.458,0.08561,-0.0724,-4.03,0.229,0.0,0.0,128.0,732.0
1167627.0,2.0,-2.2181,-11.645,0.07841,-0.332,-8.83,0.344,0.0,0.0,128.0,731.0
1167668.0,2.0,-3.0756,-19.635,0.05888,-0.6102,-4.39,1.4372,0.0,0.0,128.0,716.0
1167708.0,2.0,2.4145,-17.969,0.03274,-0.6874,0.41,1.3079,0.0,0.0,128.0,753.0
1167749.0,2.0,1.8837,-13.344,0.0066,-0.5961,1.73,0.8599,0.0,0.0,128.0,746.0
1167790.0,2.0,1.3438,-12.83,-0.01661,-0.5652,-0.086,1.3076,0.0,0.0,128.0,737.0
1167830.0,2.0,1.0707,-8.341,-0.03773,-0.4724,4.354,0.9522,0.0,0.0,128.0,752.0
1167871.0,2.0,0.4172,-14.731,-0.05265,-0.2745,3.127,2.2595,0.0,0.0,128.0,737.0
1167912.0,2.0,0.3267,-5.826,-0.06248,-0.2244,1.567,1.1788,0.0,0.0,128.0,751.0
1167953.0,2.0,0.1473,-4.148,-0.06896,-0.0678,4.875,1.0984,0.0,0.0,128.0,724.0
1167994.0,2.0,-0.1258,-6.11,-0.06799,0.1119,3.381,1.2302,0.0,0.0,128.0,745.0
1168034.0,2.0,-0.586,-10.583,-0.06173,0.186,0.194,1.5465,0.0,0.0,128.0,723.0
1168075.0,2.0,-0.8943,-8.402,-0.05393,0.2255,2.994,1.0381,0.0,0.0,128.0,721.0
1168115.0,2.0,-1.0201,-4.055,-0.04166,0.4175,5.642,0.6081,0.0,0.0,128.0,723.0
1168155.0,2.0,-1.8684,-17.555,-0.02164,0.588,4.153,1.664,0.0,0.0,128.0,739.0
1168195.0,2.0,-2.6139,-19.252,0.00472,0.7305,2.029,1.483,0.0,0.0,128.0,717.0
1168236.0,2.0,2.6753,-23.179,0.03604,0.7997,0.0,2.5224,0.0,0.0,128.0,731.0
1168276.0,2.0,2.0908,-16.981,0.06731,0.7668,-2.76,1.3725,0.0,0.0,128.0,758.0
1168316.0,2.0,1.623,-12.985,0.09409,0.558,-7.56,1.0588,0.0,0.0,128.0,759.0
1168357.0,2.0,1.2318,-10.231,0.10943,0.1741,-9.559,1.0399,0.0,0.0,128.0,723.0
1168397.0,2.0,0.9894,-6.645,0.10991,-0.1473,-7.259,0.8432,0.0,0.0,128.0,732.0
1168438.0,2.0,0.8606,-3.88,0.09874,-0.3987,-5.157,0.7556,0.0,0.0,128.0,715.0
1168478.0,2.0,0.8023,-2.593,0.07965,-0.5606,-3.291,0.7539,0.0,0.0,128.0,723.0
1168519.0,2.0,1.1443,6.291,0.0543,-0.719,-4.404,0.6705,0.0,0.0,128.0,747.0
1168560.0,2.0,1.4481,7.734,0.02306,-0.7997,0.0,0.4633,0.0,0.0,128.0,736.0
1168600.0,2.0,1.988,11.987,-0.00799,-0.7477,3.48,0.5178,0.0,0.0,128.0,758.0
1168640.0,2.0,2.4513,12.55,-0.03349,-0.5101,8.28,0.189,0.0,0.0,128.0,763.0
1168681.0,2.0,-2.8026,22.066,-0.04673,-0.1486,7.09,2.1172,0.0,0.0,128.0,709.0
1168721.0,2.0,-1.9574,22.48,-0.04845,0.0366,2.29,2.8262,0.0,0.0,128.0,742.0
1168762.0,2.0,-1.1551,20.058,-0.0456,0.1246,4.09,3.0326,0.0,0.0,128.0,739.0
1168802.0,2.0,-0.6596,13.44,-0.0363,0.3866,8.89,1.9556,0.0,0.0,128.0,732.0
1168843.0,2.0,-0.3728,8.501,-0.01425,0.6827,4.851,1.3974,0.0,0.0,128.0,705.0
1168883.0,2.0,-0.2132,4.971,0.01511,0.7783,0.051,1.1386,0.0,0.0,128.0,729.0
1168924.0,3.0,-0.1672,1.127,0.04523,0.6903,-2.692,0.9941,0.0,0.0,128.0,730.0
1168965.0,5.0,0.2777,8.182,0.07159,0.6803,1.628,1.3687,0.0,0.0,128.0,696.0
1169005.0,5.0,0.7102,9.964,0.09915,0.6438,-3.292,1.3687,0.0,0.0,128.0,669.0
1169045.0,5.0,1.2257,12.204,0.12079,0.4137,-8.092,1.3687,0.0,0.0,128.0,658.0
1169085.0,5.0,1.7932,13.568,0.13091,0.1183,-5.212,1.3687,0.0,0.0,128.0,673.0
1169125.0,5.0,2.3746,14.619,0.13275,0.0023,-0.663,1.3687,0.0,0.0,128.0,680.0
1169166.0,6.0,-3.0403,19.602,0.13219,-0.041,-1.5,1.3687,0.0,0.0,128.0,730.0
1169209.0,2.0,-1.9512,24.525,0.12915,-0.1109,-2.58,3.4748,0.0,0.0,128.0,810.0
1169249.0,2.0,-1.3085,16.887,0.12218,-0.2345,-1.38,2.0845,0.0,0.0,128.0,751.0
1169290.0,2.0,-0.925,10.957,0.1113,-0.3368,-4.795,1.3759,0.0,0.0,128.0,735.0
1169331.0,2.0,-0.7072,6.713,0.09371,-0.5494,-5.813,1.0746,0.0,0.0,128.0,739.0
1169372.0,2.0,-0.7946,0.761,0.06694,-0.7603,-3.049,0.7712,0.0,0.0,128.0,740.0
1169413.0,2.0,-0.4479,5.532,0.03506,-0.7998,0.0,1.0824,0.0,0.0,128.0,707.0
1169453.0,2.0,-0.069,9.241,0.0045,-0.7185,4.36,1.5387,0.0,0.0,128.0,750.0
1169493.0,2.0,0.0368,4.235,-0.02051,-0.5599,3.665,1.1122,0.0,0.0,128.0,751.0
1169534.0,3.0,-0.1703,-3.863,-0.04028,-0.4373,1.028,1.0799,0.0,0.0,128.0,711.0
1169574.0,3.0,0.0169,3.048,-0.05786,-0.4619,0.068,1.0586,0.0,0.0,128.0,722.0
1169615.0,3.0,0.0568,1.474,-0.07511,-0.3579,4.095,1.0121,0.0,0.0,128.0,723.0
1169655.0,3.0,0.1289,1.759,-0.0873,-0.2724,2.287,1.0113,0.0,0.0,128.0,725.0
1169696.0,3.0,0.1641,1.5,-0.09514,-0.0826,5.941,1.0008,0.0,0.0,128.0,710.0
1169736.0,3.0,0.2056,1.356,-0.0936,0.1801,7.179,0.9906,0.0,0.0,128.0,694.0
1169776.0,3.0,0.2638,1.042,-0.0819,0.4052,5.73,0.9723,0.0,0.0,128.0,701.0
1169816.0,3.0,0.1856,-0.961,-0.06094,0.6531,4.566,0.9887,0.0,0.0,128.0,725.0
1169857.0,3.0,0.1856,-0.334,-0.0318,0.7805,2.135,0.9821,0.0,0.0,128.0,690.0
1169897.0,3.0,0.25,1.266,-0.00038,0.7999,0.0,0.979,0.0,0.0,128.0,701.0
1169937.0,3.0,0.3712,3.042,0.0312,0.7999,0.0,0.9904,0.0,0.0,128.0,701.0
1169977.0,3.0,0.5599,4.747,0.06274,0.7999,0.0,0.9897,0.0,0.0,128.0,689.0
1170018.0,5.0,0.8851,6.412,0.09428,0.7243,-4.2,0.9236,0.0,0.0,128.0,695.0
1170058.0,5.0,1.3254,10.005,0.11831,0.4579,-9.0,0.9236,0.0,0.0,128.0,674.0
1170098.0,5.0,1.8101,11.244,0.12971,0.1396,-5.762,0.9236,0.0,0.0,128.0,654.0
1170138.0,5.0,2.4191,15.02,0.13207,0.0057,-1.089,0.9236,0.0,0.0,128.0,680.0
1170179.0,6.0,3.0388,15.748,0.13162,-0.0366,-1.5,0.9236,0.0,0.0,128.0,711.0
1170219.0,2.0,-2.4866,21.113,0.12904,-0.1045,-2.82,2.1157,0.0,0.0,128.0,721.0
1170260.0,2.0,-1.6935,17.744,0.1212,-0.3235,-7.74,1.8244,0.0,0.0,128.0,725.0
1170300.0,2.0,-1.3422,10.561,0.10294,-0.5908,-6.268,0.9896,0.0,0.0,128.0,745.0
1170341.0,2.0,-1.1597,5.609,0.07481,-0.7768,-2.308,0.639,0.0,0.0,128.0,736.0
1170381.0,2.0,-1.2088,0.29,0.04343,-0.7998,0.0,0.3776,0.0,0.0,128.0,738.0
1170422.0,2.0,-1.2364,-0.667,0.0117,-0.7464,2.764,0.3304,0.0,0.0,128.0,746.0
1170462.0,2.0,-1.198,0.579,-0.01661,-0.7112,0.357,0.3746,0.0,0.0,128.0,761.0
1170503.0,2.0,-1.1428,1.154,-0.04365,-0.5999,3.597,0.3914,0.0,0.0,128.0,740.0
1170543.0,2.0,-1.7411,-8.752,-0.06458,-0.4356,5.997,0.4562,0.0,0.0,128.0,739.0
1170584.0,2.0,-2.2657,-13.092,-0.07793,-0.2328,3.3,0.4321,0.0,0.0,128.0,758.0
1170625.0,2.0,-2.8179,-13.912,-0.08569,-0.1556,1.722,0.267,0.0,0.0,128.0,741.0
1170665.0,2.0,2.8409,-15.066,-0.09056,-0.0661,3.655,0.4954,0.0,0.0,128.0,742.0
1170705.0,2.0,2.347,-13.248,-0.09146,0.0183,2.751,0.4331,0.0,0.0,128.0,743.0
1170745.0,2.0,2.1368,-6.424,-0.08933,0.0631,-1.125,-0.2622,0.0,0.0,128.0,750.0
1170786.0,2.0,1.8868,-6.022,-0.0885,-0.0239,-1.507,-0.0803,0.0,0.0,128.0,725.0
1170826.0,2.0,1.7963,-3.41,-0.0903,-0.0636,-0.422,-0.1203,0.0,0.0,128.0,730.0
1170867.0,2.0,1.8715,0.81,-0.09199,0.0167,4.355,-0.2812,0.0,0.0,128.0,734.0
1170907.0,2.0,2.0755,4.279,-0.08674,0.2893,9.155,-0.3607,0.0,0.0,128.0,738.0
1170947.0,2.0,2.4099,7.456,-0.06832,0.6301,6.377,-0.3937,0.0,0.0,128.0,757.0
1170988.0,2.0,2.7489,7.791,-0.03915,0.7883,1.457,-0.5364,0.0,0.0,128.0,737.0
1171028.0,2.0,-2.8256,15.766,-0.00773,0.7999,0.0,0.6215,0.0,0.0,128.0,733.0
1171068.0,2.0,-2.1951,16.263,0.02374,0.7873,-1.68,1.0958,0.0,0.0,128.0,750.0
1171109.0,2.0,-1.7641,12.013,0.05355,0.7,-1.808,0.7046,0.0,0.0,128.0,759.0
1171150.0,2.0,-1.4834,7.788,0.07946,0.5763,-3.816,0.4258,0.0,0.0,128.0,738.0
1171190.0,2.0,-1.2855,5.935,0.09799,0.3252,-8.616,0.5729,0.0,0.0,128.0,737.0
1171231.0,2.0,-1.6061,-5.457,0.10339,-0.0608,-8.496,0.169,0.0,0.0,128.0,735.0
1171272.0,2.0,-1.695,-3.023,0.09304,-0.468,-8.926,-0.0868,0.0,0.0,128.0,749.0
1171313.0,2.0,-1.8607,-2.886,0.06832,-0.7313,-4.033,-0.2201,0.0,0.0,128.0,730.0
1171354.0,2.0,-2.6246,-14.794,0.03686,-0.7999,0.0,0.5697,0.0,0.0,128.0,696.0
1171394.0,2.0,-3.1109,-13.996,0.00551,-0.7988,-0.437,0.2386,0.0,0.0,128.0,723.0
1171435.0,2.0,2.5909,-13.485,-0.02678,-0.7999,0.0,0.3163,0.0,0.0,128.0,710.0
1171475.0,2.0,2.2381,-9.544,-0.05828,-0.8,0.0,-0.0063,0.0,0.0,128.0,736.0
1171516.0,5.0,1.8715,-9.017,-0.0894,-0.7546,3.24,-0.0046,0.0,0.0,128.0,676.0
1171556.0,5.0,1.7365,-4.863,-0.11599,-0.5185,8.16,-0.0046,0.0,0.0,128.0,688.0
1171596.0,5.0,1.7058,-1.806,-0.12968,-0.1824,6.601,-0.0046,0.0,0.0,128.0,667.0
1171636.0,5.0,1.7963,1.323,-0.13305,-0.0158,1.923,-0.0046,0.0,0.0,128.0,667.0
1171677.0,6.0,1.9006,2.247,-0.13294,0.0261,1.5,-0.0046,0.0,0.0,128.0,710.0
1171717.0,6.0,2.3378,8.77,-0.13076,0.0861,1.5,-0.0046,0.0,0.0,128.0,711.0
1171758.0,2.0,2.8379,11.558,-0.1254,0.2149,5.46,-0.1063,0.0,0.0,128.0,730.0
1171798.0,2.0,-2.8593,14.554,-0.11152,0.5215,8.175,0.3597,0.0,0.0,128.0,720.0
1171839.0,2.0,-1.985,17.636,-0.08524,0.7538,3.323,1.482,0.0,0.0,128.0,758.0
1171879.0,2.0,-1.6582,11.497,-0.05426,0.7998,0.0,0.8258,0.0,0.0,128.0,751.0
1171919.0,2.0,-1.0738,11.912,-0.0228,0.7998,0.0,1.4279,0.0,0.0,128.0,744.0
1171960.0,2.0,-0.8682,5.596,0.00938,0.7856,-1.791,0.8758,0.0,0.0,128.0,754.0
1172001.0,2.0,-0.7946,1.796,0.03829,0.6112,-6.368,0.7383,0.0,0.0,128.0,717.0
1172041.0,2.0,-0.8345,-0.515,0.05779,0.3978,-3.585,0.6496,0.0,0.0,128.0,761.0
1172082.0,2.0,-0.5829,5.196,0.06979,0.1754,-5.788,1.0197,0.0,0.0,128.0,737.0
1172123.0,2.0,-0.5921,0.746,0.0717,-0.0972,-6.7,0.8303,0.0,0.0,128.0,725.0
1172164.0,2.0,-0.4004,3.897,0.06285,-0.3329,-4.313,1.0073,0.0,0.0,128.0,717.0
1172204.0,2.0,-0.1657,5.931,0.04725,-0.4427,-1.226,1.2089,0.0,0.0,128.0,733.0
1172244.0,3.0,-0.0721,2.493,0.02925,-0.4739,-0.216,1.0367,0.0,0.0,128.0,711.0
1172285.0,3.0,0.2546,6.337,0.01129,-0.3794,4.704,1.2172,0.0,0.0,128.0,736.0
1172325.0,3.0,0.5277,7.037,0.00116,-0.0928,9.504,1.177,0.0,0.0,128.0,716.0
1172366.0,3.0,0.52,1.003,0.00619,0.3604,10.271,0.8726,0.0,0.0,128.0,710.0
1172406.0,3.0,0.7102,3.733,0.02704,0.6734,5.509,0.8463,0.0,0.0,128.0,709.0
1172446.0,2.0,0.9204,4.697,0.05659,0.7953,0.709,0.7481,0.0,0.0,128.0,740.0
1172486.0,2.0,1.2885,8.386,0.08719,0.7253,-4.091,0.698,0.0,0.0,128.0,737.0
1172527.0,2.0,1.6276,7.997,0.11186,0.4701,-6.371,0.3213,0.0,0.0,128.0,753.0
1172567.0,2.0,2.2258,13.13,0.12623,0.2429,-6.412,0.477,0.0,0.0,128.0,764.0
1172608.0,2.0,2.7151,11.578,0.1317,0.05,-2.458,-0.056,0.0,0.0,128.0,751.0
1172649.0,2.0,-3.0465,13.542,0.1314,-0.0903,-4.468,0.1726,0.0,0.0,128.0,722.0
1172690.0,2.0,-2.2396,18.973,0.12499,-0.2548,-5.908,1.7081,0.0,0.0,128.0,808.0
1172730.0,2.0,-1.9297,8.597,0.1089,-0.5524,-6.149,0.1323,0.0,0.0,128.0,743.0
1172770.0,2.0,-1.7119,6.09,0.08374,-0.7,-1.349,0.1111,0.0,0.0,128.0,733.0
1172811.0,2.0,-1.6475,2.337,0.0552,-0.7147,-0.55,-0.0307,0.0,0.0,128.0,745.0
1172852.0,2.0,-1.7089,-1.222,0.02576,-0.7559,-2.321,-0.1242,0.0,0.0,128.0,738.0
1172893.0,2.0,-1.9528,-5.302,-0.00607,-0.7999,0.0,-0.2027,0.0,0.0,128.0,742.0
1172934.0,2.0,-2.2933,-7.131,-0.03833,-0.7999,0.0,-0.3507,0.0,0.0,128.0,743.0
1172974.0,5.0,-2.7903,-11.548,-0.0699,-0.7991,0.36,-0.1221,0.0,0.0,128.0,775.0
1173015.0,5.0,3.0373,-10.171,-0.09983,-0.6863,5.16,-0.1221,0.0,0.0,128.0,688.0
1173055.0,5.0,2.798,-5.849,-0.12206,-0.3729,9.36,-0.1221,0.0,0.0,128.0,666.0
1173095.0,5.0,2.6246,-4.298,-0.1308,-0.0931,4.682,-0.1221,0.0,0.0,128.0,667.0
1173135.0,5.0,2.5848,-1.611,-0.13207,-0.0003,0.27,-0.1221,0.0,0.0,128.0,665.0
1173175.0,6.0,2.6108,0.174,-0.13129,0.0486,1.5,-0.1221,0.0,0.0,128.0,702.0
1173215.0,2.0,2.709,1.721,-0.1281,0.1338,3.9,-0.8787,0.0,0.0,128.0,735.0
1173255.0,2.0,3.0143,6.659,-0.11861,0.3882,8.7,-0.7105,0.0,0.0,128.0,744.0
1173295.0,2.0,-2.8946,9.179,-0.09705,0.6863,5.216,-0.4292,0.0,0.0,128.0,742.0
1173335.0,2.0,-2.4452,11.22,-0.06728,0.7978,0.656,0.0516,0.0,0.0,128.0,734.0
1173376.0,2.0,-1.7917,14.931,-0.03503,0.7999,0.0,1.0923,0.0,0.0,128.0,740.0
1173416.0,2.0,-1.8024,4.475,-0.0042,0.779,1.182,-0.0553,0.0,0.0,128.0,747.0
1173457.0,2.0,-1.6429,3.559,0.02782,0.7999,0.0,-0.0101,0.0,0.0,128.0,726.0
1173497.0,2.0,-1.669,0.684,0.0582,0.711,-4.56,-0.0894,0.0,0.0,128.0,762.0
1173538.0,2.0,-1.8669,-3.609,0.08183,0.4207,-9.48,-0.2031,0.0,0.0,128.0,772.0
1173579.0,2.0,-2.1276,-6.037,0.08989,-0.0677,-13.2,-0.3031,0.0,0.0,128.0,730.0
1173620.0,2.0,-2.7059,-13.459,0.07785,-0.5083,-8.364,0.2148,0.0,0.0,128.0,729.0
1173660.0,2.0,2.8103,-14.553,0.05276,-0.7452,-3.598,0.3733,0.0,0.0,128.0,740.0
1173700.0,2.0,2.1384,-16.892,0.0219,-0.792,1.167,1.355,0.0,0.0,128.0,773.0
1173741.0,2.0,1.6015,-13.525,-0.00964,-0.7655,2.087,1.1609,0.0,0.0,128.0,743.0
1173781.0,2.0,1.2885,-8.792,-0.03806,-0.6469,5.17,0.7818,0.0,0.0,128.0,750.0
1173822.0,2.0,0.8759,-8.855,-0.05873,-0.3512,7.147,1.0536,0.0,0.0,128.0,762.0
1173863.0,2.0,0.6274,-7.214,-0.06851,-0.1565,3.667,1.1769,0.0,0.0,128.0,743.0
1173904.0,2.0,0.5047,-3.27,-0.07057,0.0765,6.021,0.9355,0.0,0.0,128.0,739.0
1173944.0,2.0,0.0031,-10.207,-0.06401,0.2312,1.554,1.6569,0.0,0.0,128.0,719.0
1173985.0,2.0,-0.0644,-4.285,-0.05456,0.2332,0.987,1.1031,0.0,0.0,128.0,717.0
1174025.0,3.0,-0.1871,-2.445,-0.04534,0.2024,-3.093,1.0203,0.0,0.0,128.0,717.0
1174066.0,3.0,-0.4633,-6.283,-0.04103,-0.0278,-8.013,1.1372,0.0,0.0,128.0,709.0
1174106.0,5.0,-0.7946,-7.824,-0.04916,-0.3912,-7.773,1.223,0.0,0.0,128.0,677.0
1174146.0,5.0,-0.7286,-0.326,-0.06926,-0.6038,-2.973,1.223,0.0,0.0,128.0,660.0
1174186.0,5.0,-0.879,-2.987,-0.09413,-0.6243,1.827,1.223,0.0,0.0,128.0,680.0
1174227.0,5.0,-1.0554,-4.212,-0.11659,-0.4461,6.747,1.223,0.0,0.0,128.0,701.0
1174267.0,5.0,-1.2855,-4.199,-0.12821,-0.1469,5.909,1.223,0.0,0.0,128.0,659.0
1174307.0,5.0,-1.9205,-14.85,-0.13072,-0.0071,1.235,1.223,0.0,0.0,128.0,673.0
1174348.0,6.0,-2.709,-19.091,-0.13035,0.0353,1.5,1.223,0.0,0.0,128.0,711.0
1174388.0,2.0,2.6998,-21.188,-0.1272,0.1587,5.34,1.9428,0.0,0.0,128.0,739.0
1174429.0,2.0,2.1522,-14.893,-0.11535,0.4457,6.9,0.8517,0.0,0.0,128.0,723.0
1174469.0,2.0,1.9175,-9.055,-0.0933,0.6489,2.756,0.2209,0.0,0.0,128.0,737.0
1174509.0,2.0,1.715,-5.866,-0.06694,0.6608,-2.044,0.0957,0.0,0.0,128.0,766.0
1174550.0,2.0,1.5907,-3.762,-0.04159,0.624,1.294,0.0846,0.0,0.0,128.0,732.0
1174590.0,2.0,1.649,0.139,-0.0162,0.6557,0.123,-0.0585,0.0,0.0,128.0,759.0
1174630.0,2.0,1.8162,3.343,0.01076,0.7474,3.314,-0.1597,0.0,0.0,128.0,726.0
1174671.0,2.0,2.1215,6.693,0.04249,0.7999,0.0,-0.2406,0.0,0.0,128.0,729.0
1174712.0,5.0,2.3547,5.269,0.07478,0.7945,-1.08,-0.4732,0.0,0.0,128.0,682.0
1174752.0,5.0,3.0388,14.643,0.10402,0.6529,-5.88,-0.4732,0.0,0.0,128.0,690.0
1174793.0,5.0,-2.7842,12.567,0.12405,0.3279,-8.76,-0.4732,0.0,0.0,128.0,668.0
1174833.0,5.0,-2.5848,9.576,0.13151,0.0676,-3.962,-0.4732,0.0,0.0,128.0,661.0
1174873.0,6.0,-2.4574,4.977,0.13234,-0.0012,-0.51,-0.4732,0.0,0.0,128.0,709.0
1174913.0,6.0,-2.1706,8.948,0.13125,-0.0576,-1.5,-0.4732,0.0,0.0,128.0,708.0
1174953.0,2.0,-2.278,-0.494,0.12765,-0.148,-4.14,-0.6786,0.0,0.0,128.0,756.0
1174994.0,2.0,-2.5249,-3.486,0.11704,-0.421,-9.06,-0.7121,0.0,0.0,128.0,744.0
1175035.0,2.0,-2.91,-7.999,0.09375,-0.7092,-4.662,-0.5719,0.0,0.0,128.0,724.0
1175075.0,2.0,2.8916,-11.347,0.06349,-0.7995,-0.124,-0.1573,0.0,0.0,128.0,724.0
1175115.0,2.0,2.5357,-10.856,0.03199,-0.7998,0.0,-0.0568,0.0,0.0,128.0,737.0
1175155.0,2.0,2.3071,-7.533,0.00053,-0.7998,0.0,-0.317,0.0,0.0,128.0,729.0
1175196.0,2.0,2.0954,-6.485,-0.03176,-0.7998,0.0,-0.1971,0.0,0.0,128.0,738.0
1175236.0,2.0,2.0862,-1.471,-0.0633,-0.7998,0.0,-0.473,0.0,0.0,128.0,738.0
1175277.0,5.0,2.1292,0.335,-0.0948,-0.7242,4.2,-0.4713,0.0,0.0,128.0,681.0
1175317.0,5.0,2.3178,3.753,-0.11895,-0.4578,9.0,-0.4713,0.0,0.0,128.0,666.0
1175358.0,5.0,2.6154,6.834,-0.13035,-0.1396,5.761,-0.4713,0.0,0.0,128.0,665.0
1175398.0,5.0,2.9713,7.363,-0.13271,-0.0048,0.969,-0.4713,0.0,0.0,128.0,673.0
1175438.0,6.0,-2.6216,14.512,-0.13226,0.0366,1.5,-0.4713,0.0,0.0,128.0,713.0
1175483.0,2.0,-1.8975,16.178,-0.12919,0.1095,2.58,1.3803,0.0,0.0,128.0,749.0
1175523.0,2.0,-1.6091,9.74,-0.12165,0.3111,7.38,0.5241,0.0,0.0,128.0,727.0
1175564.0,2.0,-1.3913,6.32,-0.1035,0.5658,3.9,0.406,0.0,0.0,128.0,738.0
1175605.0,2.0,-1.307,1.794,-0.07725,0.7356,2.82,0.3092,0.0,0.0,128.0,735.0
1175646.0,2.0,-1.356,-0.981,-0.0462,0.7988,0.3,0.2252,0.0,0.0,128.0,698.0
1175686.0,2.0,-1.5064,-3.262,-0.01466,0.7999,0.0,0.1346,0.0,0.0,128.0,727.0
1175726.0,2.0,-1.6015,-2.629,0.01613,0.7365,-3.84,-0.0131,0.0,0.0,128.0,731.0
1175766.0,2.0,-1.8239,-8.01,0.04118,0.5016,-8.103,-0.0135,0.0,0.0,128.0,739.0
1175806.0,2.0,-2.8808,-20.736,0.0537,0.1174,-8.733,1.75,0.0,0.0,128.0,743.0
1175847.0,0.0,2.6507,-19.118,0.05438,0.0,0.0,1.4955,0.0,0.0,128.0,556.0
1175887.0,0.0,2.1,-15.84,0.05438,0.0,0.0,1.4955,0.0,0.0,128.0,557.0
1175927.0,0.0,1.6352,-12.77,0.05438,0.0,0.0,1.4955,0.0,0.0,128.0,551.0
1175968.0,0.0,1.3254,-8.919,0.05438,0.0,0.0,1.4955,0.0,0.0,128.0,557.0
1176008.0,0.0,1.1106,-5.815,0.05438,0.0,0.0,1.4955,0.0,0.0,128.0,549.0
1176048.0,0.0,0.724,-8.745,0.05438,0.0,0.0,1.4955,0.0,0.0,128.0,536.0
1176089.0,0.0,0.7455,-2.701,0.05438,0.0,0.0,1.4955,0.0,0.0,128.0,542.0
1176129.0,0.0,0.902,2.732,0.05438,0.0,0.0,1.4955,0.0,0.0,128.0,549.0
1176169.0,0.0,1.0048,2.549,0.05438,0.0,0.0,1.4955,0.0,0.0,128.0,550.0
1176209.0,0.0,1.3254,6.412,0.05438,0.0,0.0,1.4955,0.0,0.0,128.0,549.0
1176249.0,0.0,1.7579,10.084,0.05438,0.0,0.0,1.4955,0.0,0.0,128.0,556.0
1176290.0,0.0,2.1951,10.498,0.05438,0.0,0.0,1.4955,0.0,0.0,128.0,556.0
1176330.0,0.0,2.913,16.4,0.05438,0.0,0.0,1.4955,0.0,0.0,128.0,571.0
1176370.0,0.0,-2.887,14.497,0.05438,0.0,0.0,1.4955,0.0,0.0,128.0,557.0
1176411.0,0.0,-1.8346,24.122,0.05438,0.0,0.0,1.4955,0.0,0.0,128.0,555.0
1176451.0,0.0,-1.603,9.891,0.05438,0.0,0.0,1.4955,0.0,0.0,128.0,557.0
1176491.0,0.0,-1.0799,11.347,0.05438,0.0,0.0,1.4955,0.0,0.0,128.0,564.0
1176531.0,0.0,-1.0017,3.716,0.05438,0.0,0.0,1.4955,0.0,0.0,128.0,543.0
1176572.0,0.0,-0.994,0.473,0.05438,0.0,0.0,1.4955,0.0,0.0,128.0,543.0
1176612.0,0.0,-1.198,-4.701,0.05438,0.0,0.0,1.4955,0.0,0.0,128.0,549.0
1176652.0,0.0,-1.1382,0.256,0.05438,0.0,0.0,1.4955,0.0,0.0,128.0,564.0
1176692.0,0.0,-1.2517,-2.129,0.05438,0.0,0.0,1.4955,0.0,0.0,128.0,549.0
1176733.0,0.0,-1.5079,-4.11,0.05438,0.0,0.0,1.4955,0.0,0.0,128.0,549.0
1176773.0,0.0,-2.2611,-16.275,0.05438,0.0,0.0,1.4955,0.0,0.0,128.0,557.0
1176813.0,0.0,-2.8563,-16.058,0.05438,0.0,0.0,1.4955,0.0,0.0,128.0,558.0
1176853.0,0.0,2.6246,-17.698,0.05438,0.0,0.0,1.4955,0.0,0.0,128.0,557.0
1176893.0,0.0,2.1982,-14.27,0.05438,0.0,0.0,1.4955,0.0,0.0,128.0,564.0
1176934.0,0.0,1.8116,-9.903,0.05438,0.0,0.0,1.4955,0.0,0.0,128.0,558.0
1176974.0,0.0,1.511,-7.969,0.05438,0.0,0.0,1.4955,0.0,0.0,128.0,549.0
1177014.0,0.0,1.3837,-4.255,0.05438,0.0,0.0,1.4955,0.0,0.0,128.0,549.0
1177055.0,0.0,1.3254,-1.543,0.05438,0.0,0.0,1.4955,0.0,0.0,128.0,550.0
1177095.0,0.0,1.4021,0.57,0.05438,0.0,0.0,1.4955,0.0,0.0,128.0,551.0
1177135.0,0.0,1.6276,4.877,0.05438,0.0,0.0,1.4955,0.0,0.0,128.0,556.0
1177175.0,0.0,1.8761,5.691,0.05438,0.0,0.0,1.4955,0.0,0.0,128.0,557.0
1177215.0,0.0,2.3807,11.216,0.05438,0.0,0.0,1.4955,0.0,0.0,128.0,564.0
1177256.0,0.0,2.8547,11.919,0.05438,0.0,0.0,1.4955,0.0,0.0,128.0,557.0
1177296.0,0.0,-2.62,16.839,0.05438,0.0,0.0,1.4955,0.0,0.0,128.0,550.0
1177336.0,0.0,-2.1629,14.346,0.05438,0.0,0.0,1.4955,0.0,0.0,128.0,549.0
1177377.0,0.0,-1.7411,12.729,0.05438,0.0,0.0,1.4955,0.0,0.0,128.0,543.0
1177417.0,0.0,-1.4281,7.546,0.05438,0.0,0.0,1.4955,0.0,0.0,128.0,543.0
1177457.0,0.0,-1.2257,5.354,0.05438,0.0,0.0,1.4955,0.0,0.0,128.0,551.0
1177497.0,0.0,-1.2517,0.583,0.05438,0.0,0.0,1.4955,0.0,0.0,128.0,550.0
1177537.0,0.0,-1.3729,-2.598,0.05438,0.0,0.0,1.4955,0.0,0.0,128.0,557.0
1177578.0,0.0,-1.537,-3.916,0.05438,0.0,0.0,1.4955,0.0,0.0,128.0,557.0
1177618.0,0.0,-1.9574,-9.548,0.05438,0.0,0.0,1.4955,0.0,0.0,128.0,557.0
1177658.0,0.0,-2.3731,-11.924,0.05438,0.0,0.0,1.4955,0.0,0.0,128.0,556.0
1177698.0,0.0,-3.0894,-18.375,0.05438,0.0,0.0,1.4955,0.0,0.0,128.0,562.0
1177739.0,0.0,2.7964,-11.099,0.05438,0.0,0.0,1.4955,0.0,0.0,128.0,557.0
1177779.0,0.0,2.146,-14.518,0.05438,0.0,0.0,1.4955,0.0,0.0,128.0,552.0
1177819.0,0.0,1.9512,-7.329,0.05438,0.0,0.0,1.4955,0.0,0.0,128.0,556.0
1177859.0,0.0,1.7288,-6.02,0.05438,0.0,0.0,1.4955,0.0,0.0,128.0,564.0
1177900.0,0.0,1.5907,-4.123,0.05438,0.0,0.0,1.4955,0.0,0.0,128.0,557.0
1177940.0,0.0,1.6797,0.794,0.05438,0.0,0.0,1.4955,0.0,0.0,128.0,557.0
1177980.0,0.0,1.8607,3.802,0.05438,0.0,0.0,1.4955,0.0,0.0,128.0,556.0
1178021.0,0.0,2.1368,6.231,0.05438,0.0,0.0,1.4955,0.0,0.0,128.0,557.0
1178061.0,0.0,2.3961,6.032,0.05438,0.0,0.0,1.4955,0.0,0.0,128.0,571.0
1178101.0,0.0,3.091,14.814,0.05438,0.0,0.0,1.4955,0.0,0.0,128.0,557.0
1178142.0,0.0,-2.6108,12.826,0.05438,0.0,0.0,1.4955,0.0,0.0,128.0,557.0
1178182.0,0.0,-2.2059,11.266,0.05438,0.0,0.0,1.4955,0.0,0.0,128.0,556.0
1178222.0,0.0,-1.8208,13.946,0.05438,0.0,0.0,1.4955,0.0,0.0,128.0,557.0
1178262.0,0.0,-1.5923,6.314,0.05438,0.0,0.0,1.4955,0.0,0.0,128.0,543.0
1178303.0,0.0,-1.4788,3.171,0.05438,0.0,0.0,1.4955,0.0,0.0,128.0,549.0
1178343.0,0.0,-1.4772,0.649,0.05438,0.0,0.0,1.4955,0.0,0.0,128.0,550.0
1178383.0,0.0,-1.6276,-2.635,0.05438,0.0,0.0,1.4955,0.0,0.0,128.0,556.0
1178423.0,0.0,-1.85,-4.833,0.05438,0.0,0.0,1.4955,0.0,0.0,128.0,557.0
1178463.0,0.0,-2.4252,-12.242,0.05438,0.0,0.0,1.4955,0.0,0.0,128.0,564.0
1178504.0,0.0,-2.9238,-12.246,0.05438,0.0,0.0,1.4955,0.0,0.0,128.0,564.0
1178544.0,0.0,2.821,-13.916,0.05438,0.0,0.0,1.4955,0.0,0.0,128.0,550.0
1178584.0,0.0,2.4605,-10.252,0.05438,0.0,0.0,1.4955,0.0,0.0,128.0,557.0
1178625.0,0.0,2.1338,-7.7,0.05438,0.0,0.0,1.4955,0.0,0.0,128.0,557.0
1178665.0,0.0,1.8914,-6.386,0.05438,0.0,0.0,1.4955,0.0,0.0,128.0,557.0
1178705.0,0.0,1.8454,-2.277,0.05438,0.0,0.0,1.4955,0.0,0.0,128.0,564.0
1178746.0,0.0,1.8899,0.489,0.05438,0.0,0.0,1.4955,0.0,0.0,128.0,563.0
1178786.0,0.0,2.0494,3.223,0.05438,0.0,0.0,1.4955,0.0,0.0,128.0,564.0
1178826.0,0.0,2.301,5.689,0.05438,0.0,0.0,1.4955,0.0,0.0,128.0,571.0
1178866.0,0.0,2.5111,5.323,0.05438,0.0,0.0,1.4955,0.0,0.0,128.0,556.0
1178906.0,0.0,3.1078,12.704,0.05438,0.0,0.0,1.4955,0.0,0.0,128.0,550.0
1178946.0,0.0,-2.6523,11.514,0.05438,0.0,0.0,1.4955,0.0,0.0,128.0,557.0
1178987.0,0.0,-2.4743,5.561,0.05438,0.0,0.0,1.4955,0.0,0.0,128.0,557.0
1179027.0,0.0,-1.6628,15.519,0.05438,0.0,0.0,1.4955,0.0,0.0,128.0,557.0
1179067.0,0.0,-1.7717,0.891,0.05438,0.0,0.0,1.4955,0.0,0.0,128.0,563.0
1179108.0,0.0,-1.649,1.287,0.05438,0.0,0.0,1.4955,0.0,0.0,128.0,564.0
1179148.0,0.0,-1.6904,-0.266,0.05438,0.0,0.0,1.4955,0.0,0.0,128.0,555.0
1179188.0,0.0,-1.9712,-5.405,0.05438,0.0,0.0,1.4955,0.0,0.0,128.0,550.0
1179229.0,0.0,-2.1552,-4.702,0.05438,0.0,0.0,1.4955,0.0,0.0,128.0,556.0
1179269.0,0.0,-2.7443,-12.51,0.05438,0.0,0.0,1.4955,0.0,0.0,128.0,557.0
1179309.0,0.0,3.0818,-11.859,0.05438,0.0,0.0,1.4955,0.0,0.0,128.0,558.0
1179350.0,0.0,2.6139,-12.299,0.05438,0.0,0.0,1.4955,0.0,0.0,128.0,557.0
1179390.0,0.0,2.2979,-9.75,0.05438,0.0,0.0,1.4955,0.0,0.0,128.0,550.0
1179430.0,0.0,2.1261,-5.416,0.05438,0.0,0.0,1.4955,0.0,0.0,128.0,557.0
1179471.0,0.0,2.0157,-3.129,0.05438,0.0,0.0,1.4955,0.0,0.0,128.0,557.0
1179511.0,0.0,2.031,-0.406,0.05438,0.0,0.0,1.4955,0.0,0.0,128.0,558.0
1179551.0,0.0,2.1368,2.06,0.05438,0.0,0.0,1.4955,0.0,0.0,128.0,557.0
1179592.0,0.0,2.3562,4.736,0.05438,0.0,0.0,1.4955,0.0,0.0,128.0,543.0
1179632.0,0.0,2.5986,6.243,0.05438,0.0,0.0,1.4955,0.0,0.0,128.0,557.0
1179672.0,0.0,3.0618,10.47,0.05438,0.0,0.0,1.4955,0.0,0.0,128.0,564.0
1179713.0,0.0,-2.7658,11.998,0.05438,0.0,0.0,1.4955,0.0,0.0,128.0,558.0
1179753.0,0.0,-2.3715,10.823,0.05438,0.0,0.0,1.4955,0.0,0.0,128.0,550.0
1179793.0,0.0,-1.9819,10.161,0.05438,0.0,0.0,1.4955,0.0,0.0,128.0,556.0
1179833.0,0.0,-1.6276,11.297,0.05438,0.0,0.0,1.4955,0.0,0.0,128.0,555.0
1179873.0,0.0,-1.7871,-0.715,0.05438,0.0,0.0,1.4955,0.0,0.0,128.0,537.0
1179914.0,0.0,-1.827,-0.159,0.05438,0.0,0.0,1.4955,0.0,0.0,128.0,550.0
1179954.0,0.0,-2.1246,-5.711,0.05438,0.0,0.0,1.4955,0.0,0.0,128.0,557.0
1179994.0,0.0,-2.1982,-2.828,0.05438,0.0,0.0,1.4955,0.0,0.0,128.0,557.0
1180034.0,0.0,-2.8348,-12.388,0.05438,0.0,0.0,1.4955,0.0,0.0,128.0,556.0
1180074.0,0.0,3.0618,-10.182,0.05438,0.0,0.0,1.4955,0.0,0.0,128.0,556.0
1180115.0,0.0,2.6323,-10.58,0.05438,0.0,0.0,1.4955,0.0,0.0,128.0,556.0
1180155.0,0.0,2.3363,-7.587,0.05438,0.0,0.0,1.4955,0.0,0.0,128.0,571.0
1180195.0,0.0,2.1982,-5.172,0.05438,0.0,0.0,1.4955,0.0,0.0,128.0,556.0
1180236.0,0.0,2.1568,-2.005,0.05438,0.0,0.0,1.4955,0.0,0.0,128.0,557.0
1180276.0,0.0,2.1813,0.169,0.05438,0.0,0.0,1.4955,0.0,0.0,128.0,571.0
1180316.0,0.0,2.301,2.416,0.05438,0.0,0.0,1.4955,0.0,0.0,128.0,556.0
1180357.0,0.0,2.5234,4.927,0.05438,0.0,0.0,1.4955,0.0,0.0,128.0,557.0
1180397.0,0.0,2.6615,3.728,0.05438,0.0,0.0,1.4955,0.0,0.0,128.0,571.0
1180437.0,0.0,-3.0066,12.209,0.05438,0.0,0.0,1.4955,0.0,0.0,128.0,551.0
1180478.0,0.0,-2.7458,7.906,0.05438,0.0,0.0,1.4955,0.0,0.0,128.0,556.0
1180518.0,0.0,-2.4989,6.013,0.05438,0.0,0.0,1.4955,0.0,0.0,128.0,571.0
1180558.0,0.0,-2.0801,9.531,0.05438,0.0,0.0,1.4955,0.0,0.0,128.0,556.0
1180599.0,0.0,-1.7135,10.757,0.05438,0.0,0.0,1.4955,0.0,0.0,128.0,550.0
1180639.0,0.0,-1.9666,-2.881,0.05438,0.0,0.0,1.4955,0.0,0.0,128.0,557.0
1180679.0,0.0,-2.1292,-3.329,0.05438,0.0,0.0,1.4955,0.0,0.0,128.0,557.0
1180719.0,0.0,-2.2964,-4.029,0.05438,0.0,0.0,1.4955,0.0,0.0,128.0,556.0
1180760.0,0.0,-2.663,-7.933,0.05438,0.0,0.0,1.4955,0.0,0.0,128.0,556.0
1180800.0,0.0,-2.9913,-8.12,0.05438,0.0,0.0,1.4955,0.0,0.0,128.0,557.0
1180840.0,0.0,2.8962,-9.485,0.05438,0.0,0.0,1.4955,0.0,0.0,128.0,556.0
1180880.0,0.0,2.6124,-7.809,0.05438,0.0,0.0,1.4955,0.0,0.0,128.0,556.0
1180921.0,0.0,2.3945,-6.192,0.05438,0.0,0.0,1.4955,0.0,0.0,128.0,550.0
1180961.0,0.0,2.3071,-2.363,0.05438,0.0,0.0,1.4955,0.0,0.0,128.0,557.0
1181001.0,0.0,2.2764,-1.125,0.05438,0.0,0.0,1.4955,0.0,0.0,128.0,571.0
1181041.0,0.0,2.347,1.076,0.05438,0.0,0.0,1.4955,0.0,0.0,128.0,550.0
1181082.0,0.0,2.505,3.388,0.05438,0.0,0.0,1.4955,0.0,0.0,128.0,550.0
1181122.0,0.0,2.6507,3.921,0.05438,0.0,0.0,1.4955,0.0,0.0,128.0,556.0
1181162.0,0.0,3.0588,8.512,0.05438,0.0,0.0,1.4955,0.0,0.0,128.0,571.0
1181202.0,0.0,-2.9452,7.19,0.05438,0.0,0.0,1.4955,0.0,0.0,128.0,556.0
1181243.0,0.0,-2.6875,6.372,0.05438,0.0,0.0,1.4955,0.0,0.0,128.0,557.0
1181283.0,0.0,-2.255,10.003,0.05438,0.0,0.0,1.4955,0.0,0.0,128.0,563.0
1181323.0,0.0,-2.0571,7.408,0.05438,0.0,0.0,1.4955,0.0,0.0,128.0,556.0
1181364.0,0.0,-2.1184,-0.0,0.05438,0.0,0.0,1.4955,0.0,0.0,128.0,557.0
1181404.0,0.0,-2.235,-1.758,0.05438,0.0,0.0,1.4955,0.0,0.0,128.0,556.0
1181444.0,0.0,-2.3577,-2.729,0.05438,0.0,0.0,1.4955,0.0,0.0,128.0,556.0
1181485.0,0.0,-2.6737,-6.767,0.05438,0.0,0.0,1.4955,0.0,0.0,128.0,556.0
1181525.0,0.0,-2.959,-7.377,0.05438,0.0,0.0,1.4955,0.0,0.0,128.0,557.0
1181565.0,0.0,3.002,-8.028,0.0,0.0,0.0,1.4955,0.0,0.0,128.0,557.0
1181605.0,0.0,2.6599,-8.422,0.0,0.0,0.0,1.4955,0.0,0.0,128.0,550.0
1181645.0,0.0,2.4682,-5.376,0.0,0.0,0.0,1.4955,0.0,0.0,128.0,556.0
1181686.0,0.0,2.3547,-3.766,0.0,0.0,0.0,1.4955,0.0,0.0,128.0,551.0
1181726.0,0.0,2.3715,-0.784,0.0,0.0,0.0,1.4955,0.0,0.0,128.0,556.0
1181766.0,0.0,2.4375,1.133,0.0,0.0,0.0,1.4955,0.0,0.0,128.0,552.0
1181806.0,0.0,2.5679,2.796,0.0,0.0,0.0,1.4955,0.0,0.0,128.0,551.0
1181847.0,0.0,2.7412,4.185,0.0,0.0,0.0,1.4955,0.0,0.0,128.0,550.0
1181887.0,0.0,3.0051,6.045,0.0,0.0,0.0,1.4955,0.0,0.0,128.0,557.0
1181927.0,0.0,-2.9544,8.05,0.0,0.0,0.0,1.4955,0.0,0.0,128.0,550.0
1181967.0,0.0,-2.5878,9.31,0.0,0.0,0.0,1.4955,0.0,0.0,128.0,556.0
1182007.0,0.0,-2.4651,3.545,0.0,0.0,0.0,1.4955,0.0,0.0,128.0,557.0
1182048.0,0.0,-2.0847,7.751,0.0,0.0,0.0,1.4955,0.0,0.0,128.0,556.0
1182088.0,0.0,-2.3347,-3.983,0.0,0.0,0.0,1.4955,0.0,0.0,128.0,557.0
1182128.0,0.0,-2.3823,-2.746,0.0,0.0,0.0,1.4955,0.0,0.0,128.0,556.0
1182168.0,0.0,-2.4804,-2.587,0.0,0.0,0.0,1.4955,0.0,0.0,128.0,550.0
1182209.0,0.0,-2.7412,-5.596,0.0,0.0,0.0,1.4955,0.0,0.0,128.0,551.0
1182249.0,0.0,-2.9621,-5.755,0.0,0.0,0.0,1.4955,0.0,0.0,128.0,557.0
1182289.0,0.0,3.0097,-7.301,0.0,0.0,0.0,1.4955,0.0,0.0,128.0,552.0
1182329.0,0.0,2.7243,-6.821,0.0,0.0,0.0,1.4955,0.0,0.0,128.0,558.0
1182370.0,0.0,2.6599,-2.585,0.0,0.0,0.0,1.4955,0.0,0.0,128.0,558.0
1182410.0,0.0,2.4436,-4.069,0.0,0.0,0.0,1.4955,0.0,0.0,128.0,557.0
1182450.0,0.0,2.4436,-0.3,0.0,0.0,0.0,1.4955,0.0,0.0,128.0,558.0
1182490.0,0.0,2.5357,2.052,0.0,0.0,0.0,1.4955,0.0,0.0,128.0,551.0
1182530.0,0.0,2.6599,2.823,0.0,0.0,0.0,1.4955,0.0,0.0,128.0,550.0
1182571.0,0.0,2.8057,3.629,0.0,0.0,0.0,1.4955,0.0,0.0,128.0,551.0
1182611.0,0.0,3.0311,5.084,0.0,0.0,0.0,1.4955,0.0,0.0,128.0,556.0
1182651.0,0.0,-2.9759,6.997,0.0,0.0,0.0,1.4955,0.0,0.0,128.0,557.0
1182691.0,0.0,-2.6783,7.483,0.0,0.0,0.0,1.4955,0.0,0.0,128.0,557.0
1182731.0,0.0,-2.5234,4.086,0.0,0.0,0.0,1.4955,0.0,0.0,128.0,564.0
1182772.0,0.0,-2.2059,6.734,0.0,0.0,0.0,1.4955,0.0,0.0,128.0,564.0
1182812.0,0.0,-2.4436,-3.604,0.0,0.0,0.0,1.4955,0.0,0.0,128.0,570.0
1182852.0,0.0,-2.5173,-2.768,0.0,0.0,0.0,1.4955,0.0,0.0,128.0,550.0
1182893.0,0.0,-2.6001,-2.35,0.0,0.0,0.0,1.4955,0.0,0.0,128.0,556.0
1182933.0,0.0,-2.7826,-4.016,0.0,0.0,0.0,1.4955,0.0,0.0,128.0,556.0
1182973.0,0.0,-3.0066,-5.343,0.0,0.0,0.0,1.4955,0.0,0.0,128.0,552.0
1183013.0,0.0,3.0173,-6.253,0.0,0.0,0.0,1.4955,0.0,0.0,128.0,550.0
1183053.0,0.0,2.755,-6.635,0.0,0.0,0.0,1.4955,0.0,0.0,128.0,564.0
1183094.0,0.0,2.6108,-4.161,0.0,0.0,0.0,1.4955,0.0,0.0,128.0,564.0
1183134.0,0.0,2.5602,-1.778,0.0,0.0,0.0,1.4955,0.0,0.0,128.0,569.0
1183174.0,0.0,2.528,-0.706,0.0,0.0,0.0,1.4955,0.0,0.0,128.0,556.0
1183214.0,0.0,2.6415,1.829,0.0,0.0,0.0,1.4955,0.0,0.0,128.0,556.0
1183255.0,0.0,2.7658,2.924,0.0,0.0,0.0,1.4955,0.0,0.0,128.0,549.0
1183295.0,0.0,2.887,3.041,0.0,0.0,0.0,1.4955,0.0,0.0,128.0,556.0
1183335.0,0.0,3.0373,3.379,0.0,0.0,0.0,1.4955,0.0,0.0,128.0,556.0
1183375.0,0.0,-2.9314,6.679,0.0,0.0,0.0,1.4955,0.0,0.0,128.0,557.0
1183415.0,0.0,-2.7213,5.761,0.0,0.0,0.0,1.4955,0.0,0.0,128.0,557.0
1183456.0,0.0,-2.5157,5.467,0.0,0.0,0.0,1.4955,0.0,0.0,128.0,557.0
1183496.0,0.0,-2.4298,3.072,0.0,0.0,0.0,1.4955,0.0,0.0,128.0,552.0
1183536.0,0.0,-2.4927,-0.217,0.0,0.0,0.0,1.4955,0.0,0.0,128.0,564.0
1183577.0,0.0,-2.6461,-2.818,0.0,0.0,0.0,1.4955,0.0,0.0,128.0,557.0
1183617.0,0.0,-2.7765,-3.111,0.0,0.0,0.0,1.4955,0.0,0.0,128.0,563.0
1183657.0,0.0,-2.887,-2.894,0.0,0.0,0.0,1.4955,0.0,0.0,128.0,556.0
1183697.0,0.0,-3.1217,-5.021,0.0,0.0,0.0,1.4955,0.0,0.0,128.0,549.0
1183737.0,0.0,2.9683,-5.134,0.0,0.0,0.0,1.4955,0.0,0.0,128.0,557.0
1183778.0,0.0,2.7688,-5.124,0.0,0.0,0.0,1.4955,0.0,0.0,128.0,557.0
1183818.0,0.0,2.5909,-4.683,0.0,0.0,0.0,1.4955,0.0,0.0,128.0,557.0
1183858.0,0.0,2.6599,0.468,0.0,0.0,0.0,1.4955,0.0,0.0,128.0,557.0
1183898.0,0.0,2.663,0.691,0.0,0.0,0.0,1.4955,0.0,0.0,128.0,550.0
1183938.0,0.0,2.7673,2.207,0.0,0.0,0.0,1.4955,0.0,0.0,128.0,557.0
1183979.0,0.0,2.89,2.875,0.0,0.0,0.0,1.4955,0.0,0.0,128.0,556.0
1184019.0,0.0,2.9775,2.395,0.0,0.0,0.0,1.4955,0.0,0.0,128.0,557.0
1184059.0,0.0,-3.1186,4.027,0.0,0.0,0.0,1.4955,0.0,0.0,128.0,563.0
1184100.0,0.0,-2.8731,5.937,0.0,0.0,0.0,1.4955,0.0,0.0,128.0,557.0
1184140.0,0.0,-2.7581,3.649,0.0,0.0,0.0,1.4955,0.0,0.0,128.0,557.0
1184180.0,0.0,-2.4298,7.027,0.0,0.0,0.0,1.4955,0.0,0.0,128.0,556.0
1184221.0,0.0,-2.5541,-0.691,0.0,0.0,0.0,1.4955,0.0,0.0,128.0,557.0
1184261.0,0.0,-2.6446,-2.374,0.0,0.0,0.0,1.4955,0.0,0.0,128.0,557.0
1184301.0,0.0,-2.7842,-3.386,0.0,0.0,0.0,1.4955,0.0,0.0,128.0,556.0
1184341.0,0.0,-2.9161,-3.358,0.0,0.0,0.0,1.4955,0.0,0.0,128.0,550.0
1184381.0,0.0,-2.9913,-2.222,0.0,0.0,0.0,1.4955,0.0,0.0,128.0,556.0
1184422.0,0.0,3.0572,-5.091,0.0,0.0,0.0,1.4955,0.0,0.0,128.0,556.0
1184462.0,0.0,2.9238,-3.939,0.0,0.0,0.0,1.4955,0.0,0.0,128.0,557.0
1184502.0,0.0,2.7719,-3.662,0.0,0.0,0.0,1.4955,0.0,0.0,128.0,550.0
1184543.0,0.0,2.6599,-3.161,0.0,0.0,0.0,1.4955,0.0,0.0,128.0,543.0
1184583.0,0.0,2.6216,-1.858,0.0,0.0,0.0,1.4955,0.0,0.0,128.0,556.0
1184623.0,0.0,2.7796,2.608,0.0,0.0,0.0,1.4955,0.0,0.0,128.0,557.0
1184663.0,0.0,2.9084,3.251,0.0,0.0,0.0,1.4955,0.0,0.0,128.0,571.0
1184703.0,0.0,3.0281,3.059,0.0,0.0,0.0,1.4955,0.0,0.0,128.0,557.0
1184744.0,0.0,3.0066,-0.016,0.0,0.0,0.0,1.4955,0.0,0.0,128.0,550.0
1184784.0,0.0,-2.9606,5.928,0.0,0.0,0.0,1.4955,0.0,0.0,128.0,557.0
1184824.0,0.0,-2.7918,4.249,0.0,0.0,0.0,1.4955,0.0,0.0,128.0,558.0
1184864.0,0.0,-2.7765,1.765,0.0,0.0,0.0,1.4955,0.0,0.0,128.0,550.0
1184904.0,0.0,-2.5142,5.079,0.0,0.0,0.0,1.4955,0.0,0.0,128.0,564.0
1184945.0,0.0,-2.571,0.626,0.0,0.0,0.0,1.4955,0.0,0.0,128.0,564.0
1184985.0,0.0,-2.7842,-4.115,0.0,0.0,0.0,1.4955,0.0,0.0,128.0,551.0
1185025.0,0.0,-2.9146,-3.442,0.0,0.0,0.0,1.4955,0.0,0.0,128.0,543.0
1185065.0,0.0,-3.0357,-3.176,0.0,0.0,0.0,1.4955,0.0,0.0,128.0,556.0
1185106.0,0.0,-3.0649,-1.108,0.0,0.0,0.0,1.4955,0.0,0.0,128.0,556.0
1185146.0,0.0,2.9821,-4.63,0.0,0.0,0.0,1.4955,0.0,0.0,128.0,557.0
1185186.0,0.0,2.8793,-2.571,0.0,0.0,0.0,1.4955,0.0,0.0,128.0,556.0
1185226.0,0.0,2.8394,-1.299,0.0,0.0,0.0,1.4955,0.0,0.0,128.0,550.0
1185266.0,0.0,2.755,-2.012,0.0,0.0,0.0,1.4955,0.0,0.0,128.0,557.0
1185306.0,0.0,2.7336,-1.423,0.0,0.0,0.0,1.4955,0.0,0.0,128.0,557.0
1185347.0,0.0,2.9115,3.068,0.0,0.0,0.0,1.4955,0.0,0.0,128.0,557.0
1185387.0,0.0,3.0327,3.061,0.0,0.0,0.0,1.4955,0.0,0.0,128.0,557.0
1185427.0,0.0,3.0986,1.958,0.0,0.0,0.0,1.4955,0.0,0.0,128.0,549.0
1185467.0,0.0,-3.0802,2.226,0.0,0.0,0.0,1.4955,0.0,0.0,128.0,555.0
1185508.0,0.0,-2.9069,4.47,0.0,0.0,0.0,1.4955,0.0,0.0,128.0,551.0
1185548.0,0.0,-2.6967,5.309,0.0,0.0,0.0,1.4955,0.0,0.0,128.0,557.0
1185588.0,0.0,-2.9038,-2.515,0.0,0.0,0.0,1.4955,0.0,0.0,128.0,551.0
1185628.0,0.0,-2.7013,3.159,0.0,0.0,0.0,1.4955,0.0,0.0,128.0,557.0
1185668.0,0.0,-2.7673,0.06,0.0,0.0,0.0,1.4955,0.0,0.0,128.0,557.0
1185709.0,0.0,-2.9299,-2.949,0.0,0.0,0.0,1.4955,0.0,0.0,128.0,556.0
1185749.0,0.0,-3.0281,-2.711,0.0,0.0,0.0,1.4955,0.0,0.0,128.0,557.0
1185789.0,0.0,-3.0956,-1.992,0.0,0.0,0.0,1.4955,0.0,0.0,128.0,551.0
1185830.0,0.0,3.1063,-1.658,0.0,0.0,0.0,1.4955,0.0,0.0,128.0,556.0
1185870.0,0.0,2.9422,-3.731,0.0,0.0,0.0,1.4955,0.0,0.0,128.0,557.0
1185910.0,0.0,2.8271,-3.259,0.0,0.0,0.0,1.4955,0.0,0.0,128.0,557.0
1185950.0,0.0,2.8639,0.415,0.0,0.0,0.0,1.4955,0.0,0.0,128.0,556.0
1185990.0,0.0,2.7428,-2.308,0.0,0.0,0.0,1.4955,0.0,0.0,128.0,549.0
1186030.0,0.0,2.9268,3.319,0.0,0.0,0.0,1.4955,0.0,0.0,128.0,556.0
1186071.0,0.0,3.0511,3.408,0.0,0.0,0.0,1.4955,0.0,0.0,128.0,556.0
1186111.0,0.0,3.1278,2.278,0.0,0.0,0.0,1.4955,0.0,0.0,128.0,556.0
1186151.0,0.0,3.0879,-0.644,0.0,0.0,0.0,1.4955,0.0,0.0,128.0,558.0
1186191.0,0.0,-2.9498,4.464,0.0,0.0,0.0,1.4955,0.0,0.0,128.0,557.0
1186231.0,0.0,-2.8885,1.949,0.0,0.0,0.0,1.4955,0.0,0.0,128.0,550.0
1186271.0,0.0,-2.8333,1.591,0.0,0.0,0.0,1.4955,0.0,0.0,128.0,558.0
1186311.0,0.0,-2.801,0.687,0.0,0.0,0.0,1.4955,0.0,0.0,128.0,564.0
1186352.0,0.0,-2.7596,1.646,0.0,0.0,0.0,1.4955,0.0,0.0,128.0,564.0
1186392.0,0.0,-2.959,-3.742,0.0,0.0,0.0,1.4955,0.0,0.0,128.0,557.0
1186432.0,0.0,-3.0634,-2.707,0.0,0.0,0.0,1.4955,0.0,0.0,128.0,549.0
1186472.0,0.0,-3.1109,-1.515,0.0,0.0,0.0,1.4955,0.0,0.0,128.0,556.0
1186513.0,0.0,-3.1385,-0.711,0.0,0.0,0.0,1.4955,0.0,0.0,128.0,556.0
1186553.0,0.0,3.0051,-2.952,0.0,0.0,0.0,1.4955,0.0,0.0,128.0,557.0
1186593.0,0.0,2.9284,-2.014,0.0,0.0,0.0,1.4955,0.0,0.0,128.0,551.0
1186634.0,0.0,2.8946,-1.04,0.0,0.0,0.0,1.4955,0.0,0.0,128.0,556.0
1186674.0,0.0,2.8624,-0.646,0.0,0.0,0.0,1.4955,0.0,0.0,128.0,557.0
1186714.0,0.0,2.9544,1.604,0.0,0.0,0.0,1.4955,0.0,0.0,128.0,550.0
1186755.0,0.0,3.0894,3.091,0.0,0.0,0.0,1.4955,0.0,0.0,128.0,550.0
1186795.0,0.0,-3.1309,1.863,0.0,0.0,0.0,1.4955,0.0,0.0,128.0,557.0
1186835.0,0.0,3.0695,-1.345,0.0,0.0,0.0,1.4955,0.0,0.0,128.0,557.0
1186876.0,0.0,-2.9989,3.566,0.0,0.0,0.0,1.4955,0.0,0.0,128.0,556.0
1186916.0,0.0,-2.9606,1.717,0.0,0.0,0.0,1.4955,0.0,0.0,128.0,557.0
1186956.0,0.0,-2.8716,1.968,0.0,0.0,0.0,1.4955,0.0,0.0,128.0,557.0
1186997.0,0.0,-2.9713,-2.198,0.0,0.0,0.0,1.4955,0.0,0.0,128.0,556.0
1187037.0,0.0,-2.8057,2.902,0.0,0.0,0.0,1.4955,0.0,0.0,128.0,552.0
1187077.0,0.0,-2.9805,-3.066,0.0,0.0,0.0,1.4955,0.0,0.0,128.0,557.0
1187117.0,0.0,-3.1002,-3.387,0.0,0.0,0.0,1.4955,0.0,0.0,128.0,550.0
1187157.0,0.0,3.1293,-1.769,0.0,0.0,0.0,1.4955,0.0,0.0,128.0,564.0
1187198.0,0.0,-3.117,0.383,0.0,0.0,0.0,1.4955,0.0,0.0,128.0,558.0
1187238.0,0.0,3.0342,-2.392,0.0,0.0,0.0,1.4955,0.0,0.0,128.0,564.0
1187278.0,0.0,3.0143,-1.172,0.0,0.0,0.0,1.4955,0.0,0.0,128.0,557.0
1187318.0,0.0,2.9376,-1.744,0.0,0.0,0.0,1.4955,0.0,0.0,128.0,558.0
1187358.0,0.0,2.8946,-1.319,0.0,0.0,0.0,1.4955,0.0,0.0,128.0,576.0
1187398.0,0.0,2.9667,1.057,0.0,0.0,0.0,1.4955,0.0,0.0,128.0,556.0
1187438.0,0.0,3.1124,3.167,0.0,0.0,0.0,1.4955,0.0,0.0,128.0,556.0
1187479.0,0.0,-3.1078,2.017,0.0,0.0,0.0,1.4955,0.0,0.0,128.0,556.0
1187519.0,0.0,3.1078,-0.93,0.0,0.0,0.0,1.4955,0.0,0.0,128.0,557.0
1187559.0,0.0,-3.0373,2.41,0.0,0.0,0.0,1.4955,0.0,0.0,128.0,556.0
1187599.0,0.0,-3.0005,1.594,0.0,0.0,0.0,1.4955,0.0,0.0,128.0,556.0
1187640.0,0.0,-2.9238,1.837,0.0,0.0,0.0,1.4955,0.0,0.0,128.0,556.0
1187680.0,0.0,-3.048,-2.229,0.0,0.0,0.0,1.4955,0.0,0.0,128.0,557.0
1187720.0,0.0,-2.8501,3.2,0.0,0.0,0.0,1.4955,0.0,0.0,128.0,550.0
1187761.0,0.0,-2.9498,-1.075,0.0,0.0,0.0,1.4955,0.0,0.0,128.0,556.0
1187801.0,0.0,-3.1247,-3.923,0.0,0.0,0.0,1.4955,0.0,0.0,128.0,556.0
1187841.0,0.0,3.094,-2.08,0.0,0.0,0.0,1.4955,0.0,0.0,128.0,551.0
1187881.0,0.0,-3.137,0.576,0.0,0.0,0.0,1.4955,0.0,0.0,128.0,577.0
1187921.0,0.0,3.0618,-1.388,0.0,0.0,0.0,1.4955,0.0,0.0,128.0,551.0
1187962.0,0.0,3.0419,-0.965,0.0,0.0,0.0,1.4955,0.0,0.0,128.0,549.0
1188002.0,0.0,3.0342,-0.274,0.0,0.0,0.0,1.4955,0.0,0.0,128.0,556.0
1188042.0,0.0,3.0143,-0.374,0.0,0.0,0.0,1.4955,0.0,0.0,128.0,571.0
1188082.0,0.0,3.0204,0.023,0.0,0.0,0.0,1.4955,0.0,0.0,128.0,556.0
1188123.0,0.0,3.1155,1.967,0.0,0.0,0.0,1.4955,0.0,0.0,128.0,544.0
1188163.0,0.0,-3.0864,2.195,0.0,0.0,0.0,1.4955,0.0,0.0,128.0,556.0
1188203.0,0.0,3.1201,-1.213,0.0,0.0,0.0,1.4955,0.0,0.0,128.0,557.0
1188243.0,0.0,-3.0204,2.39,0.0,0.0,0.0,1.4955,0.0,0.0,128.0,552.0
1188284.0,0.0,-3.0603,-0.191,0.0,0.0,0.0,1.4955,0.0,0.0,128.0,557.0
1188324.0,0.0,-2.9683,1.634,0.0,0.0,0.0,1.4955,0.0,0.0,128.0,557.0
1188364.0,0.0,-2.9637,0.211,0.0,0.0,0.0,1.4955,0.0,0.0,128.0,556.0
1188405.0,0.0,-3.0281,-0.831,0.0,0.0,0.0,1.4955,0.0,0.0,128.0,556.0
1188445.0,0.0,-3.0772,-1.153,0.0,0.0,0.0,1.4955,0.0,0.0,128.0,557.0
1188485.0,0.0,-3.1201,-0.853,0.0,0.0,0.0,1.4955,0.0,0.0,128.0,556.0
1188525.0,0.0,3.1078,-1.345,0.0,0.0,0.0,1.4955,0.0,0.0,128.0,550.0
1188566.0,0.0,3.1385,0.326,0.0,0.0,0.0,1.4955,0.0,0.0,128.0,551.0
1188606.0,0.0,3.0787,-1.094,0.0,0.0,0.0,1.4955,0.0,0.0,128.0,557.0
1188646.0,0.0,3.0772,-0.257,0.0,0.0,0.0,1.4955,0.0,0.0,128.0,549.0
1188686.0,0.0,3.0526,-0.518,0.0,0.0,0.0,1.4955,0.0,0.0,128.0,556.0
1188727.0,0.0,3.0403,-0.369,0.0,0.0,0.0,1.4955,0.0,0.0,128.0,557.0
1188767.0,0.0,3.045,0.001,0.0,0.0,0.0,1.4955,0.0,0.0,128.0,557.0
1188807.0,0.0,3.1263,1.569,0.0,0.0,0.0,1.4955,0.0,0.0,128.0,550.0
1188847.0,0.0,-3.0572,2.382,0.0,0.0,0.0,1.4955,0.0,0.0,128.0,556.0
1188888.0,0.0,-3.0971,-0.069,0.0,0.0,0.0,1.4955,0.0,0.0,128.0,557.0
1188928.0,0.0,-3.0388,0.934,0.0,0.0,0.0,1.4955,0.0,0.0,128.0,557.0
1188968.0,0.0,-3.0664,-0.362,0.0,0.0,0.0,1.4955,0.0,0.0,128.0,556.0
1189008.0,0.0,-3.0572,0.147,0.0,0.0,0.0,1.4955,0.0,0.0,128.0,550.0
1189048.0,0.0,-3.0496,0.171,0.0,0.0,0.0,1.4955,0.0,0.0,128.0,556.0
1189089.0,0.0,-3.0756,-0.451,0.0,0.0,0.0,1.4955,0.0,0.0,128.0,556.0
1189129.0,0.0,-3.1355,-1.261,0.0,0.0,0.0,1.4955,0.0,0.0,128.0,556.0
1189169.0,0.0,3.0879,-1.5,0.0,0.0,0.0,1.4955,0.0,0.0,128.0,557.0
1189209.0,0.0,3.0787,-0.493,0.0,0.0,0.0,1.4955,0.0,0.0,128.0,551.0
1189250.0,0.0,3.1217,0.792,0.0,0.0,0.0,1.4955,0.0,0.0,128.0,550.0
1189290.0,0.0,-3.1309,0.782,0.0,0.0,0.0,1.4955,0.0,0.0,128.0,551.0
1189330.0,0.0,-3.0971,0.823,0.0,0.0,0.0,1.4955,0.0,0.0,128.0,557.0
1189370.0,0.0,-3.0818,0.465,0.0,0.0,0.0,1.4955,0.0,0.0,128.0,551.0
1189410.0,0.0,-3.0802,0.122,0.0,0.0,0.0,1.4955,0.0,0.0,128.0,556.0
1189451.0,0.0,-3.1032,-0.417,0.0,0.0,0.0,1.4955,0.0,0.0,128.0,557.0
1189491.0,0.0,-3.137,-0.779,0.0,0.0,0.0,1.4955,0.0,0.0,128.0,557.0
1189531.0,0.0,3.1201,-0.702,0.0,0.0,0.0,1.4955,0.0,0.0,128.0,549.0
1189571.0,0.0,3.114,-0.255,0.0,0.0,0.0,1.4955,0.0,0.0,128.0,557.0
1189612.0,0.0,3.1309,0.28,0.0,0.0,0.0,1.4955,0.0,0.0,128.0,556.0
1189652.0,0.0,-3.1247,0.629,0.0,0.0,0.0,1.4955,0.0,0.0,128.0,557.0
1189692.0,0.0,-3.1002,0.605,0.0,0.0,0.0,1.4955,0.0,0.0,128.0,557.0
1189733.0,0.0,-3.094,0.252,0.0,0.0,0.0,1.4955,0.0,0.0,128.0,550.0
1189773.0,0.0,-3.1063,-0.192,0.0,0.0,0.0,1.4955,0.0,0.0,128.0,556.0
1189813.0,0.0,-3.1309,-0.526,0.0,0.0,0.0,1.4955,0.0,0.0,128.0,556.0
1189853.0,0.0,3.1324,-0.548,0.0,0.0,0.0,1.4955,0.0,0.0,128.0,557.0
1189893.0,0.0,3.1247,-0.275,0.0,0.0,0.0,1.4955,0.0,0.0,128.0,557.0
1189933.0,0.0,3.1355,0.166,0.0,0.0,0.0,1.4955,0.0,0.0,128.0,556.0
1189973.0,0.0,-3.1293,0.432,0.0,0.0,0.0,1.4955,0.0,0.0,128.0,550.0
1190014.0,0.0,-3.1124,0.441,0.0,0.0,0.0,1.4955,0.0,0.0,128.0,556.0
1190054.0,0.0,-3.1063,0.205,0.0,0.0,0.0,1.4955,0.0,0.0,128.0,552.0
1190094.0,0.0,-3.1155,-0.146,0.0,0.0,0.0,1.4955,0.0,0.0,128.0,571.0
1190134.0,0.0,-3.1324,-0.363,0.0,0.0,0.0,1.4955,0.0,0.0,128.0,550.0
1190175.0,0.0,3.137,-0.362,0.0,0.0,0.0,1.4955,0.0,0.0,128.0,543.0
1190215.0,0.0,3.1339,-0.145,0.0,0.0,0.0,1.4955,0.0,0.0,128.0,557.0
1190255.0,0.0,-3.1416,0.132,0.0,0.0,0.0,1.4955,0.0,0.0,128.0,558.0
1190295.0,0.0,-3.1278,0.305,0.0,0.0,0.0,1.4955,0.0,0.0,128.0,551.0
1190335.0,0.0,-3.117,0.271,0.0,0.0,0.0,1.4955,0.0,0.0,128.0,557.0
1190376.0,0.0,-3.117,0.068,0.0,0.0,0.0,1.4955,0.0,0.0,128.0,564.0
1190416.0,0.0,-3.1247,-0.151,0.0,0.0,0.0,1.4955,0.0,0.0,128.0,569.0
1190456.0,0.0,-3.1355,-0.246,0.0,0.0,0.0,1.4955,0.0,0.0,128.0,556.0
1190496.0,0.0,-3.1416,-0.175,0.0,0.0,0.0,1.4955,0.0,0.0,128.0,555.0
1190537.0,0.0,-3.1401,-0.003,0.0,0.0,0.0,1.4955,0.0,0.0,128.0,557.0
1190577.0,0.0,-3.1324,0.15,0.0,0.0,0.0,1.4955,0.0,0.0,128.0,552.0
1190617.0,0.0,-3.1263,0.18,0.0,0.0,0.0,1.4955,0.0,0.0,128.0,557.0
1190657.0,0.0,-3.1232,0.091,0.0,0.0,0.0,1.4955,0.0,0.0,128.0,550.0
1190697.0,0.0,-3.1278,-0.059,0.0,0.0,0.0,1.4955,0.0,0.0,128.0,565.0
1190738.0,0.0,-3.1339,-0.138,0.0,0.0,0.0,1.4955,0.0,0.0,128.0,564.0
1190778.0,0.0,-3.137,-0.11,0.0,0.0,0.0,1.4955,0.0,0.0,128.0,557.0
1190818.0,0.0,-3.137,-0.013,0.0,0.0,0.0,1.4955,0.0,0.0,128.0,564.0
1190858.0,0.0,-3.1324,0.077,0.0,0.0,0.0,1.4955,0.0,0.0,128.0,563.0
1190898.0,0.0,-3.1278,0.115,0.0,0.0,0.0,1.4955,0.0,0.0,128.0,544.0
1190938.0,0.0,-3.1278,0.056,0.0,0.0,0.0,1.4955,0.0,0.0,128.0,556.0
1190979.0,0.0,-3.1293,-0.025,0.0,0.0,0.0,1.4955,0.0,0.0,128.0,556.0
1191019.0,0.0,-3.1339,-0.093,0.0,0.0,0.0,1.4955,0.0,0.0,128.0,556.0
1191059.0,0.0,-3.1355,-0.068,0.0,0.0,0.0,1.4955,0.0,0.0,128.0,556.0
1191099.0,0.0,-3.1339,-0.002,0.0,0.0,0.0,1.4955,0.0,0.0,128.0,551.0
1191139.0,0.0,-3.1309,0.069,0.0,0.0,0.0,1.4955,0.0,0.0,128.0,550.0
1191180.0,0.0,-3.1293,0.066,0.0,0.0,0.0,1.4955,0.0,0.0,128.0,557.0
1191220.0,0.0,-3.1293,0.008,0.0,0.0,0.0,1.4955,0.0,0.0,128.0,564.0
1191260.0,0.0,-3.1309,-0.043,0.0,0.0,0.0,1.4955,0.0,0.0,128.0,543.0
1191300.0,0.0,-3.1339,-0.059,0.0,0.0,0.0,1.4955,0.0,0.0,128.0,576.0
1191340.0,0.0,-3.1339,-0.021,0.0,0.0,0.0,1.4955,0.0,0.0,128.0,557.0
1191381.0,0.0,-3.1324,0.023,0.0,0.0,0.0,1.4955,0.0,0.0,128.0,556.0
1191421.0,0.0,-3.1309,0.048,0.0,0.0,0.0,1.4955,0.0,0.0,128.0,564.0
1191461.0,0.0,-3.1293,0.039,0.0,0.0,0.0,1.4955,0.0,0.0,128.0,557.0
1191502.0,0.0,-3.1293,-0.009,0.0,0.0,0.0,1.4955,0.0,0.0,128.0,556.0
1191542.0,0.0,-3.1324,-0.044,0.0,0.0,0.0,1.4955,0.0,0.0,128.0,550.0
1191582.0,0.0,-3.1339,-0.04,0.0,0.0,0.0,1.4955,0.0,0.0,128.0,543.0
1191622.0,0.0,-3.1324,0.008,0.0,0.0,0.0,1.4955,0.0,0.0,128.0,556.0
1191663.0,0.0,-3.1309,0.025,0.0,0.0,0.0,1.4955,0.0,0.0,128.0,557.0
1191703.0,0.0,-3.1309,0.019,0.0,0.0,0.0,1.4955,0.0,0.0,128.0,571.0
1191743.0,0.0,-3.1309,0.003,0.0,0.0,0.0,1.4955,0.0,0.0,128.0,557.0
1191784.0,0.0,-3.1324,-0.017,0.0,0.0,0.0,1.4955,0.0,0.0,128.0,556.0
1191824.0,0.0,-3.1324,-0.015,0.0,0.0,0.0,1.4955,0.0,0.0,128.0,550.0
1191864.0,0.0,-3.1324,0.001,0.0,0.0,0.0,1.4955,0.0,0.0,128.0,551.0
1191905.0,0.0,-3.1309,0.013,0.0,0.0,0.0,1.4955,0.0,0.0,128.0,550.0
1191945.0,0.0,-3.1309,0.023,0.0,0.0,0.0,1.4955,0.0,0.0,128.0,550.0
1191985.0,0.0,-3.1309,0.003,0.0,0.0,0.0,1.4955,0.0,0.0,128.0,570.0
1192025.0,0.0,-3.1324,-0.019,0.0,0.0,0.0,1.4955,0.0,0.0,128.0,556.0
1192065.0,0.0,-3.1324,-0.014,0.0,0.0,0.0,1.4955,0.0,0.0,128.0,549.0
1192106.0,0.0,-3.1324,-0.004,0.0,0.0,0.0,1.4955,0.0,0.0,128.0,549.0
1192146.0,0.0,-3.1309,0.007,0.0,0.0,0.0,1.4955,0.0,0.0,128.0,556.0
1192186.0,0.0,-3.1309,0.019,0.0,0.0,0.0,1.4955,0.0,0.0,128.0,551.0
1192226.0,0.0,-3.1309,0.002,0.0,0.0,0.0,1.4955,0.0,0.0,128.0,550.0
1192266.0,0.0,-3.1309,-0.014,0.0,0.0,0.0,1.4955,0.0,0.0,128.0,557.0
1192307.0,0.0,-3.1324,-0.013,0.0,0.0,0.0,1.4955,0.0,0.0,128.0,550.0
1192347.0,0.0,-3.1324,-0.002,0.0,0.0,0.0,1.4955,0.0,0.0,128.0,557.0
1192387.0,0.0,-3.1309,0.012,0.0,0.0,0.0,1.4955,0.0,0.0,128.0,564.0
1192427.0,0.0,-3.1309,0.015,0.0,0.0,0.0,1.4955,0.0,0.0,128.0,556.0
1192467.0,0.0,-3.1309,0.001,0.0,0.0,0.0,1.4955,0.0,0.0,128.0,557.0
1192508.0,0.0,-3.1324,-0.013,0.0,0.0,0.0,1.4955,0.0,0.0,128.0,556.0
1192548.0,0.0,-3.1324,-0.015,0.0,0.0,0.0,1.4955,0.0,0.0,128.0,564.0
1192588.0,0.0,-3.1324,-0.003,0.0,0.0,0.0,1.4955,0.0,0.0,128.0,549.0
1192680.0,0.0,-3.1324,0.008,0.0,0.0,0.0,1.4955,0.0,0.0,128.0,646.0
1192721.0,0.0,-3.1309,-0.006,0.0,0.0,0.0,1.4955,0.0,0.0,128.0,557.0
1192761.0,0.0,-3.1324,-0.02,0.0,0.0,0.0,1.4955,0.0,0.0,128.0,544.0
1192801.0,0.0,-3.1324,-0.005,0.0,0.0,0.0,1.4955,0.0,0.0,128.0,557.0
1192842.0,0.0,-3.1324,-0.003,0.0,0.0,0.0,1.4955,0.0,0.0,128.0,557.0
1192882.0,0.0,-3.1309,0.008,0.0,0.0,0.0,1.4955,0.0,0.0,128.0,557.0
1192922.0,0.0,-3.1324,0.005,0.0,0.0,0.0,1.4955,0.0,0.0,128.0,570.0
1192962.0,0.0,-3.1324,-0.014,0.0,0.0,0.0,1.4955,0.0,0.0,128.0,556.0
1193002.0,0.0,-3.1309,-0.008,0.0,0.0,0.0,1.4955,0.0,0.0,128.0,549.0
1193043.0,0.0,-3.1324,0.0,0.0,0.0,0.0,1.4955,0.0,0.0,128.0,550.0
1193083.0,0.0,-3.1324,0.001,0.0,0.0,0.0,1.4955,0.0,0.0,128.0,557.0
1193123.0,0.0,-3.1324,0.002,0.0,0.0,0.0,1.4955,0.0,0.0,128.0,557.0
1193163.0,0.0,-3.1309,0.007,0.0,0.0,0.0,1.4955,0.0,0.0,128.0,550.0
1193203.0,0.0,-3.1309,-0.0,0.0,0.0,0.0,1.4955,0.0,0.0,128.0,557.0
1193244.0,0.0,-3.1324,-0.008,0.0,0.0,0.0,1.4955,0.0,0.0,128.0,556.0
1193284.0,0.0,-3.1324,-0.003,0.0,0.0,0.0,1.4955,0.0,0.0,128.0,550.0
1193324.0,0.0,-3.1324,0.004,0.0,0.0,0.0,1.4955,0.0,0.0,128.0,550.0
1193365.0,0.0,-3.1309,0.023,0.0,0.0,0.0,1.4955,0.0,0.0,128.0,550.0
1193405.0,0.0,-3.1309,-0.003,0.0,0.0,0.0,1.4955,0.0,0.0,128.0,556.0
1193445.0,0.0,-3.1309,0.003,0.0,0.0,0.0,1.4955,0.0,0.0,128.0,557.0
1193485.0,0.0,-3.1324,-0.006,0.0,0.0,0.0,1.4955,0.0,0.0,128.0,542.0
1193525.0,0.0,-3.1309,0.002,0.0,0.0,0.0,1.4955,0.0,0.0,128.0,556.0
1193566.0,0.0,-3.1324,0.002,0.0,0.0,0.0,1.4955,0.0,0.0,128.0,558.0
1193606.0,0.0,-3.1324,0.011,0.0,0.0,0.0,1.4955,0.0,0.0,128.0,557.0
1193646.0,0.0,-3.1309,0.009,0.0,0.0,0.0,1.4955,0.0,0.0,128.0,556.0
1193687.0,0.0,-3.1324,-0.007,0.0,0.0,0.0,1.4955,0.0,0.0,128.0,556.0
1193727.0,0.0,-3.1324,0.013,0.0,0.0,0.0,1.4955,0.0,0.0,128.0,556.0
1193767.0,0.0,-3.1309,0.005,0.0,0.0,0.0,1.4955,0.0,0.0,128.0,557.0
1193807.0,0.0,-3.1324,0.003,0.0,0.0,0.0,1.4955,0.0,0.0,128.0,556.0
1193847.0,0.0,-3.1324,-0.005,0.0,0.0,0.0,1.4955,0.0,0.0,128.0,557.0
1193888.0,0.0,-3.1324,0.003,0.0,0.0,0.0,1.4955,0.0,0.0,128.0,550.0
1193928.0,0.0,-3.1309,0.004,0.0,0.0,0.0,1.4955,0.0,0.0,128.0,556.0
1193968.0,0.0,-3.1324,-0.004,0.0,0.0,0.0,1.4955,0.0,0.0,128.0,557.0
1194008.0,0.0,-3.1324,-0.008,0.0,0.0,0.0,1.4955,0.0,0.0,128.0,549.0
1194048.0,0.0,-3.1309,0.011,0.0,0.0,0.0,1.4955,0.0,0.0,128.0,556.0
1194089.0,0.0,-3.1324,0.002,0.0,0.0,0.0,1.4955,0.0,0.0,128.0,557.0
1194129.0,0.0,-3.1309,-0.001,0.0,0.0,0.0,1.4955,0.0,0.0,128.0,557.0
1194169.0,0.0,-3.1324,-0.001,0.0,0.0,0.0,1.4955,0.0,0.0,128.0,556.0
1194210.0,0.0,-3.1324,-0.007,0.0,0.0,0.0,1.4955,0.0,0.0,128.0,549.0
1194250.0,0.0,-3.1324,-0.001,0.0,0.0,0.0,1.4955,0.0,0.0,128.0,550.0
1194290.0,0.0,-3.1324,0.009,0.0,0.0,0.0,1.4955,0.0,0.0,128.0,556.0
1194330.0,0.0,-3.1324,0.007,0.0,0.0,0.0,1.4955,0.0,0.0,128.0,557.0
1194370.0,0.0,-3.1309,0.003,0.0,0.0,0.0,1.4955,0.0,0.0,128.0,549.0
1194411.0,0.0,-3.1324,-0.004,0.0,0.0,0.0,1.4955,0.0,0.0,128.0,550.0
1194451.0,0.0,-3.1324,0.0,0.0,0.0,0.0,1.4955,0.0,0.0,128.0,557.0
1194491.0,0.0,-3.1309,0.001,0.0,0.0,0.0,1.4955,0.0,0.0,128.0,557.0
1194531.0,0.0,-3.1324,-0.008,0.0,0.0,0.0,1.4955,0.0,0.0,128.0,556.0
1194571.0,0.0,-3.1309,0.01,0.0,0.0,0.0,1.4955,0.0,0.0,128.0,550.0
1194611.0,0.0,-3.1309,-0.003,0.0,0.0,0.0,1.4955,0.0,0.0,128.0,556.0
1194652.0,0.0,-3.1309,0.007,0.0,0.0,0.0,1.4955,0.0,0.0,128.0,556.0
1194692.0,0.0,-3.1309,-0.001,0.0,0.0,0.0,1.4955,0.0,0.0,128.0,559.0
1194732.0,0.0,-3.1309,0.011,0.0,0.0,0.0,1.4955,0.0,0.0,128.0,551.0
1194772.0,0.0,-3.1324,-0.005,0.0,0.0,0.0,1.4955,0.0,0.0,128.0,564.0
1194813.0,0.0,-3.1324,0.005,0.0,0.0,0.0,1.4955,0.0,0.0,128.0,564.0
1194853.0,0.0,-3.1324,-0.0,0.0,0.0,0.0,1.4955,0.0,0.0,128.0,550.0
1194893.0,0.0,-3.1324,-0.003,0.0,0.0,0.0,1.4955,0.0,0.0,128.0,550.0
1194934.0,0.0,-3.1309,0.002,0.0,0.0,0.0,1.4955,0.0,0.0,128.0,557.0
1194974.0,0.0,-3.1309,-0.003,0.0,0.0,0.0,1.4955,0.0,0.0,128.0,557.0
1195014.0,0.0,-3.1324,-0.003,0.0,0.0,0.0,1.4955,0.0,0.0,128.0,557.0
1195055.0,0.0,-3.1324,-0.002,0.0,0.0,0.0,1.4955,0.0,0.0,128.0,556.0
1195095.0,0.0,-3.1324,0.005,0.0,0.0,0.0,1.4955,0.0,0.0,128.0,556.0
1195135.0,0.0,-3.1324,0.003,0.0,0.0,0.0,1.4955,0.0,0.0,128.0,557.0
1195175.0,0.0,-3.1309,0.002,0.0,0.0,0.0,1.4955,0.0,0.0,128.0,556.0
1195216.0,0.0,-3.1324,-0.001,0.0,0.0,0.0,1.4955,0.0,0.0,128.0,549.0
1195256.0,0.0,-3.1324,-0.007,0.0,0.0,0.0,1.4955,0.0,0.0,128.0,543.0
1195296.0,0.0,-3.1324,-0.001,0.0,0.0,0.0,1.4955,0.0,0.0,128.0,557.0
1195336.0,0.0,-3.1324,-0.004,0.0,0.0,0.0,1.4955,0.0,0.0,128.0,564.0
1195376.0,0.0,-3.1309,0.003,0.0,0.0,0.0,1.4955,0.0,0.0,128.0,556.0
1195417.0,0.0,-3.1309,0.001,0.0,0.0,0.0,1.4955,0.0,0.0,128.0,550.0
1195457.0,0.0,-3.1324,0.003,0.0,0.0,0.0,1.4955,0.0,0.0,128.0,556.0
1195497.0,0.0,-3.1309,0.002,0.0,0.0,0.0,1.4955,0.0,0.0,128.0,556.0
1195537.0,0.0,-3.1309,-0.0,0.0,0.0,0.0,1.4955,0.0,0.0,128.0,557.0
1195577.0,0.0,-3.1309,-0.005,0.0,0.0,0.0,1.4955,0.0,0.0,128.0,556.0
1195617.0,0.0,-3.1324,0.005,0.0,0.0,0.0,1.4955,0.0,0.0,128.0,556.0
1195658.0,0.0,-3.1324,-0.004,0.0,0.0,0.0,1.4955,0.0,0.0,128.0,557.0
1195698.0,0.0,-3.1324,0.001,0.0,0.0,0.0,1.4955,0.0,0.0,128.0,557.0
1195738.0,0.0,-3.1309,0.002,0.0,0.0,0.0,1.4955,0.0,0.0,128.0,556.0
1195778.0,0.0,-3.1324,-0.007,0.0,0.0,0.0,1.4955,0.0,0.0,128.0,544.0
1195818.0,0.0,-3.1324,0.0,0.0,0.0,0.0,1.4955,0.0,0.0,128.0,557.0
1195859.0,0.0,-3.1309,0.008,0.0,0.0,0.0,1.4955,0.0,0.0,128.0,557.0
1195899.0,0.0,-3.1309,0.002,0.0,0.0,0.0,1.4955,0.0,0.0,128.0,571.0
1195939.0,0.0,-3.1324,-0.0,0.0,0.0,0.0,1.4955,0.0,0.0,128.0,556.0
1195980.0,0.0,-3.1324,-0.0,0.0,0.0,0.0,1.4955,0.0,0.0,128.0,551.0
1196020.0,0.0,-3.1324,-0.006,0.0,0.0,0.0,1.4955,0.0,0.0,128.0,550.0
1196060.0,0.0,-3.1324,0.013,0.0,0.0,0.0,1.4955,0.0,0.0,128.0,558.0
1196101.0,0.0,-3.1324,-0.013,0.0,0.0,0.0,1.4955,0.0,0.0,128.0,549.0
1196141.0,0.0,-3.1309,0.013,0.0,0.0,0.0,1.4955,0.0,0.0,128.0,556.0
1196181.0,0.0,-3.1324,-0.002,0.0,0.0,0.0,1.4955,0.0,0.0,128.0,556.0
1196221.0,0.0,-3.1324,0.009,0.0,0.0,0.0,1.4955,0.0,0.0,128.0,557.0
1196261.0,0.0,-3.1309,-0.004,0.0,0.0,0.0,1.4955,0.0,0.0,128.0,556.0
1196301.0,0.0,-3.1324,0.0,0.0,0.0,0.0,1.4955,0.0,0.0,128.0,558.0
1196342.0,0.0,-3.1324,0.005,0.0,0.0,0.0,1.4955,0.0,0.0,128.0,556.0
1196382.0,0.0,-3.1324,0.002,0.0,0.0,0.0,1.4955,0.0,0.0,128.0,557.0
1196422.0,0.0,-3.1309,0.003,0.0,0.0,0.0,1.4955,0.0,0.0,128.0,544.0
1196462.0,0.0,-3.1324,-0.005,0.0,0.0,0.0,1.4955,0.0,0.0,128.0,556.0
1196503.0,0.0,-3.1324,-0.012,0.0,0.0,0.0,1.4955,0.0,0.0,128.0,550.0
1196543.0,0.0,-3.1324,0.004,0.0,0.0,0.0,1.4955,0.0,0.0,128.0,557.0
1196583.0,0.0,-3.1324,-0.002,0.0,0.0,0.0,1.4955,0.0,0.0,128.0,557.0
1196623.0,0.0,-3.1324,0.005,0.0,0.0,0.0,1.4955,0.0,0.0,128.0,543.0
1196663.0,0.0,-3.1309,0.005,0.0,0.0,0.0,1.4955,0.0,0.0,128.0,550.0
1196704.0,0.0,-3.1324,-0.005,0.0,0.0,0.0,1.4955,0.0,0.0,128.0,556.0
1196744.0,0.0,-3.1309,-0.001,0.0,0.0,0.0,1.4955,0.0,0.0,128.0,551.0
1196784.0,0.0,-3.1324,0.001,0.0,0.0,0.0,1.4955,0.0,0.0,128.0,559.0
1196825.0,0.0,-3.1309,0.013,0.0,0.0,0.0,1.4955,0.0,0.0,128.0,564.0
1196865.0,0.0,-3.1324,-0.003,0.0,0.0,0.0,1.4955,0.0,0.0,128.0,569.0
1196905.0,0.0,-3.1324,0.003,0.0,0.0,0.0,1.4955,0.0,0.0,128.0,550.0
1196945.0,0.0,-3.1324,-0.0,0.0,0.0,0.0,1.4955,0.0,0.0,128.0,556.0
1196986.0,0.0,-3.1309,0.005,0.0,0.0,0.0,1.4955,0.0,0.0,128.0,556.0
1197026.0,0.0,-3.1324,0.001,0.0,0.0,0.0,1.4955,0.0,0.0,128.0,557.0
1197066.0,0.0,-3.1324,0.015,0.0,0.0,0.0,1.4955,0.0,0.0,128.0,564.0
1197107.0,0.0,-3.1324,-0.009,0.0,0.0,0.0,1.4955,0.0,0.0,128.0,557.0
1197147.0,0.0,-3.1324,0.005,0.0,0.0,0.0,1.4955,0.0,0.0,128.0,565.0
1197187.0,0.0,-3.1324,0.001,0.0,0.0,0.0,1.4955,0.0,0.0,128.0,570.0
1197227.0,0.0,-3.1309,0.003,0.0,0.0,0.0,1.4955,0.0,0.0,128.0,556.0
1197267.0,0.0,-3.1324,0.007,0.0,0.0,0.0,1.4955,0.0,0.0,128.0,557.0
1197308.0,0.0,-3.1324,-0.006,0.0,0.0,0.0,1.4955,0.0,0.0,128.0,549.0
1197348.0,0.0,-3.1324,0.001,0.0,0.0,0.0,1.4955,0.0,0.0,128.0,557.0
1197388.0,0.0,-3.1309,0.001,0.0,0.0,0.0,1.4955,0.0,0.0,128.0,557.0
1197428.0,0.0,-3.1324,-0.01,0.0,0.0,0.0,1.4955,0.0,0.0,128.0,543.0
1197469.0,0.0,-3.1324,-0.004,0.0,0.0,0.0,1.4955,0.0,0.0,128.0,543.0
1197509.0,0.0,-3.1324,0.005,0.0,0.0,0.0,1.4955,0.0,0.0,128.0,557.0
1197549.0,0.0,-3.1324,-0.002,0.0,0.0,0.0,1.4955,0.0,0.0,128.0,556.0
1197589.0,0.0,-3.1309,-0.001,0.0,0.0,0.0,1.4955,0.0,0.0,128.0,543.0
1197629.0,0.0,-3.1324,-0.002,0.0,0.0,0.0,1.4955,0.0,0.0,128.0,550.0
1197670.0,0.0,-3.1324,-0.003,0.0,0.0,0.0,1.4955,0.0,0.0,128.0,550.0
1197710.0,0.0,-3.1309,0.009,0.0,0.0,0.0,1.4955,0.0,0.0,128.0,550.0
1197750.0,0.0,-3.1324,-0.002,0.0,0.0,0.0,1.4955,0.0,0.0,128.0,556.0
1197790.0,0.0,-3.1324,-0.005,0.0,0.0,0.0,1.4955,0.0,0.0,128.0,550.0
1197830.0,0.0,-3.1309,0.019,0.0,0.0,0.0,1.4955,0.0,0.0,128.0,550.0
1197871.0,0.0,-3.1324,-0.005,0.0,0.0,0.0,1.4955,0.0,0.0,128.0,549.0
1197911.0,0.0,-3.1324,-0.003,0.0,0.0,0.0,1.4955,0.0,0.0,128.0,549.0
1197951.0,0.0,-3.1324,0.003,0.0,0.0,0.0,1.4955,0.0,0.0,128.0,557.0
1197991.0,0.0,-3.1324,0.008,0.0,0.0,0.0,1.4955,0.0,0.0,128.0,556.0
1198031.0,0.0,-3.1324,-0.001,0.0,0.0,0.0,1.4955,0.0,0.0,128.0,549.0
1198071.0,0.0,-3.1324,0.003,0.0,0.0,0.0,1.4955,0.0,0.0,128.0,556.0
1198112.0,0.0,-3.1309,0.008,0.0,0.0,0.0,1.4955,0.0,0.0,128.0,556.0
1198152.0,0.0,-3.1309,-0.004,0.0,0.0,0.0,1.4955,0.0,0.0,128.0,557.0
1198192.0,0.0,-3.1324,0.015,0.0,0.0,0.0,1.4955,0.0,0.0,128.0,556.0
1198233.0,0.0,-3.1324,-0.009,0.0,0.0,0.0,1.4955,0.0,0.0,128.0,549.0
1198273.0,0.0,-3.1324,-0.008,0.0,0.0,0.0,1.4955,0.0,0.0,128.0,549.0
1198313.0,0.0,-3.1309,0.011,0.0,0.0,0.0,1.4955,0.0,0.0,128.0,556.0
1198353.0,0.0,-3.1324,-0.009,0.0,0.0,0.0,1.4955,0.0,0.0,128.0,550.0
1198393.0,0.0,-3.1324,0.003,0.0,0.0,0.0,1.4955,0.0,0.0,128.0,550.0
1198434.0,0.0,-3.1324,-0.001,0.0,0.0,0.0,1.4955,0.0,0.0,128.0,542.0
1198474.0,0.0,-3.1309,-0.0,0.0,0.0,0.0,1.4955,0.0,0.0,128.0,552.0
1198514.0,0.0,-3.1309,0.015,0.0,0.0,0.0,1.4955,0.0,0.0,128.0,564.0
1198555.0,0.0,-3.1324,-0.014,0.0,0.0,0.0,1.4955,0.0,0.0,128.0,558.0
1198595.0,0.0,-3.1324,0.008,0.0,0.0,0.0,1.4955,0.0,0.0,128.0,550.0
1198635.0,0.0,-3.1324,-0.001,0.0,0.0,0.0,1.4955,0.0,0.0,128.0,544.0
1198675.0,0.0,-3.1324,-0.003,0.0,0.0,0.0,1.4955,0.0,0.0,128.0,551.0
1198716.0,0.0,-3.1324,-0.0,0.0,0.0,0.0,1.4955,0.0,0.0,128.0,550.0
1198756.0,0.0,-3.1324,-0.002,0.0,0.0,0.0,1.4955,0.0,0.0,128.0,556.0
1198796.0,0.0,-3.1309,0.002,0.0,0.0,0.0,1.4955,0.0,0.0,128.0,557.0
1198836.0,0.0,-3.1324,-0.001,0.0,0.0,0.0,1.4955,0.0,0.0,128.0,557.0
1198877.0,0.0,-3.1324,-0.007,0.0,0.0,0.0,1.4955,0.0,0.0,128.0,543.0
1198917.0,0.0,-3.1324,0.003,0.0,0.0,0.0,1.4955,0.0,0.0,128.0,557.0
1198957.0,0.0,-3.1324,0.009,0.0,0.0,0.0,1.4955,0.0,0.0,128.0,557.0
1198997.0,0.0,-3.1324,0.007,0.0,0.0,0.0,1.4955,0.0,0.0,128.0,556.0
1199037.0,0.0,-3.1309,0.005,0.0,0.0,0.0,1.4955,0.0,0.0,128.0,549.0
1199077.0,0.0,-3.1324,-0.011,0.0,0.0,0.0,1.4955,0.0,0.0,128.0,551.0
1199118.0,0.0,-3.1324,0.008,0.0,0.0,0.0,1.4955,0.0,0.0,128.0,550.0
1199158.0,0.0,-3.1309,0.01,0.0,0.0,0.0,1.4955,0.0,0.0,128.0,556.0
1199198.0,0.0,-3.1309,-0.003,0.0,0.0,0.0,1.4955,0.0,0.0,128.0,557.0
1199238.0,0.0,-3.1324,-0.009,0.0,0.0,0.0,1.4955,0.0,0.0,128.0,549.0
1199279.0,0.0,-3.1324,-0.007,0.0,0.0,0.0,1.4955,0.0,0.0,128.0,549.0
1199319.0,0.0,-3.1309,0.009,0.0,0.0,0.0,1.4955,0.0,0.0,128.0,556.0
1199359.0,0.0,-3.1324,0.007,0.0,0.0,0.0,1.4955,0.0,0.0,128.0,556.0
1199399.0,0.0,-3.1324,0.006,0.0,0.0,0.0,1.4955,0.0,0.0,128.0,557.0
1199439.0,0.0,-3.1324,-0.002,0.0,0.0,0.0,1.4955,0.0,0.0,128.0,576.0
1199479.0,0.0,-3.1324,-0.004,0.0,0.0,0.0,1.4955,0.0,0.0,128.0,549.0
1199519.0,0.0,-3.1309,-0.001,0.0,0.0,0.0,1.4955,0.0,0.0,128.0,549.0
1199560.0,0.0,-3.1324,-0.008,0.0,0.0,0.0,1.4955,0.0,0.0,128.0,549.0
1199600.0,0.0,-3.1324,-0.002,0.0,0.0,0.0,1.4955,0.0,0.0,128.0,550.0
1199640.0,0.0,-3.1309,0.011,0.0,0.0,0.0,1.4955,0.0,0.0,128.0,550.0
1199681.0,0.0,-3.1324,-0.001,0.0,0.0,0.0,1.4955,0.0,0.0,128.0,550.0
1199721.0,0.0,-3.1309,-0.003,0.0,0.0,0.0,1.4955,0.0,0.0,128.0,557.0
1199761.0,0.0,-3.1324,-0.004,0.0,0.0,0.0,1.4955,0.0,0.0,128.0,557.0
1199801.0,0.0,-3.1324,0.005,0.0,0.0,0.0,1.4955,0.0,0.0,128.0,550.0
1199841.0,0.0,-3.1309,0.019,0.0,0.0,0.0,1.4955,0.0,0.0,128.0,557.0
1199882.0,0.0,-3.1309,-0.007,0.0,0.0,0.0,1.4955,0.0,0.0,128.0,556.0
1199922.0,0.0,-3.1324,-0.005,0.0,0.0,0.0,1.4955,0.0,0.0,128.0,556.0
1199962.0,0.0,-3.1324,-0.004,0.0,0.0,0.0,1.4955,0.0,0.0,128.0,550.0
1200002.0,0.0,-3.1324,-0.004,0.0,0.0,0.0,1.4955,0.0,0.0,128.0,551.0
1200042.0,0.0,-3.1324,0.006,0.0,0.0,0.0,1.4955,0.0,0.0,128.0,556.0
1200083.0,0.0,-3.1324,0.014,0.0,0.0,0.0,1.4955,0.0,0.0,128.0,551.0
1200123.0,0.0,-3.1309,0.002,0.0,0.0,0.0,1.4955,0.0,0.0,128.0,571.0
1200163.0,0.0,-3.1324,-0.01,0.0,0.0,0.0,1.4955,0.0,0.0,128.0,549.0
1200204.0,0.0,-3.1324,-0.006,0.0,0.0,0.0,1.4955,0.0,0.0,128.0,549.0
1200244.0,0.0,-3.1324,-0.005,0.0,0.0,0.0,1.4955,0.0,0.0,128.0,556.0
1200284.0,0.0,-3.1309,0.009,0.0,0.0,0.0,1.4955,0.0,0.0,128.0,544.0
1200324.0,0.0,-3.1324,-0.004,0.0,0.0,0.0,1.4955,0.0,0.0,128.0,550.0
1200365.0,0.0,-3.1309,0.004,0.0,0.0,0.0,1.4955,0.0,0.0,128.0,551.0
1200405.0,0.0,-3.1324,-0.008,0.0,0.0,0.0,1.4955,0.0,0.0,128.0,550.0
1200445.0,0.0,-3.1324,-0.003,0.0,0.0,0.0,1.4955,0.0,0.0,128.0,556.0
1200486.0,0.0,-3.1324,-0.001,0.0,0.0,0.0,1.4955,0.0,0.0,128.0,549.0
1200526.0,0.0,-3.1324,0.002,0.0,0.0,0.0,1.4955,0.0,0.0,128.0,556.0
1200566.0,0.0,-3.1324,0.006,0.0,0.0,0.0,1.4955,0.0,0.0,128.0,559.0
1200606.0,0.0,-3.1324,-0.004,0.0,0.0,0.0,1.4955,0.0,0.0,128.0,543.0
1200646.0,0.0,-3.1324,-0.003,0.0,0.0,0.0,1.4955,0.0,0.0,128.0,551.0
1200686.0,0.0,-3.1324,0.002,0.0,0.0,0.0,1.4955,0.0,0.0,128.0,564.0
1200727.0,0.0,-3.1324,-0.011,0.0,0.0,0.0,1.4955,0.0,0.0,128.0,557.0
1200767.0,0.0,-3.1324,-0.002,0.0,0.0,0.0,1.4955,0.0,0.0,128.0,564.0
1200807.0,0.0,-3.1324,0.003,0.0,0.0,0.0,1.4955,0.0,0.0,128.0,570.0
1200847.0,0.0,-3.1324,-0.008,0.0,0.0,0.0,1.4955,0.0,0.0,128.0,569.0
1200887.0,0.0,-3.1309,0.01,0.0,0.0,0.0,1.4955,0.0,0.0,128.0,556.0
1200927.0,0.0,-3.1324,-0.008,0.0,0.0,0.0,1.4955,0.0,0.0,128.0,544.0
1200967.0,0.0,-3.1324,0.003,0.0,0.0,0.0,1.4955,0.0,0.0,128.0,551.0
1201007.0,0.0,-3.1309,0.004,0.0,0.0,0.0,1.4955,0.0,0.0,128.0,556.0
1201048.0,0.0,-3.1309,0.008,0.0,0.0,0.0,1.4955,0.0,0.0,128.0,557.0
1201088.0,0.0,-3.1324,-0.007,0.0,0.0,0.0,1.4955,0.0,0.0,128.0,557.0
1201128.0,0.0,-3.1309,0.007,0.0,0.0,0.0,1.4955,0.0,0.0,128.0,556.0
1201168.0,0.0,-3.1324,0.001,0.0,0.0,0.0,1.4955,0.0,0.0,128.0,558.0
1201209.0,0.0,-3.1309,0.002,0.0,0.0,0.0,1.4955,0.0,0.0,128.0,556.0
1201249.0,0.0,-3.1324,-0.001,0.0,0.0,0.0,1.4955,0.0,0.0,128.0,552.0
1201289.0,0.0,-3.1309,0.012,0.0,0.0,0.0,1.4955,0.0,0.0,128.0,557.0
1201329.0,0.0,-3.1324,0.001,0.0,0.0,0.0,1.4955,0.0,0.0,128.0,551.0
1201370.0,0.0,-3.1324,0.002,0.0,0.0,0.0,1.4955,0.0,0.0,128.0,557.0
1201410.0,0.0,-3.1324,-0.0,0.0,0.0,0.0,1.4955,0.0,0.0,128.0,564.0
1201450.0,0.0,-3.1324,-0.008,0.0,0.0,0.0,1.4955,0.0,0.0,128.0,564.0
1201490.0,0.0,-3.1324,-0.004,0.0,0.0,0.0,1.4955,0.0,0.0,128.0,549.0
1201530.0,0.0,-3.1309,0.003,0.0,0.0,0.0,1.4955,0.0,0.0,128.0,556.0
1201571.0,0.0,-3.1309,0.003,0.0,0.0,0.0,1.4955,0.0,0.0,128.0,556.0
1201611.0,0.0,-3.1324,0.002,0.0,0.0,0.0,1.4955,0.0,0.0,128.0,556.0
1201651.0,0.0,-3.1324,-0.007,0.0,0.0,0.0,1.4955,0.0,0.0,128.0,550.0
1201691.0,0.0,-3.1324,0.004,0.0,0.0,0.0,1.4955,0.0,0.0,128.0,544.0
1201732.0,0.0,-3.1324,-0.007,0.0,0.0,0.0,1.4955,0.0,0.0,128.0,543.0
1201772.0,0.0,-3.1324,0.0,0.0,0.0,0.0,1.4955,0.0,0.0,128.0,550.0
1201812.0,0.0,-3.1309,0.004,0.0,0.0,0.0,1.4955,0.0,0.0,128.0,557.0
1201852.0,0.0,-3.1324,0.004,0.0,0.0,0.0,1.4955,0.0,0.0,128.0,550.0
1201893.0,0.0,-3.1324,-0.01,0.0,0.0,0.0,1.4955,0.0,0.0,128.0,549.0
1201933.0,0.0,-3.1324,-0.007,0.0,0.0,0.0,1.4955,0.0,0.0,128.0,549.0
1201973.0,0.0,-3.1324,0.009,0.0,0.0,0.0,1.4955,0.0,0.0,128.0,556.0
1202013.0,0.0,-3.1324,-0.007,0.0,0.0,0.0,1.4955,0.0,0.0,128.0,550.0
1202053.0,0.0,-3.1309,0.014,0.0,0.0,0.0,1.4955,0.0,0.0,128.0,557.0
1202094.0,0.0,-3.1324,-0.001,0.0,0.0,0.0,1.4955,0.0,0.0,128.0,549.0
1202134.0,0.0,-3.1324,0.006,0.0,0.0,0.0,1.4955,0.0,0.0,128.0,550.0
1202174.0,0.0,-3.1324,-0.005,0.0,0.0,0.0,1.4955,0.0,0.0,128.0,549.0
1202214.0,0.0,-3.1324,-0.002,0.0,0.0,0.0,1.4955,0.0,0.0,128.0,551.0
1202254.0,0.0,-3.1324,0.007,0.0,0.0,0.0,1.4955,0.0,0.0,128.0,556.0
1202294.0,0.0,-3.1324,-0.001,0.0,0.0,0.0,1.4955,0.0,0.0,128.0,557.0
1202334.0,0.0,-3.1309,-0.001,0.0,0.0,0.0,1.4955,0.0,0.0,128.0,557.0
1202375.0,0.0,-3.1324,-0.005,0.0,0.0,0.0,1.4955,0.0,0.0,128.0,550.0
1202415.0,0.0,-3.1324,0.008,0.0,0.0,0.0,1.4955,0.0,0.0,128.0,556.0
1202455.0,0.0,-3.1309,0.006,0.0,0.0,0.0,1.4955,0.0,0.0,128.0,551.0
1202495.0,0.0,-3.1324,0.006,0.0,0.0,0.0,1.4955,0.0,0.0,128.0,550.0
1202535.0,0.0,-3.1324,-0.0,0.0,0.0,0.0,1.4955,0.0,0.0,128.0,558.0
1202576.0,0.0,-3.1324,-0.006,0.0,0.0,0.0,1.4955,0.0,0.0,128.0,557.0
1202616.0,0.0,-3.1324,-0.006,0.0,0.0,0.0,1.4955,0.0,0.0,128.0,557.0
1202656.0,0.0,-3.1324,-0.003,0.0,0.0,0.0,1.4955,0.0,0.0,128.0,570.0
1202696.0,0.0,-3.1324,-0.003,0.0,0.0,0.0,1.4955,0.0,0.0,128.0,556.0
1202736.0,0.0,-3.1324,-0.011,0.0,0.0,0.0,1.4955,0.0,0.0,128.0,549.0
1202777.0,0.0,-3.1324,-0.006,0.0,0.0,0.0,1.4955,0.0,0.0,128.0,543.0
1202817.0,0.0,-3.1324,-0.003,0.0,0.0,0.0,1.4955,0.0,0.0,128.0,549.0
1202857.0,0.0,-3.1324,-0.001,0.0,0.0,0.0,1.4955,0.0,0.0,128.0,550.0
1202897.0,0.0,-3.1324,-0.004,0.0,0.0,0.0,1.4955,0.0,0.0,128.0,544.0
1202937.0,0.0,-3.1324,0.012,0.0,0.0,0.0,1.4955,0.0,0.0,128.0,556.0
1202978.0,0.0,-3.1324,-0.013,0.0,0.0,0.0,1.4955,0.0,0.0,128.0,543.0
1203018.0,0.0,-3.1324,-0.005,0.0,0.0,0.0,1.4955,0.0,0.0,128.0,549.0
1203058.0,0.0,-3.1309,0.004,0.0,0.0,0.0,1.4955,0.0,0.0,128.0,552.0
1203098.0,0.0,-3.1309,0.007,0.0,0.0,0.0,1.4955,0.0,0.0,128.0,571.0
1203138.0,0.0,-3.1324,0.003,0.0,0.0,0.0,1.4955,0.0,0.0,128.0,556.0
1203179.0,0.0,-3.1324,-0.008,0.0,0.0,0.0,1.4955,0.0,0.0,128.0,557.0
1203219.0,0.0,-3.1324,0.001,0.0,0.0,0.0,1.4955,0.0,0.0,128.0,571.0
1203259.0,0.0,-3.1324,-0.008,0.0,0.0,0.0,1.4955,0.0,0.0,128.0,549.0
1203300.0,0.0,-3.1309,-0.001,0.0,0.0,0.0,1.4955,0.0,0.0,128.0,550.0
1203340.0,0.0,-3.1309,0.008,0.0,0.0,0.0,1.4955,0.0,0.0,128.0,557.0
1203380.0,0.0,-3.1309,0.003,0.0,0.0,0.0,1.4955,0.0,0.0,128.0,549.0
1203421.0,0.0,-3.1324,0.004,0.0,0.0,0.0,1.4955,0.0,0.0,128.0,550.0
1203461.0,0.0,-3.1324,-0.005,0.0,0.0,0.0,1.4955,0.0,0.0,128.0,556.0
1203501.0,0.0,-3.1324,-0.002,0.0,0.0,0.0,1.4955,0.0,0.0,128.0,557.0
1203541.0,0.0,-3.1324,0.002,0.0,0.0,0.0,1.4955,0.0,0.0,128.0,556.0
1203582.0,0.0,-3.1324,0.006,0.0,0.0,0.0,1.4955,0.0,0.0,128.0,550.0
1203622.0,0.0,-3.1324,-0.005,0.0,0.0,0.0,1.4955,0.0,0.0,128.0,556.0
1203662.0,0.0,-3.1309,-0.002,0.0,0.0,0.0,1.4955,0.0,0.0,128.0,556.0
1203702.0,0.0,-3.1324,-0.0,0.0,0.0,0.0,1.4955,0.0,0.0,128.0,557.0
1203742.0,0.0,-3.1324,-0.004,0.0,0.0,0.0,1.4955,0.0,0.0,128.0,570.0
1203782.0,0.0,-3.1309,0.012,0.0,0.0,0.0,1.4955,0.0,0.0,128.0,544.0
1203823.0,0.0,-3.1324,-0.01,0.0,0.0,0.0,1.4955,0.0,0.0,128.0,544.0
1203863.0,0.0,-3.1309,0.011,0.0,0.0,0.0,1.4955,0.0,0.0,128.0,557.0
1203903.0,0.0,-3.1324,-0.002,0.0,0.0,0.0,1.4955,0.0,0.0,128.0,557.0
1203943.0,0.0,-3.1324,0.003,0.0,0.0,0.0,1.4955,0.0,0.0,128.0,549.0
1203983.0,0.0,-3.1324,0.001,0.0,0.0,0.0,1.4955,0.0,0.0,128.0,557.0
1204024.0,0.0,-3.1324,0.001,0.0,0.0,0.0,1.4955,0.0,0.0,128.0,551.0
1204064.0,0.0,-3.1324,-0.004,0.0,0.0,0.0,1.4955,0.0,0.0,128.0,556.0
1204104.0,0.0,-3.1324,-0.008,0.0,0.0,0.0,1.4955,0.0,0.0,128.0,550.0
1204144.0,0.0,-3.1324,-0.007,0.0,0.0,0.0,1.4955,0.0,0.0,128.0,549.0
1204184.0,0.0,-3.1324,0.005,0.0,0.0,0.0,1.4955,0.0,0.0,128.0,556.0
1204225.0,0.0,-3.1324,0.011,0.0,0.0,0.0,1.4955,0.0,0.0,128.0,556.0
1204265.0,0.0,-3.1309,-0.005,0.0,0.0,0.0,1.4955,0.0,0.0,128.0,551.0
1204305.0,0.0,-3.1324,-0.004,0.0,0.0,0.0,1.4955,0.0,0.0,128.0,558.0
1204346.0,0.0,-3.1324,-0.005,0.0,0.0,0.0,1.4955,0.0,0.0,128.0,557.0
1204386.0,0.0,-3.1309,0.011,0.0,0.0,0.0,1.4955,0.0,0.0,128.0,564.0
1204426.0,0.0,-3.1324,0.002,0.0,0.0,0.0,1.4955,0.0,0.0,128.0,551.0
1204466.0,0.0,-3.1309,0.003,0.0,0.0,0.0,1.4955,0.0,0.0,128.0,576.0
1204506.0,0.0,-3.1324,-0.003,0.0,0.0,0.0,1.4955,0.0,0.0,128.0,550.0
1204547.0,0.0,-3.1324,-0.001,0.0,0.0,0.0,1.4955,0.0,0.0,128.0,549.0
1204587.0,0.0,-3.1324,0.007,0.0,0.0,0.0,1.4955,0.0,0.0,128.0,557.0
1204627.0,0.0,-3.1324,-0.004,0.0,0.0,0.0,1.4955,0.0,0.0,128.0,550.0
1204667.0,0.0,-3.1324,0.001,0.0,0.0,0.0,1.4955,0.0,0.0,128.0,550.0
1204707.0,0.0,-3.1309,-0.0,0.0,0.0,0.0,1.4955,0.0,0.0,128.0,557.0
1204748.0,0.0,-3.1324,-0.005,0.0,0.0,0.0,1.4955,0.0,0.0,128.0,549.0
1204788.0,0.0,-3.1324,0.0,0.0,0.0,0.0,1.4955,0.0,0.0,128.0,556.0
1204828.0,0.0,-3.1309,0.005,0.0,0.0,0.0,1.4955,0.0,0.0,128.0,557.0
1204868.0,0.0,-3.1324,-0.006,0.0,0.0,0.0,1.4955,0.0,0.0,128.0,549.0
1204908.0,0.0,-3.1324,-0.004,0.0,0.0,0.0,1.4955,0.0,0.0,128.0,556.0
1204949.0,0.0,-3.1324,-0.008,0.0,0.0,0.0,1.4955,0.0,0.0,128.0,549.0
1204989.0,0.0,-3.1324,0.006,0.0,0.0,0.0,1.4955,0.0,0.0,128.0,556.0
1205029.0,0.0,-3.1324,0.005,0.0,0.0,0.0,1.4955,0.0,0.0,128.0,556.0
1205069.0,0.0,-3.1309,-0.007,0.0,0.0,0.0,1.4955,0.0,0.0,128.0,557.0
1205109.0,0.0,-3.1324,0.006,0.0,0.0,0.0,1.4955,0.0,0.0,128.0,556.0
1205149.0,0.0,-3.1324,-0.005,0.0,0.0,0.0,1.4955,0.0,0.0,128.0,558.0
1205190.0,0.0,-3.1324,-0.0,0.0,0.0,0.0,1.4955,0.0,0.0,128.0,556.0
1205230.0,0.0,-3.1309,-0.004,0.0,0.0,0.0,1.4955,0.0,0.0,128.0,552.0
1205270.0,0.0,-3.1324,0.002,0.0,0.0,0.0,1.4955,0.0,0.0,128.0,550.0
1205311.0,0.0,-3.1324,-0.0,0.0,0.0,0.0,1.4955,0.0,0.0,128.0,550.0
1205351.0,0.0,-3.1324,-0.006,0.0,0.0,0.0,1.4955,0.0,0.0,128.0,557.0
1205391.0,0.0,-3.1324,0.002,0.0,0.0,0.0,1.4955,0.0,0.0,128.0,550.0
1205431.0,0.0,-3.1324,-0.002,0.0,0.0,0.0,1.4955,0.0,0.0,128.0,556.0
1205471.0,0.0,-3.1324,0.004,0.0,0.0,0.0,1.4955,0.0,0.0,128.0,549.0
1205511.0,0.0,-3.1324,-0.01,0.0,0.0,0.0,1.4955,0.0,0.0,128.0,556.0
1205552.0,0.0,-3.1324,0.004,0.0,0.0,0.0,1.4955,0.0,0.0,128.0,556.0
1205592.0,0.0,-3.1324,-0.008,0.0,0.0,0.0,1.4955,0.0,0.0,128.0,550.0
1205632.0,0.0,-3.1324,0.004,0.0,0.0,0.0,1.4955,0.0,0.0,128.0,544.0
1205672.0,0.0,-3.1309,0.007,0.0,0.0,0.0,1.4955,0.0,0.0,128.0,556.0
1205713.0,0.0,-3.1324,0.001,0.0,0.0,0.0,1.4955,0.0,0.0,128.0,556.0
1205753.0,0.0,-3.1324,-0.003,0.0,0.0,0.0,1.4955,0.0,0.0,128.0,556.0
1205793.0,0.0,-3.1324,-0.008,0.0,0.0,0.0,1.4955,0.0,0.0,128.0,550.0
1205833.0,0.0,-3.1309,-0.001,0.0,0.0,0.0,1.4955,0.0,0.0,128.0,576.0
1205873.0,0.0,-3.1324,-0.0,0.0,0.0,0.0,1.4955,0.0,0.0,128.0,556.0
1205913.0,0.0,-3.1324,0.003,0.0,0.0,0.0,1.4955,0.0,0.0,128.0,556.0
1205954.0,0.0,-3.1324,-0.006,0.0,0.0,0.0,1.4955,0.0,0.0,128.0,556.0
1205994.0,0.0,-3.1324,-0.004,0.0,0.0,0.0,1.4955,0.0,0.0,128.0,550.0
1206034.0,0.0,-3.1324,0.005,0.0,0.0,0.0,1.4955,0.0,0.0,128.0,556.0
1206074.0,0.0,-3.1324,-0.004,0.0,0.0,0.0,1.4955,0.0,0.0,128.0,543.0
1206114.0,0.0,-3.1324,0.002,0.0,0.0,0.0,1.4955,0.0,0.0,128.0,556.0
1206155.0,0.0,-3.1309,0.002,0.0,0.0,0.0,1.4955,0.0,0.0,128.0,556.0
1206195.0,0.0,-3.1309,-0.001,0.0,0.0,0.0,1.4955,0.0,0.0,128.0,556.0
1206235.0,0.0,-3.1324,-0.005,0.0,0.0,0.0,1.4955,0.0,0.0,128.0,557.0
1206275.0,0.0,-3.1324,-0.003,0.0,0.0,0.0,1.4955,0.0,0.0,128.0,543.0
1206315.0,0.0,-3.1324,-0.0,0.0,0.0,0.0,1.4955,0.0,0.0,128.0,558.0
1206356.0,0.0,-3.1324,0.002,0.0,0.0,0.0,1.4955,0.0,0.0,128.0,550.0
1206396.0,0.0,-3.1324,-0.01,0.0,0.0,0.0,1.4955,0.0,0.0,128.0,550.0
1206436.0,0.0,-3.1324,0.006,0.0,0.0,0.0,1.4955,0.0,0.0,128.0,557.0
1206476.0,0.0,-3.1309,0.011,0.0,0.0,0.0,1.4955,0.0,0.0,128.0,544.0
1206517.0,0.0,-3.1309,0.003,0.0,0.0,0.0,1.4955,0.0,0.0,128.0,549.0
1206557.0,0.0,-3.1309,0.007,0.0,0.0,0.0,1.4955,0.0,0.0,128.0,551.0
1206597.0,0.0,-3.1324,-0.0,0.0,0.0,0.0,1.4955,0.0,0.0,128.0,557.0
1206637.0,0.0,-3.1324,0.005,0.0,0.0,0.0,1.4955,0.0,0.0,128.0,557.0
1206677.0,0.0,-3.1309,0.003,0.0,0.0,0.0,1.4955,0.0,0.0,128.0,549.0
1206717.0,0.0,-3.1309,0.014,0.0,0.0,0.0,1.4955,0.0,0.0,128.0,556.0
1206758.0,0.0,-3.1324,-0.004,0.0,0.0,0.0,1.4955,0.0,0.0,128.0,549.0
1206798.0,0.0,-3.1324,0.002,0.0,0.0,0.0,1.4955,0.0,0.0,128.0,557.0
1206838.0,0.0,-3.1324,0.001,0.0,0.0,0.0,1.4955,0.0,0.0,128.0,557.0
1206878.0,0.0,-3.1324,-0.005,0.0,0.0,0.0,1.4955,0.0,0.0,128.0,549.0
1206918.0,0.0,-3.1324,0.008,0.0,0.0,0.0,1.4955,0.0,0.0,128.0,550.0
1206958.0,0.0,-3.1309,0.006,0.0,0.0,0.0,1.4955,0.0,0.0,128.0,558.0
1206999.0,0.0,-3.1324,-0.012,0.0,0.0,0.0,1.4955,0.0,0.0,128.0,550.0
1207039.0,0.0,-3.1324,-0.003,0.0,0.0,0.0,1.4955,0.0,0.0,128.0,556.0
1207079.0,0.0,-3.1324,-0.005,0.0,0.0,0.0,1.4955,0.0,0.0,128.0,550.0
1207119.0,0.0,-3.1324,-0.006,0.0,0.0,0.0,1.4955,0.0,0.0,128.0,570.0
1207159.0,0.0,-3.1324,0.004,0.0,0.0,0.0,1.4955,0.0,0.0,128.0,556.0
1207200.0,0.0,-3.1324,0.006,0.0,0.0,0.0,1.4955,0.0,0.0,128.0,556.0
1207240.0,0.0,-3.1324,-0.005,0.0,0.0,0.0,1.4955,0.0,0.0,128.0,552.0
1207280.0,0.0,-3.1324,-0.005,0.0,0.0,0.0,1.4955,0.0,0.0,128.0,550.0
1207321.0,0.0,-3.1324,-0.004,0.0,0.0,0.0,1.4955,0.0,0.0,128.0,550.0
1207361.0,0.0,-3.1324,0.012,0.0,0.0,0.0,1.4955,0.0,0.0,128.0,565.0
1207401.0,0.0,-3.1324,-0.009,0.0,0.0,0.0,1.4955,0.0,0.0,128.0,557.0
1207441.0,0.0,-3.1324,0.001,0.0,0.0,0.0,1.4955,0.0,0.0,128.0,556.0
1207481.0,0.0,-3.1324,0.001,0.0,0.0,0.0,1.4955,0.0,0.0,128.0,556.0
1207522.0,0.0,-3.1324,-0.001,0.0,0.0,0.0,1.4955,0.0,0.0,128.0,550.0
1207562.0,0.0,-3.1309,0.006,0.0,0.0,0.0,1.4955,0.0,0.0,128.0,556.0
1207602.0,0.0,-3.1309,0.004,0.0,0.0,0.0,1.4955,0.0,0.0,128.0,556.0
1207642.0,0.0,-3.1324,0.005,0.0,0.0,0.0,1.4955,0.0,0.0,128.0,557.0
1207682.0,0.0,-3.1324,-0.012,0.0,0.0,0.0,1.4955,0.0,0.0,128.0,543.0
1207722.0,0.0,-3.1324,0.003,0.0,0.0,0.0,1.4955,0.0,0.0,128.0,556.0
1207763.0,0.0,-3.1324,-0.0,0.0,0.0,0.0,1.4955,0.0,0.0,128.0,549.0
1207803.0,0.0,-3.1309,0.013,0.0,0.0,0.0,1.4955,0.0,0.0,128.0,558.0
1207843.0,0.0,-3.1309,0.009,0.0,0.0,0.0,1.4955,0.0,0.0,128.0,557.0
1207883.0,0.0,-3.1324,-0.008,0.0,0.0,0.0,1.4955,0.0,0.0,128.0,545.0
1207923.0,0.0,-3.1324,0.012,0.0,0.0,0.0,1.4955,0.0,0.0,128.0,556.0
1207964.0,0.0,-3.1324,0.002,0.0,0.0,0.0,1.4955,0.0,0.0,128.0,556.0
1208004.0,0.0,-3.1324,0.006,0.0,0.0,0.0,1.4955,0.0,0.0,128.0,557.0
1208044.0,0.0,-3.1324,-0.0,0.0,0.0,0.0,1.4955,0.0,0.0,128.0,557.0
1208084.0,0.0,-3.1324,-0.003,0.0,0.0,0.0,1.4955,0.0,0.0,128.0,565.0
1208125.0,0.0,-3.1324,-0.001,0.0,0.0,0.0,1.4955,0.0,0.0,128.0,564.0
1208165.0,0.0,-3.1309,0.008,0.0,0.0,0.0,1.4955,0.0,0.0,128.0,557.0
1208205.0,0.0,-3.1324,-0.005,0.0,0.0,0.0,1.4955,0.0,0.0,128.0,570.0
1208245.0,0.0,-3.1324,0.005,0.0,0.0,0.0,1.4955,0.0,0.0,128.0,556.0
1208285.0,0.0,-3.1309,0.006,0.0,0.0,0.0,1.4955,0.0,0.0,128.0,556.0
1208326.0,0.0,-3.1324,-0.005,0.0,0.0,0.0,1.4955,0.0,0.0,128.0,543.0
1208366.0,0.0,-3.1324,0.008,0.0,0.0,0.0,1.4955,0.0,0.0,128.0,557.0
1208406.0,0.0,-3.1324,0.005,0.0,0.0,0.0,1.4955,0.0,0.0,128.0,552.0
1208446.0,0.0,-3.1324,0.002,0.0,0.0,0.0,1.4955,0.0,0.0,128.0,557.0
1208486.0,0.0,-3.1324,-0.009,0.0,0.0,0.0,1.4955,0.0,0.0,128.0,543.0
1208526.0,0.0,-3.1324,-0.006,0.0,0.0,0.0,1.4955,0.0,0.0,128.0,557.0
1208567.0,0.0,-3.1324,-0.0,0.0,0.0,0.0,1.4955,0.0,0.0,128.0,557.0
1208607.0,0.0,-3.1324,-0.008,0.0,0.0,0.0,1.4955,0.0,0.0,128.0,563.0
1208647.0,0.0,-3.1324,0.003,0.0,0.0,0.0,1.4955,0.0,0.0,128.0,550.0
1208688.0,0.0,-3.1309,0.008,0.0,0.0,0.0,1.4955,0.0,0.0,128.0,550.0
1208728.0,0.0,-3.1324,-0.004,0.0,0.0,0.0,1.4955,0.0,0.0,128.0,550.0
1208768.0,0.0,-3.1324,-0.001,0.0,0.0,0.0,1.4955,0.0,0.0,128.0,557.0
1208808.0,0.0,-3.1324,-0.005,0.0,0.0,0.0,1.4955,0.0,0.0,128.0,556.0
1208848.0,0.0,-3.1324,0.003,0.0,0.0,0.0,1.4955,0.0,0.0,128.0,550.0
1208889.0,0.0,-3.1309,0.003,0.0,0.0,0.0,1.4955,0.0,0.0,128.0,556.0
1208929.0,0.0,-3.1324,-0.005,0.0,0.0,0.0,1.4955,0.0,0.0,128.0,550.0
1208969.0,0.0,-3.1309,0.006,0.0,0.0,0.0,1.4955,0.0,0.0,128.0,551.0
1209010.0,0.0,-3.1324,0.001,0.0,0.0,0.0,1.4955,0.0,0.0,128.0,556.0
1209050.0,0.0,-3.1324,0.001,0.0,0.0,0.0,1.4955,0.0,0.0,128.0,556.0
1209090.0,0.0,-3.1309,0.0,0.0,0.0,0.0,1.4955,0.0,0.0,128.0,557.0
1209130.0,0.0,-3.1324,-0.004,0.0,0.0,0.0,1.4955,0.0,0.0,128.0,550.0
1209170.0,0.0,-3.1324,-0.001,0.0,0.0,0.0,1.4955,0.0,0.0,128.0,544.0
1209210.0,0.0,-3.1324,0.004,0.0,0.0,0.0,1.4955,0.0,0.0,128.0,557.0
1209250.0,0.0,-3.1324,0.003,0.0,0.0,0.0,1.4955,0.0,0.0,128.0,564.0
1209291.0,0.0,-3.1324,-0.003,0.0,0.0,0.0,1.4955,0.0,0.0,128.0,564.0
1209331.0,0.0,-3.1324,-0.006,0.0,0.0,0.0,1.4955,0.0,0.0,128.0,563.0
1209371.0,0.0,-3.1309,0.001,0.0,0.0,0.0,1.4955,0.0,0.0,128.0,550.0
1209411.0,0.0,-3.1324,-0.005,0.0,0.0,0.0,1.4955,0.0,0.0,128.0,543.0
1209451.0,0.0,-3.1324,-0.005,0.0,0.0,0.0,1.4955,0.0,0.0,128.0,549.0
1209492.0,0.0,-3.1324,-0.007,0.0,0.0,0.0,1.4955,0.0,0.0,128.0,549.0
1209532.0,0.0,-3.1309,-0.002,0.0,0.0,0.0,1.4955,0.0,0.0,128.0,551.0
1209572.0,0.0,-3.1324,-0.001,0.0,0.0,0.0,1.4955,0.0,0.0,128.0,556.0
1209612.0,0.0,-3.1324,-0.002,0.0,0.0,0.0,1.4955,0.0,0.0,128.0,550.0
1209652.0,0.0,-3.1309,0.005,0.0,0.0,0.0,1.4955,0.0,0.0,128.0,550.0
1209693.0,0.0,-3.1324,0.003,0.0,0.0,0.0,1.4955,0.0,0.0,128.0,550.0
1209733.0,0.0,-3.1324,0.003,0.0,0.0,0.0,1.4955,0.0,0.0,128.0,556.0
1209773.0,0.0,-3.1324,-0.007,0.0,0.0,0.0,1.4955,0.0,0.0,128.0,550.0
1209813.0,0.0,-3.1324,-0.005,0.0,0.0,0.0,1.4955,0.0,0.0,128.0,550.0
1209853.0,0.0,-3.1324,0.001,0.0,0.0,0.0,1.4955,0.0,0.0,128.0,556.0
1209894.0,0.0,-3.1324,-0.002,0.0,0.0,0.0,1.4955,0.0,0.0,128.0,556.0
1209934.0,0.0,-3.1324,-0.005,0.0,0.0,0.0,1.4955,0.0,0.0,128.0,550.0
1209974.0,0.0,-3.1324,0.001,0.0,0.0,0.0,1.4955,0.0,0.0,128.0,556.0
1210014.0,0.0,-3.1324,-0.007,0.0,0.0,0.0,1.4955,0.0,0.0,128.0,544.0
1210054.0,0.0,-3.1324,-0.0,0.0,0.0,0.0,1.4955,0.0,0.0,128.0,556.0
1210095.0,0.0,-3.1324,0.001,0.0,0.0,0.0,1.4955,0.0,0.0,128.0,550.0
1210135.0,0.0,-3.1324,0.003,0.0,0.0,0.0,1.4955,0.0,0.0,128.0,557.0
1210175.0,0.0,-3.1324,0.007,0.0,0.0,0.0,1.4955,0.0,0.0,128.0,543.0
1210215.0,0.0,-3.1324,0.001,0.0,0.0,0.0,1.4955,0.0,0.0,128.0,550.0
1210256.0,0.0,-3.1309,0.004,0.0,0.0,0.0,1.4955,0.0,0.0,128.0,556.0
1210296.0,0.0,-3.1324,-0.005,0.0,0.0,0.0,1.4955,0.0,0.0,128.0,556.0
1210336.0,0.0,-3.1309,0.004,0.0,0.0,0.0,1.4955,0.0,0.0,128.0,556.0
1210376.0,0.0,-3.1324,-0.002,0.0,0.0,0.0,1.4955,0.0,0.0,128.0,556.0
1210417.0,0.0,-3.1324,0.003,0.0,0.0,0.0,1.4955,0.0,0.0,128.0,557.0
1210457.0,0.0,-3.1324,-0.0,0.0,0.0,0.0,1.4955,0.0,0.0,128.0,557.0
1210497.0,0.0,-3.1324,-0.004,0.0,0.0,0.0,1.4955,0.0,0.0,128.0,549.0
1210537.0,0.0,-3.1324,-0.003,0.0,0.0,0.0,1.4955,0.0,0.0,128.0,551.0
1210578.0,0.0,-3.1324,0.006,0.0,0.0,0.0,1.4955,0.0,0.0,128.0,556.0
1210618.0,0.0,-3.1324,0.007,0.0,0.0,0.0,1.4955,0.0,0.0,128.0,557.0
1210658.0,0.0,-3.1324,-0.012,0.0,0.0,0.0,1.4955,0.0,0.0,128.0,549.0
1210699.0,0.0,-3.1324,0.005,0.0,0.0,0.0,1.4955,0.0,0.0,128.0,550.0
1210739.0,0.0,-3.1324,0.003,0.0,0.0,0.0,1.4955,0.0,0.0,128.0,556.0
1210779.0,0.0,-3.1324,-0.006,0.0,0.0,0.0,1.4955,0.0,0.0,128.0,550.0
1210819.0,0.0,-3.1324,-0.009,0.0,0.0,0.0,1.4955,0.0,0.0,128.0,549.0
1210860.0,0.0,-3.1324,-0.008,0.0,0.0,0.0,1.4955,0.0,0.0,128.0,550.0
1210900.0,0.0,-3.1324,-0.006,0.0,0.0,0.0,1.4955,0.0,0.0,128.0,544.0
1210940.0,0.0,-3.1324,0.001,0.0,0.0,0.0,1.4955,0.0,0.0,128.0,550.0
1210980.0,0.0,-3.1324,0.004,0.0,0.0,0.0,1.4955,0.0,0.0,128.0,564.0
1211021.0,0.0,-3.1309,0.007,0.0,0.0,0.0,1.4955,0.0,0.0,128.0,564.0
1211061.0,0.0,-3.1324,0.002,0.0,0.0,0.0,1.4955,0.0,0.0,128.0,563.0
1211101.0,0.0,-3.1324,-0.003,0.0,0.0,0.0,1.4955,0.0,0.0,128.0,549.0
1211141.0,0.0,-3.1324,-0.003,0.0,0.0,0.0,1.4955,0.0,0.0,128.0,549.0
1211182.0,0.0,-3.1324,-0.003,0.0,0.0,0.0,1.4955,0.0,0.0,128.0,550.0
1211222.0,0.0,-3.1324,0.002,0.0,0.0,0.0,1.4955,0.0,0.0,128.0,556.0
1211262.0,0.0,-3.1324,-0.008,0.0,0.0,0.0,1.4955,0.0,0.0,128.0,557.0
1211302.0,0.0,-3.1324,0.004,0.0,0.0,0.0,1.4955,0.0,0.0,128.0,557.0
1211343.0,0.0,-3.1324,-0.007,0.0,0.0,0.0,1.4955,0.0,0.0,128.0,544.0
1211383.0,0.0,-3.1324,-0.003,0.0,0.0,0.0,1.4955,0.0,0.0,128.0,551.0
1211423.0,0.0,-3.1309,0.008,0.0,0.0,0.0,1.4955,0.0,0.0,128.0,556.0
1211463.0,0.0,-3.1324,-0.006,0.0,0.0,0.0,1.4955,0.0,0.0,128.0,552.0
1211503.0,0.0,-3.1309,0.008,0.0,0.0,0.0,1.4955,0.0,0.0,128.0,558.0
1211544.0,0.0,-3.1324,-0.007,0.0,0.0,0.0,1.4955,0.0,0.0,128.0,557.0
1211584.0,0.0,-3.1324,-0.004,0.0,0.0,0.0,1.4955,0.0,0.0,128.0,563.0
1211624.0,0.0,-3.1309,0.016,0.0,0.0,0.0,1.4955,0.0,0.0,128.0,552.0
1211664.0,0.0,-3.1309,0.01,0.0,0.0,0.0,1.4955,0.0,0.0,128.0,556.0
1211705.0,0.0,-3.1324,-0.013,0.0,0.0,0.0,1.4955,0.0,0.0,128.0,549.0
1211745.0,0.0,-3.1324,-0.001,0.0,0.0,0.0,1.4955,0.0,0.0,128.0,556.0
1211785.0,0.0,-3.1309,-0.004,0.0,0.0,0.0,1.4955,0.0,0.0,128.0,557.0
1211825.0,0.0,-3.1324,0.004,0.0,0.0,0.0,1.4955,0.0,0.0,128.0,556.0
1211865.0,0.0,-3.1324,0.0,0.0,0.0,0.0,1.4955,0.0,0.0,128.0,556.0
1211906.0,0.0,-3.1324,-0.011,0.0,0.0,0.0,1.4955,0.0,0.0,128.0,549.0
1211946.0,0.0,-3.1324,0.002,0.0,0.0,0.0,1.4955,0.0,0.0,128.0,571.0
1211986.0,0.0,-3.1324,-0.004,0.0,0.0,0.0,1.4955,0.0,0.0,128.0,550.0
1212027.0,0.0,-3.1324,-0.001,0.0,0.0,0.0,1.4955,0.0,0.0,128.0,550.0
1212067.0,0.0,-3.1309,0.0,0.0,0.0,0.0,1.4955,0.0,0.0,128.0,557.0
1212107.0,0.0,-3.1324,-0.001,0.0,0.0,0.0,1.4955,0.0,0.0,128.0,557.0
1212147.0,0.0,-3.1324,0.003,0.0,0.0,0.0,1.4955,0.0,0.0,128.0,550.0
1212187.0,0.0,-3.1324,0.002,0.0,0.0,0.0,1.4955,0.0,0.0,128.0,556.0
1212228.0,0.0,-3.1324,-0.002,0.0,0.0,0.0,1.4955,0.0,0.0,128.0,549.0
1212268.0,0.0,-3.1324,0.006,0.0,0.0,0.0,1.4955,0.0,0.0,128.0,556.0
1212308.0,0.0,-3.1324,-0.004,0.0,0.0,0.0,1.4955,0.0,0.0,128.0,556.0
1212348.0,0.0,-3.1309,-0.004,0.0,0.0,0.0,1.4955,0.0,0.0,128.0,557.0
1212388.0,0.0,-3.1324,-0.004,0.0,0.0,0.0,1.4955,0.0,0.0,128.0,576.0
1212428.0,0.0,-3.1324,-0.005,0.0,0.0,0.0,1.4955,0.0,0.0,128.0,549.0
1212468.0,0.0,-3.1309,0.0,0.0,0.0,0.0,1.4955,0.0,0.0,128.0,556.0
1212509.0,0.0,-3.1309,0.006,0.0,0.0,0.0,1.4955,0.0,0.0,128.0,556.0
1212549.0,0.0,-3.1309,-0.002,0.0,0.0,0.0,1.4955,0.0,0.0,128.0,557.0
1212589.0,0.0,-3.1324,-0.002,0.0,0.0,0.0,1.4955,0.0,0.0,128.0,557.0
1212629.0,0.0,-3.1324,-0.005,0.0,0.0,0.0,1.4955,0.0,0.0,128.0,543.0
1212669.0,0.0,-3.1324,-0.0,0.0,0.0,0.0,1.4955,0.0,0.0,128.0,556.0
1212710.0,0.0,-3.1324,-0.002,0.0,0.0,0.0,1.4955,0.0,0.0,128.0,543.0
1212750.0,0.0,-3.1324,-0.002,0.0,0.0,0.0,1.4955,0.0,0.0,128.0,550.0
1212790.0,0.0,-3.1324,0.001,0.0,0.0,0.0,1.4955,0.0,0.0,128.0,551.0
1212830.0,0.0,-3.1324,-0.004,0.0,0.0,0.0,1.4955,0.0,0.0,128.0,550.0
1212870.0,0.0,-3.1324,-0.004,0.0,0.0,0.0,1.4955,0.0,0.0,128.0,550.0
1212911.0,0.0,-3.1309,0.004,0.0,0.0,0.0,1.4955,0.0,0.0,128.0,556.0
1212951.0,0.0,-3.1324,0.002,0.0,0.0,0.0,1.4955,0.0,0.0,128.0,557.0
1212991.0,0.0,-3.1324,0.003,0.0,0.0,0.0,1.4955,0.0,0.0,128.0,550.0
1213031.0,0.0,-3.1324,0.007,0.0,0.0,0.0,1.4955,0.0,0.0,128.0,556.0
1213072.0,0.0,-3.1324,-0.007,0.0,0.0,0.0,1.4955,0.0,0.0,128.0,543.0
1213112.0,0.0,-3.1324,0.002,0.0,0.0,0.0,1.4955,0.0,0.0,128.0,556.0
1213152.0,0.0,-3.1309,0.006,0.0,0.0,0.0,1.4955,0.0,0.0,128.0,557.0
1213192.0,0.0,-3.1309,-0.0,0.0,0.0,0.0,1.4955,0.0,0.0,128.0,550.0
1213233.0,0.0,-3.1324,-0.006,0.0,0.0,0.0,1.4955,0.0,0.0,128.0,549.0
1213273.0,0.0,-3.1309,0.005,0.0,0.0,0.0,1.4955,0.0,0.0,128.0,556.0
1213313.0,0.0,-3.1324,-0.005,0.0,0.0,0.0,1.4955,0.0,0.0,128.0,550.0
1213353.0,0.0,-3.1324,0.004,0.0,0.0,0.0,1.4955,0.0,0.0,128.0,551.0
1213393.0,0.0,-3.1309,0.002,0.0,0.0,0.0,1.4955,0.0,0.0,128.0,557.0
1213434.0,0.0,-3.1309,-0.0,0.0,0.0,0.0,1.4955,0.0,0.0,128.0,550.0
1213474.0,0.0,-3.1324,-0.007,0.0,0.0,0.0,1.4955,0.0,0.0,128.0,550.0
1213514.0,0.0,-3.1324,-0.004,0.0,0.0,0.0,1.4955,0.0,0.0,128.0,544.0
1213554.0,0.0,-3.1324,0.007,0.0,0.0,0.0,1.4955,0.0,0.0,128.0,556.0
1213595.0,0.0,-3.1324,0.003,0.0,0.0,0.0,1.4955,0.0,0.0,128.0,556.0
1213635.0,0.0,-3.1324,0.0,0.0,0.0,0.0,1.4955,0.0,0.0,128.0,571.0
1213675.0,0.0,-3.1324,-0.002,0.0,0.0,0.0,1.4955,0.0,0.0,128.0,557.0
1213716.0,0.0,-3.1324,-0.004,0.0,0.0,0.0,1.4955,0.0,0.0,128.0,550.0
1213756.0,0.0,-3.1324,0.001,0.0,0.0,0.0,1.4955,0.0,0.0,128.0,556.0
1213796.0,0.0,-3.1324,-0.0,0.0,0.0,0.0,1.4955,0.0,0.0,128.0,558.0
1213836.0,0.0,-3.1324,0.001,0.0,0.0,0.0,1.4955,0.0,0.0,128.0,557.0
1213876.0,0.0,-3.1324,-0.003,0.0,0.0,0.0,1.4955,0.0,0.0,128.0,557.0
1213917.0,0.0,-3.1324,0.0,0.0,0.0,0.0,1.4955,0.0,0.0,128.0,557.0
1213957.0,0.0,-3.1309,0.011,0.0,0.0,0.0,1.4955,0.0,0.0,128.0,557.0
1213997.0,0.0,-3.1324,0.008,0.0,0.0,0.0,1.4955,0.0,0.0,128.0,558.0
1214037.0,0.0,-3.1324,-0.009,0.0,0.0,0.0,1.4955,0.0,0.0,128.0,549.0
1214077.0,0.0,-3.1309,0.009,0.0,0.0,0.0,1.4955,0.0,0.0,128.0,557.0
1214118.0,0.0,-3.1324,-0.01,0.0,0.0,0.0,1.4955,0.0,0.0,128.0,550.0
1214158.0,0.0,-3.1324,0.012,0.0,0.0,0.0,1.4955,0.0,0.0,128.0,556.0
1214198.0,0.0,-3.1309,0.003,0.0,0.0,0.0,1.4955,0.0,0.0,128.0,556.0
1214238.0,0.0,-3.1324,-0.001,0.0,0.0,0.0,1.4955,0.0,0.0,128.0,557.0
1214278.0,0.0,-3.1324,-0.008,0.0,0.0,0.0,1.4955,0.0,0.0,128.0,544.0
1214318.0,0.0,-3.1309,-0.001,0.0,0.0,0.0,1.4955,0.0,0.0,128.0,550.0
1214358.0,0.0,-3.1324,0.009,0.0,0.0,0.0,1.4955,0.0,0.0,128.0,556.0
1214399.0,0.0,-3.1309,0.004,0.0,0.0,0.0,1.4955,0.0,0.0,128.0,556.0
1214439.0,0.0,-3.1324,-0.007,0.0,0.0,0.0,1.4955,0.0,0.0,128.0,557.0
1214479.0,0.0,-3.1324,-0.01,0.0,0.0,0.0,1.4955,0.0,0.0,128.0,550.0
1214519.0,0.0,-3.1324,-0.001,0.0,0.0,0.0,1.4955,0.0,0.0,128.0,564.0
1214560.0,0.0,-3.1324,-0.0,0.0,0.0,0.0,1.4955,0.0,0.0,128.0,557.0
1214600.0,0.0,-3.1324,0.008,0.0,0.0,0.0,1.4955,0.0,0.0,128.0,551.0
1214640.0,0.0,-3.1324,-0.0,0.0,0.0,0.0,1.4955,0.0,0.0,128.0,551.0
1214681.0,0.0,-3.1324,0.011,0.0,0.0,0.0,1.4955,0.0,0.0,128.0,557.0
1214721.0,0.0,-3.1324,0.004,0.0,0.0,0.0,1.4955,0.0,0.0,128.0,557.0
1214761.0,0.0,-3.1324,-0.004,0.0,0.0,0.0,1.4955,0.0,0.0,128.0,556.0
1214801.0,0.0,-3.1324,0.0,0.0,0.0,0.0,1.4955,0.0,0.0,128.0,550.0
1214842.0,0.0,-3.1324,-0.006,0.0,0.0,0.0,1.4955,0.0,0.0,128.0,549.0
1214882.0,0.0,-3.1324,-0.0,0.0,0.0,0.0,1.4955,0.0,0.0,128.0,556.0
1214922.0,0.0,-3.1309,0.002,0.0,0.0,0.0,1.4955,0.0,0.0,128.0,557.0
1214962.0,0.0,-3.1324,-0.006,0.0,0.0,0.0,1.4955,0.0,0.0,128.0,549.0
1215002.0,0.0,-3.1309,0.009,0.0,0.0,0.0,1.4955,0.0,0.0,128.0,544.0
1215042.0,0.0,-3.1324,-0.005,0.0,0.0,0.0,1.4955,0.0,0.0,128.0,557.0
1215083.0,0.0,-3.1324,0.004,0.0,0.0,0.0,1.4955,0.0,0.0,128.0,556.0
1215123.0,0.0,-3.1309,0.0,0.0,0.0,0.0,1.4955,0.0,0.0,128.0,557.0
1215163.0,0.0,-3.1309,0.001,0.0,0.0,0.0,1.4955,0.0,0.0,128.0,557.0
1215203.0,0.0,-3.1324,0.004,0.0,0.0,0.0,1.4955,0.0,0.0,128.0,549.0
1215244.0,0.0,-3.1324,-0.009,0.0,0.0,0.0,1.4955,0.0,0.0,128.0,543.0
1215284.0,0.0,-3.1309,0.001,0.0,0.0,0.0,1.4955,0.0,0.0,128.0,556.0
1215324.0,0.0,-3.1324,-0.007,0.0,0.0,0.0,1.4955,0.0,0.0,128.0,557.0
1215364.0,0.0,-3.1309,0.005,0.0,0.0,0.0,1.4955,0.0,0.0,128.0,552.0
1215404.0,0.0,-3.1324,-0.006,0.0,0.0,0.0,1.4955,0.0,0.0,128.0,557.0
1215445.0,0.0,-3.1324,-0.002,0.0,0.0,0.0,1.4955,0.0,0.0,128.0,550.0
1215485.0,0.0,-3.1309,0.007,0.0,0.0,0.0,1.4955,0.0,0.0,128.0,557.0
1215525.0,0.0,-3.1324,-0.008,0.0,0.0,0.0,1.4955,0.0,0.0,128.0,549.0
1215565.0,0.0,-3.1324,0.002,0.0,0.0,0.0,1.4955,0.0,0.0,128.0,550.0
1215605.0,0.0,-3.1324,-0.006,0.0,0.0,0.0,1.4955,0.0,0.0,128.0,556.0
1215646.0,0.0,-3.1324,-0.006,0.0,0.0,0.0,1.4955,0.0,0.0,128.0,549.0
1215686.0,0.0,-3.1324,0.007,0.0,0.0,0.0,1.4955,0.0,0.0,128.0,556.0
1215726.0,0.0,-3.1324,0.001,0.0,0.0,0.0,1.4955,0.0,0.0,128.0,557.0
1215766.0,0.0,-3.1324,-0.005,0.0,0.0,0.0,1.4955,0.0,0.0,128.0,543.0
1215806.0,0.0,-3.1309,0.002,0.0,0.0,0.0,1.4955,0.0,0.0,128.0,556.0
1215847.0,0.0,-3.1309,0.009,0.0,0.0,0.0,1.4955,0.0,0.0,128.0,556.0
1215887.0,0.0,-3.1324,-0.011,0.0,0.0,0.0,1.4955,0.0,0.0,128.0,550.0
1215927.0,0.0,-3.1309,0.005,0.0,0.0,0.0,1.4955,0.0,0.0,128.0,550.0
1215968.0,0.0,-3.1324,-0.005,0.0,0.0,0.0,1.4955,0.0,0.0,128.0,550.0
1216008.0,0.0,-3.1324,0.009,0.0,0.0,0.0,1.4955,0.0,0.0,128.0,557.0
1216048.0,0.0,-3.1309,-0.004,0.0,0.0,0.0,1.4955,0.0,0.0,128.0,550.0
1216088.0,0.0,-3.1309,0.012,0.0,0.0,0.0,1.4955,0.0,0.0,128.0,550.0
1216129.0,0.0,-3.1324,-0.008,0.0,0.0,0.0,1.4955,0.0,0.0,128.0,550.0
1216169.0,0.0,-3.1324,0.005,0.0,0.0,0.0,1.4955,0.0,0.0,128.0,556.0
1216209.0,0.0,-3.1324,-0.002,0.0,0.0,0.0,1.4955,0.0,0.0,128.0,550.0
1216249.0,0.0,-3.1324,0.002,0.0,0.0,0.0,1.4955,0.0,0.0,128.0,549.0
1216289.0,0.0,-3.1309,0.004,0.0,0.0,0.0,1.4955,0.0,0.0,128.0,556.0
1216330.0,0.0,-3.1324,-0.0,0.0,0.0,0.0,1.4955,0.0,0.0,128.0,558.0
1216370.0,0.0,-3.1309,0.005,0.0,0.0,0.0,1.4955,0.0,0.0,128.0,551.0
1216410.0,0.0,-3.1324,-0.001,0.0,0.0,0.0,1.4955,0.0,0.0,128.0,550.0
1216451.0,0.0,-3.1324,-0.005,0.0,0.0,0.0,1.4955,0.0,0.0,128.0,550.0
1216491.0,0.0,-3.1324,-0.001,0.0,0.0,0.0,1.4955,0.0,0.0,128.0,557.0
1216531.0,0.0,-3.1324,-0.003,0.0,0.0,0.0,1.4955,0.0,0.0,128.0,549.0
1216571.0,0.0,-3.1324,0.001,0.0,0.0,0.0,1.4955,0.0,0.0,128.0,550.0
1216612.0,0.0,-3.1324,-0.007,0.0,0.0,0.0,1.4955,0.0,0.0,128.0,543.0
1216652.0,0.0,-3.1324,-0.003,0.0,0.0,0.0,1.4955,0.0,0.0,128.0,550.0
1216692.0,0.0,-3.1324,0.003,0.0,0.0,0.0,1.4955,0.0,0.0,128.0,551.0
1216732.0,0.0,-3.1324,-0.003,0.0,0.0,0.0,1.4955,0.0,0.0,128.0,557.0
1216772.0,0.0,-3.1324,-0.002,0.0,0.0,0.0,1.4955,0.0,0.0,128.0,549.0
1216812.0,0.0,-3.1324,-0.002,0.0,0.0,0.0,1.4955,0.0,0.0,128.0,558.0
1216853.0,0.0,-3.1324,-0.003,0.0,0.0,0.0,1.4955,0.0,0.0,128.0,549.0
1216893.0,0.0,-3.1324,-0.003,0.0,0.0,0.0,1.4955,0.0,0.0,128.0,550.0
1216933.0,0.0,-3.1324,0.004,0.0,0.0,0.0,1.4955,0.0,0.0,128.0,550.0
1216973.0,0.0,-3.1309,0.002,0.0,0.0,0.0,1.4955,0.0,0.0,128.0,551.0
1217014.0,0.0,-3.1309,0.003,0.0,0.0,0.0,1.4955,0.0,0.0,128.0,557.0
1217054.0,0.0,-3.1309,0.005,0.0,0.0,0.0,1.4955,0.0,0.0,128.0,557.0
1217094.0,0.0,-3.1309,-0.001,0.0,0.0,0.0,1.4955,0.0,0.0,128.0,557.0
1217135.0,0.0,-3.1324,0.003,0.0,0.0,0.0,1.4955,0.0,0.0,128.0,550.0
1217175.0,0.0,-3.1324,-0.002,0.0,0.0,0.0,1.4955,0.0,0.0,128.0,556.0
1217215.0,0.0,-3.1309,0.001,0.0,0.0,0.0,1.4955,0.0,0.0,128.0,557.0
1217255.0,0.0,-3.1324,0.01,0.0,0.0,0.0,1.4955,0.0,0.0,128.0,550.0
1217296.0,0.0,-3.1324,-0.009,0.0,0.0,0.0,1.4955,0.0,0.0,128.0,544.0
1217336.0,0.0,-3.1324,-0.004,0.0,0.0,0.0,1.4955,0.0,0.0,128.0,549.0
1217376.0,0.0,-3.1309,0.003,0.0,0.0,0.0,1.4955,0.0,0.0,128.0,550.0
1217416.0,0.0,-3.1324,-0.008,0.0,0.0,0.0,1.4955,0.0,0.0,128.0,557.0
1217456.0,0.0,-3.1324,-0.007,0.0,0.0,0.0,1.4955,0.0,0.0,128.0,557.0
1217496.0,0.0,-3.1309,-0.003,0.0,0.0,0.0,1.4955,0.0,0.0,128.0,550.0
1217536.0,0.0,-3.1324,-0.003,0.0,0.0,0.0,1.4955,0.0,0.0,128.0,557.0
1217577.0,0.0,-3.1309,-0.002,0.0,0.0,0.0,1.4955,0.0,0.0,128.0,557.0
1217617.0,0.0,-3.1324,-0.001,0.0,0.0,0.0,1.4955,0.0,0.0,128.0,552.0
1217657.0,0.0,-3.1309,0.009,0.0,0.0,0.0,1.4955,0.0,0.0,128.0,557.0
1217697.0,0.0,-3.1309,-0.003,0.0,0.0,0.0,1.4955,0.0,0.0,128.0,557.0
1217738.0,0.0,-3.1324,0.008,0.0,0.0,0.0,1.4955,0.0,0.0,128.0,557.0
1217778.0,0.0,-3.1324,-0.009,0.0,0.0,0.0,1.4955,0.0,0.0,128.0,543.0
1217818.0,0.0,-3.1309,0.012,0.0,0.0,0.0,1.4955,0.0,0.0,128.0,550.0
1217859.0,0.0,-3.1324,-0.001,0.0,0.0,0.0,1.4955,0.0,0.0,128.0,550.0
1217899.0,0.0,-3.1324,-0.0,0.0,0.0,0.0,1.4955,0.0,0.0,128.0,550.0
1217939.0,0.0,-3.1324,0.003,0.0,0.0,0.0,1.4955,0.0,0.0,128.0,556.0
1217979.0,0.0,-3.1324,0.003,0.0,0.0,0.0,1.4955,0.0,0.0,128.0,556.0
1218019.0,0.0,-3.1309,-0.001,0.0,0.0,0.0,1.4955,0.0,0.0,128.0,551.0
1218059.0,0.0,-3.1324,0.0,0.0,0.0,0.0,1.4955,0.0,0.0,128.0,557.0
1218099.0,0.0,-3.1324,0.009,0.0,0.0,0.0,1.4955,0.0,0.0,128.0,556.0
1218140.0,0.0,-3.1309,-0.007,0.0,0.0,0.0,1.4955,0.0,0.0,128.0,549.0
1218180.0,0.0,-3.1324,-0.004,0.0,0.0,0.0,1.4955,0.0,0.0,128.0,550.0
1218220.0,0.0,-3.1324,-0.004,0.0,0.0,0.0,1.4955,0.0,0.0,128.0,544.0
1218261.0,0.0,-3.1324,-0.006,0.0,0.0,0.0,1.4955,0.0,0.0,128.0,549.0
1218301.0,0.0,-3.1309,0.009,0.0,0.0,0.0,1.4955,0.0,0.0,128.0,556.0
1218341.0,0.0,-3.1324,-0.001,0.0,0.0,0.0,1.4955,0.0,0.0,128.0,557.0
1218381.0,0.0,-3.1309,0.008,0.0,0.0,0.0,1.4955,0.0,0.0,128.0,557.0
1218422.0,0.0,-3.1324,0.001,0.0,0.0,0.0,1.4955,0.0,0.0,128.0,556.0
1218462.0,0.0,-3.1324,0.003,0.0,0.0,0.0,1.4955,0.0,0.0,128.0,557.0
1218502.0,0.0,-3.1309,0.006,0.0,0.0,0.0,1.4955,0.0,0.0,128.0,556.0
1218542.0,0.0,-3.1309,-0.0,0.0,0.0,0.0,1.4955,0.0,0.0,128.0,557.0
1218583.0,0.0,-3.1324,-0.008,0.0,0.0,0.0,1.4955,0.0,0.0,128.0,549.0
1218623.0,0.0,-3.1324,0.0,0.0,0.0,0.0,1.4955,0.0,0.0,128.0,550.0
1218663.0,0.0,-3.1324,0.0,0.0,0.0,0.0,1.4955,0.0,0.0,128.0,550.0
1218704.0,0.0,-3.1324,0.006,0.0,0.0,0.0,1.4955,0.0,0.0,128.0,556.0
1218744.0,0.0,-3.1324,-0.004,0.0,0.0,0.0,1.4955,0.0,0.0,128.0,556.0
1218784.0,0.0,-3.1324,0.006,0.0,0.0,0.0,1.4955,0.0,0.0,128.0,552.0
1218824.0,0.0,-3.1324,-0.002,0.0,0.0,0.0,1.4955,0.0,0.0,128.0,550.0
1218864.0,0.0,-3.1324,0.005,0.0,0.0,0.0,1.4955,0.0,0.0,128.0,551.0
1218904.0,0.0,-3.1324,0.005,0.0,0.0,0.0,1.4955,0.0,0.0,128.0,557.0
1218945.0,0.0,-3.1324,-0.008,0.0,0.0,0.0,1.4955,0.0,0.0,128.0,557.0
1218985.0,0.0,-3.1324,-0.008,0.0,0.0,0.0,1.4955,0.0,0.0,128.0,549.0
1219025.0,0.0,-3.1324,0.001,0.0,0.0,0.0,1.4955,0.0,0.0,128.0,549.0
1219066.0,0.0,-3.1324,-0.002,0.0,0.0,0.0,1.4955,0.0,0.0,128.0,543.0
1219106.0,0.0,-3.1324,0.007,0.0,0.0,0.0,1.4955,0.0,0.0,128.0,556.0
1219146.0,0.0,-3.1324,0.001,0.0,0.0,0.0,1.4955,0.0,0.0,128.0,557.0
1219186.0,0.0,-3.1324,-0.001,0.0,0.0,0.0,1.4955,0.0,0.0,128.0,556.0
1219226.0,0.0,-3.1324,-0.005,0.0,0.0,0.0,1.4955,0.0,0.0,128.0,550.0
1219267.0,0.0,-3.1324,-0.004,0.0,0.0,0.0,1.4955,0.0,0.0,128.0,549.0
1219307.0,0.0,-3.1324,0.0,0.0,0.0,0.0,1.4955,0.0,0.0,128.0,550.0
1219347.0,0.0,-3.1309,0.013,0.0,0.0,0.0,1.4955,0.0,0.0,128.0,556.0
1219388.0,0.0,-3.1324,-0.006,0.0,0.0,0.0,1.4955,0.0,0.0,128.0,556.0
1219428.0,0.0,-3.1324,-0.006,0.0,0.0,0.0,1.4955,0.0,0.0,128.0,550.0
1219468.0,0.0,-3.1324,0.001,0.0,0.0,0.0,1.4955,0.0,0.0,128.0,558.0
1219509.0,0.0,-3.1324,-0.004,0.0,0.0,0.0,1.4955,0.0,0.0,128.0,556.0
1219549.0,0.0,-3.1324,-0.01,0.0,0.0,0.0,1.4955,0.0,0.0,128.0,550.0
1219589.0,0.0,-3.1324,-0.001,0.0,0.0,0.0,1.4955,0.0,0.0,128.0,551.0
1219630.0,0.0,-3.1324,0.0,0.0,0.0,0.0,1.4955,0.0,0.0,128.0,557.0
1219670.0,0.0,-3.1324,-0.001,0.0,0.0,0.0,1.4955,0.0,0.0,128.0,557.0
1219710.0,0.0,-3.1309,0.009,0.0,0.0,0.0,1.4955,0.0,0.0,128.0,551.0
1219751.0,0.0,-3.1324,-0.009,0.0,0.0,0.0,1.4955,0.0,0.0,128.0,543.0
1219791.0,0.0,-3.1309,0.015,0.0,0.0,0.0,1.4955,0.0,0.0,128.0,557.0
1219831.0,0.0,-3.1324,-0.012,0.0,0.0,0.0,1.4955,0.0,0.0,128.0,564.0
1219871.0,0.0,-3.1324,0.001,0.0,0.0,0.0,1.4955,0.0,0.0,128.0,550.0
1219911.0,0.0,-3.1324,0.001,0.0,0.0,0.0,1.4955,0.0,0.0,128.0,556.0
1219952.0,0.0,-3.1324,-0.002,0.0,0.0,0.0,1.4955,0.0,0.0,128.0,549.0
1219992.0,0.0,-3.1324,0.004,0.0,0.0,0.0,1.4955,0.0,0.0,128.0,556.0
1220032.0,0.0,-3.1324,-0.003,0.0,0.0,0.0,1.4955,0.0,0.0,128.0,557.0
1220072.0,0.0,-3.1324,0.004,0.0,0.0,0.0,1.4955,0.0,0.0,128.0,556.0
1220113.0,0.0,-3.1324,-0.01,0.0,0.0,0.0,1.4955,0.0,0.0,128.0,550.0
1220153.0,0.0,-3.1309,0.004,0.0,0.0,0.0,1.4955,0.0,0.0,128.0,556.0
1220193.0,0.0,-3.1324,0.009,0.0,0.0,0.0,1.4955,0.0,0.0,128.0,557.0
1220233.0,0.0,-3.1324,-0.006,0.0,0.0,0.0,1.4955,0.0,0.0,128.0,544.0
1220274.0,0.0,-3.1324,-0.008,0.0,0.0,0.0,1.4955,0.0,0.0,128.0,544.0
1220314.0,0.0,-3.1324,0.007,0.0,0.0,0.0,1.4955,0.0,0.0,128.0,556.0
1220354.0,0.0,-3.1324,0.004,0.0,0.0,0.0,1.4955,0.0,0.0,128.0,557.0
1220394.0,0.0,-3.1324,-0.001,0.0,0.0,0.0,1.4955,0.0,0.0,128.0,551.0
1220435.0,0.0,-3.1324,0.0,0.0,0.0,0.0,1.4955,0.0,0.0,128.0,556.0
1220475.0,0.0,-3.1324,-0.008,0.0,0.0,0.0,1.4955,0.0,0.0,128.0,551.0
1220515.0,0.0,-3.1324,0.01,0.0,0.0,0.0,1.4955,0.0,0.0,128.0,571.0
1220555.0,0.0,-3.1324,0.007,0.0,0.0,0.0,1.4955,0.0,0.0,128.0,556.0
1220596.0,0.0,-3.1324,-0.01,0.0,0.0,0.0,1.4955,0.0,0.0,128.0,549.0
1220636.0,0.0,-3.1324,0.004,0.0,0.0,0.0,1.4955,0.0,0.0,128.0,550.0
1220676.0,0.0,-3.1324,-0.008,0.0,0.0,0.0,1.4955,0.0,0.0,128.0,564.0
1220716.0,0.0,-3.1324,0.002,0.0,0.0,0.0,1.4955,0.0,0.0,128.0,556.0
1220757.0,0.0,-3.1324,0.002,0.0,0.0,0.0,1.4955,0.0,0.0,128.0,556.0
1220797.0,0.0,-3.1309,0.01,0.0,0.0,0.0,1.4955,0.0,0.0,128.0,556.0
1220837.0,0.0,-3.1324,0.002,0.0,0.0,0.0,1.4955,0.0,0.0,128.0,557.0
1220877.0,0.0,-3.1309,0.002,0.0,0.0,0.0,1.4955,0.0,0.0,128.0,557.0
1220918.0,0.0,-3.1309,0.009,0.0,0.0,0.0,1.4955,0.0,0.0,128.0,556.0
1220958.0,0.0,-3.1324,-0.004,0.0,0.0,0.0,1.4955,0.0,0.0,128.0,550.0
1220998.0,0.0,-3.1309,0.014,0.0,0.0,0.0,1.4955,0.0,0.0,128.0,556.0
1221039.0,0.0,-3.1324,-0.01,0.0,0.0,0.0,1.4955,0.0,0.0,128.0,551.0
1221079.0,0.0,-3.1324,-0.005,0.0,0.0,0.0,1.4955,0.0,0.0,128.0,557.0
1221119.0,0.0,-3.1309,-0.001,0.0,0.0,0.0,1.4955,0.0,0.0,128.0,549.0
1221160.0,0.0,-3.1324,-0.002,0.0,0.0,0.0,1.4955,0.0,0.0,128.0,543.0
1221200.0,0.0,-3.1309,0.007,0.0,0.0,0.0,1.4955,0.0,0.0,128.0,556.0
1221240.0,0.0,-3.1324,-0.0,0.0,0.0,0.0,1.4955,0.0,0.0,128.0,557.0
1221280.0,0.0,-3.1309,0.004,0.0,0.0,0.0,1.4955,0.0,0.0,128.0,550.0
1221321.0,0.0,-3.1324,-0.005,0.0,0.0,0.0,1.4955,0.0,0.0,128.0,543.0
1221361.0,0.0,-3.1324,0.003,0.0,0.0,0.0,1.4955,0.0,0.0,128.0,550.0
1221401.0,0.0,-3.1309,0.012,0.0,0.0,0.0,1.4955,0.0,0.0,128.0,557.0
1221441.0,0.0,-3.1324,0.0,0.0,0.0,0.0,1.4955,0.0,0.0,128.0,549.0
1221481.0,0.0,-3.1309,0.003,0.0,0.0,0.0,1.4955,0.0,0.0,128.0,556.0
1221522.0,0.0,-3.1324,-0.005,0.0,0.0,0.0,1.4955,0.0,0.0,128.0,556.0
1221562.0,0.0,-3.1324,0.004,0.0,0.0,0.0,1.4955,0.0,0.0,128.0,557.0
1221602.0,0.0,-3.1324,-0.003,0.0,0.0,0.0,1.4955,0.0,0.0,128.0,556.0
1221643.0,0.0,-3.1324,0.008,0.0,0.0,0.0,1.4955,0.0,0.0,128.0,556.0
1221683.0,0.0,-3.1324,0.005,0.0,0.0,0.0,1.4955,0.0,0.0,128.0,557.0
1221723.0,0.0,-3.1324,0.001,0.0,0.0,0.0,1.4955,0.0,0.0,128.0,557.0
1221763.0,0.0,-3.1324,0.004,0.0,0.0,0.0,1.4955,0.0,0.0,128.0,550.0
1221803.0,0.0,-3.1324,-0.005,0.0,0.0,0.0,1.4955,0.0,0.0,128.0,556.0
1221844.0,0.0,-3.1324,0.0,0.0,0.0,0.0,1.4955,0.0,0.0,128.0,556.0
1221884.0,0.0,-3.1324,-0.004,0.0,0.0,0.0,1.4955,0.0,0.0,128.0,550.0
1221924.0,0.0,-3.1324,-0.003,0.0,0.0,0.0,1.4955,0.0,0.0,128.0,550.0
1221965.0,0.0,-3.1324,-0.006,0.0,0.0,0.0,1.4955,0.0,0.0,128.0,549.0
1222005.0,0.0,-3.1324,-0.002,0.0,0.0,0.0,1.4955,0.0,0.0,128.0,550.0
1222045.0,0.0,-3.1324,-0.001,0.0,0.0,0.0,1.4955,0.0,0.0,128.0,556.0
1222085.0,0.0,-3.1309,0.003,0.0,0.0,0.0,1.4955,0.0,0.0,128.0,558.0
1222125.0,0.0,-3.1324,0.003,0.0,0.0,0.0,1.4955,0.0,0.0,128.0,557.0
1222165.0,0.0,-3.1324,-0.003,0.0,0.0,0.0,1.4955,0.0,0.0,128.0,564.0
1222206.0,0.0,-3.1324,-0.004,0.0,0.0,0.0,1.4955,0.0,0.0,128.0,564.0
1222246.0,0.0,-3.1324,-0.007,0.0,0.0,0.0,1.4955,0.0,0.0,128.0,543.0
1222286.0,0.0,-3.1324,-0.0,0.0,0.0,0.0,1.4955,0.0,0.0,128.0,576.0
1222326.0,0.0,-3.1324,-0.002,0.0,0.0,0.0,1.4955,0.0,0.0,128.0,550.0
1222367.0,0.0,-3.1324,0.0,0.0,0.0,0.0,1.4955,0.0,0.0,128.0,550.0
1222407.0,0.0,-3.1324,-0.006,0.0,0.0,0.0,1.4955,0.0,0.0,128.0,564.0
1222447.0,0.0,-3.1324,-0.0,0.0,0.0,0.0,1.4955,0.0,0.0,128.0,556.0
1222488.0,0.0,-3.1324,-0.001,0.0,0.0,0.0,1.4955,0.0,0.0,128.0,543.0
1222528.0,0.0,-3.1324,0.001,0.0,0.0,0.0,1.4955,0.0,0.0,128.0,557.0
1222568.0,0.0,-3.1324,0.003,0.0,0.0,0.0,1.4955,0.0,0.0,128.0,552.0
1222608.0,0.0,-3.1309,-0.001,0.0,0.0,0.0,1.4955,0.0,0.0,128.0,551.0
1222649.0,0.0,-3.1324,-0.0,0.0,0.0,0.0,1.4955,0.0,0.0,128.0,558.0
1222689.0,0.0,-3.1324,-0.007,0.0,0.0,0.0,1.4955,0.0,0.0,128.0,550.0
1222729.0,0.0,-3.1324,0.006,0.0,0.0,0.0,1.4955,0.0,0.0,128.0,576.0
1222769.0,0.0,-3.1309,0.002,0.0,0.0,0.0,1.4955,0.0,0.0,128.0,550.0
1222809.0,0.0,-3.1324,0.004,0.0,0.0,0.0,1.4955,0.0,0.0,128.0,556.0
1222850.0,0.0,-3.1324,-0.009,0.0,0.0,0.0,1.4955,0.0,0.0,128.0,550.0
1222890.0,0.0,-3.1324,-0.006,0.0,0.0,0.0,1.4955,0.0,0.0,128.0,550.0
1222930.0,0.0,-3.1324,0.005,0.0,0.0,0.0,1.4955,0.0,0.0,128.0,556.0
1222970.0,0.0,-3.1309,0.009,0.0,0.0,0.0,1.4955,0.0,0.0,128.0,556.0
1223011.0,0.0,-3.1324,-0.015,0.0,0.0,0.0,1.4955,0.0,0.0,128.0,544.0
1223051.0,0.0,-3.1324,-0.005,0.0,0.0,0.0,1.4955,0.0,0.0,128.0,550.0
1223091.0,0.0,-3.1309,0.002,0.0,0.0,0.0,1.4955,0.0,0.0,128.0,557.0
1223131.0,0.0,-3.1324,0.01,0.0,0.0,0.0,1.4955,0.0,0.0,128.0,557.0
1223171.0,0.0,-3.1324,-0.002,0.0,0.0,0.0,1.4955,0.0,0.0,128.0,552.0
1223212.0,0.0,-3.1324,0.004,0.0,0.0,0.0,1.4955,0.0,0.0,128.0,556.0
1223252.0,0.0,-3.1309,-0.0,0.0,0.0,0.0,1.4955,0.0,0.0,128.0,557.0
1223292.0,0.0,-3.1324,-0.004,0.0,0.0,0.0,1.4955,0.0,0.0,128.0,544.0
1223332.0,0.0,-3.1309,0.006,0.0,0.0,0.0,1.4955,0.0,0.0,128.0,556.0
1223373.0,0.0,-3.1309,0.007,0.0,0.0,0.0,1.4955,0.0,0.0,128.0,551.0
1223413.0,0.0,-3.1324,-0.001,0.0,0.0,0.0,1.4955,0.0,0.0,128.0,556.0
1223453.0,0.0,-3.1324,-0.005,0.0,0.0,0.0,1.4955,0.0,0.0,128.0,557.0
1223493.0,0.0,-3.1324,-0.005,0.0,0.0,0.0,1.4955,0.0,0.0,128.0,549.0
1223533.0,0.0,-3.1324,-0.006,0.0,0.0,0.0,1.4955,0.0,0.0,128.0,549.0
1223573.0,0.0,-3.1324,0.004,0.0,0.0,0.0,1.4955,0.0,0.0,128.0,557.0
1223614.0,0.0,-3.1324,-0.005,0.0,0.0,0.0,1.4955,0.0,0.0,128.0,543.0
1223654.0,0.0,-3.1324,-0.005,0.0,0.0,0.0,1.4955,0.0,0.0,128.0,549.0
1223694.0,0.0,-3.1324,-0.004,0.0,0.0,0.0,1.4955,0.0,0.0,128.0,551.0
1223734.0,0.0,-3.1324,0.003,0.0,0.0,0.0,1.4955,0.0,0.0,128.0,551.0
1223775.0,0.0,-3.1324,0.006,0.0,0.0,0.0,1.4955,0.0,0.0,128.0,551.0
1223815.0,0.0,-3.1324,-0.003,0.0,0.0,0.0,1.4955,0.0,0.0,128.0,564.0
1223855.0,0.0,-3.1309,-0.001,0.0,0.0,0.0,1.4955,0.0,0.0,128.0,570.0
1223895.0,0.0,-3.1324,-0.005,0.0,0.0,0.0,1.4955,0.0,0.0,128.0,569.0
1223935.0,0.0,-3.1324,-0.0,0.0,0.0,0.0,1.4955,0.0,0.0,128.0,542.0
1223975.0,0.0,-3.1309,0.004,0.0,0.0,0.0,1.4955,0.0,0.0,128.0,556.0
1224016.0,0.0,-3.1309,0.002,0.0,0.0,0.0,1.4955,0.0,0.0,128.0,556.0
1224056.0,0.0,-3.1309,0.004,0.0,0.0,0.0,1.4955,0.0,0.0,128.0,571.0
1224096.0,0.0,-3.1324,-0.001,0.0,0.0,0.0,1.4955,0.0,0.0,128.0,558.0
1224137.0,0.0,-3.1324,-0.004,0.0,0.0,0.0,1.4955,0.0,0.0,128.0,550.0
1224177.0,0.0,-3.1324,0.006,0.0,0.0,0.0,1.4955,0.0,0.0,128.0,557.0
1224217.0,0.0,-3.1324,0.01,0.0,0.0,0.0,1.4955,0.0,0.0,128.0,557.0
1224257.0,0.0,-3.1324,0.006,0.0,0.0,0.0,1.4955,0.0,0.0,128.0,550.0
1224297.0,0.0,-3.1309,-0.003,0.0,0.0,0.0,1.4955,0.0,0.0,128.0,564.0
1224338.0,0.0,-3.1324,-0.006,0.0,0.0,0.0,1.4955,0.0,0.0,128.0,557.0
1224378.0,0.0,-3.1324,-0.0,0.0,0.0,0.0,1.4955,0.0,0.0,128.0,563.0
1224418.0,0.0,-3.1309,0.018,0.0,0.0,0.0,1.4955,0.0,0.0,128.0,556.0
1224458.0,0.0,-3.1309,0.006,0.0,0.0,0.0,1.4955,0.0,0.0,128.0,557.0
1224499.0,0.0,-3.1324,-0.007,0.0,0.0,0.0,1.4955,0.0,0.0,128.0,556.0
1224539.0,0.0,-3.1324,-0.003,0.0,0.0,0.0,1.4955,0.0,0.0,128.0,550.0
1224579.0,0.0,-3.1324,0.002,0.0,0.0,0.0,1.4955,0.0,0.0,128.0,544.0
1224620.0,0.0,-3.1324,-0.003,0.0,0.0,0.0,1.4955,0.0,0.0,128.0,549.0
1224660.0,0.0,-3.1309,0.015,0.0,0.0,0.0,1.4955,0.0,0.0,128.0,557.0
1224700.0,0.0,-3.1324,-0.01,0.0,0.0,0.0,1.4955,0.0,0.0,128.0,550.0
1224740.0,0.0,-3.1324,-0.006,0.0,0.0,0.0,1.4955,0.0,0.0,128.0,545.0
1224781.0,0.0,-3.1324,0.012,0.0,0.0,0.0,1.4955,0.0,0.0,128.0,550.0
1224821.0,0.0,-3.1324,0.007,0.0,0.0,0.0,1.4955,0.0,0.0,128.0,556.0
1224861.0,0.0,-3.1324,-0.006,0.0,0.0,0.0,1.4955,0.0,0.0,128.0,556.0
1224901.0,0.0,-3.1324,-0.003,0.0,0.0,0.0,1.4955,0.0,0.0,128.0,557.0
1224941.0,0.0,-3.1324,-0.006,0.0,0.0,0.0,1.4955,0.0,0.0,128.0,549.0
1224981.0,0.0,-3.1324,0.001,0.0,0.0,0.0,1.4955,0.0,0.0,128.0,551.0
1225022.0,0.0,-3.1324,0.004,0.0,0.0,0.0,1.4955,0.0,0.0,128.0,556.0
1225062.0,0.0,-3.1309,-0.004,0.0,0.0,0.0,1.4955,0.0,0.0,128.0,556.0
1225102.0,0.0,-3.1309,0.0,0.0,0.0,0.0,1.4955,0.0,0.0,128.0,557.0
1225142.0,0.0,-3.1324,-0.006,0.0,0.0,0.0,1.4955,0.0,0.0,128.0,549.0
1225183.0,0.0,-3.1324,-0.002,0.0,0.0,0.0,1.4955,0.0,0.0,128.0,549.0
1225223.0,0.0,-3.1324,0.003,0.0,0.0,0.0,1.4955,0.0,0.0,128.0,557.0
1225263.0,0.0,-3.1324,-0.001,0.0,0.0,0.0,1.4955,0.0,0.0,128.0,557.0
1225303.0,0.0,-3.1324,0.0,0.0,0.0,0.0,1.4955,0.0,0.0,128.0,558.0
1225344.0,0.0,-3.1324,-0.008,0.0,0.0,0.0,1.4955,0.0,0.0,128.0,549.0
1225384.0,0.0,-3.1324,-0.003,0.0,0.0,0.0,1.4955,0.0,0.0,128.0,544.0
1225424.0,0.0,-3.1324,-0.003,0.0,0.0,0.0,1.4955,0.0,0.0,128.0,549.0
1225464.0,0.0,-3.1324,0.005,0.0,0.0,0.0,1.4955,0.0,0.0,128.0,551.0
1225504.0,0.0,-3.1309,-0.002,0.0,0.0,0.0,1.4955,0.0,0.0,128.0,556.0
1225544.0,0.0,-3.1324,-0.002,0.0,0.0,0.0,1.4955,0.0,0.0,128.0,557.0
1225584.0,0.0,-3.1324,-0.006,0.0,0.0,0.0,1.4955,0.0,0.0,128.0,550.0
1225624.0,0.0,-3.1324,-0.002,0.0,0.0,0.0,1.4955,0.0,0.0,128.0,543.0
1225664.0,0.0,-3.1324,0.001,0.0,0.0,0.0,1.4955,0.0,0.0,128.0,556.0
1225705.0,0.0,-3.1324,-0.002,0.0,0.0,0.0,1.4955,0.0,0.0,128.0,556.0
1225745.0,0.0,-3.1324,-0.005,0.0,0.0,0.0,1.4955,0.0,0.0,128.0,571.0
1225785.0,0.0,-3.1324,0.005,0.0,0.0,0.0,1.4955,0.0,0.0,128.0,550.0
1225826.0,0.0,-3.1324,-0.001,0.0,0.0,0.0,1.4955,0.0,0.0,128.0,556.0
1225866.0,0.0,-3.1324,-0.009,0.0,0.0,0.0,1.4955,0.0,0.0,128.0,550.0
1225906.0,0.0,-3.1324,-0.004,0.0,0.0,0.0,1.4955,0.0,0.0,128.0,549.0
1225947.0,0.0,-3.1324,-0.008,0.0,0.0,0.0,1.4955,0.0,0.0,128.0,549.0
1225987.0,0.0,-3.1324,-0.006,0.0,0.0,0.0,1.4955,0.0,0.0,128.0,550.0
1226027.0,0.0,-3.1324,0.006,0.0,0.0,0.0,1.4955,0.0,0.0,128.0,556.0
1226068.0,0.0,-3.1324,-0.003,0.0,0.0,0.0,1.4955,0.0,0.0,128.0,556.0
1226108.0,0.0,-3.1324,-0.005,0.0,0.0,0.0,1.4955,0.0,0.0,128.0,550.0
1226148.0,0.0,-3.1324,-0.003,0.0,0.0,0.0,1.4955,0.0,0.0,128.0,545.0
1226189.0,0.0,-3.1324,-0.0,0.0,0.0,0.0,1.4955,0.0,0.0,128.0,549.0
1226229.0,0.0,-3.1324,0.002,0.0,0.0,0.0,1.4955,0.0,0.0,128.0,550.0
1226269.0,0.0,-3.1324,-0.005,0.0,0.0,0.0,1.4955,0.0,0.0,128.0,551.0
1226309.0,0.0,-3.1324,0.006,0.0,0.0,0.0,1.4955,0.0,0.0,128.0,558.0
1226349.0,0.0,-3.1324,-0.005,0.0,0.0,0.0,1.4955,0.0,0.0,128.0,564.0
1226390.0,0.0,-3.1324,-0.002,0.0,0.0,0.0,1.4955,0.0,0.0,128.0,550.0
1226430.0,0.0,-3.1309,0.003,0.0,0.0,0.0,1.4955,0.0,0.0,128.0,558.0
1226470.0,0.0,-3.1324,0.001,0.0,0.0,0.0,1.4955,0.0,0.0,128.0,565.0
1226510.0,0.0,-3.1324,-0.002,0.0,0.0,0.0,1.4955,0.0,0.0,128.0,569.0
1226550.0,0.0,-3.1324,-0.005,0.0,0.0,0.0,1.4955,0.0,0.0,128.0,551.0
1226590.0,0.0,-3.1324,-0.001,0.0,0.0,0.0,1.4955,0.0,0.0,128.0,558.0
1226631.0,0.0,-3.1324,0.002,0.0,0.0,0.0,1.4955,0.0,0.0,128.0,556.0
1226671.0,0.0,-3.1324,-0.001,0.0,0.0,0.0,1.4955,0.0,0.0,128.0,557.0
1226711.0,0.0,-3.1324,-0.006,0.0,0.0,0.0,1.4955,0.0,0.0,128.0,549.0
1226752.0,0.0,-3.1309,0.007,0.0,0.0,0.0,1.4955,0.0,0.0,128.0,556.0
1226792.0,0.0,-3.1324,-0.006,0.0,0.0,0.0,1.4955,0.0,0.0,128.0,550.0
1226832.0,0.0,-3.1324,-0.001,0.0,0.0,0.0,1.4955,0.0,0.0,128.0,543.0
1226873.0,0.0,-3.1309,0.004,0.0,0.0,0.0,1.4955,0.0,0.0,128.0,544.0
1226913.0,0.0,-3.1324,-0.005,0.0,0.0,0.0,1.4955,0.0,0.0,128.0,556.0
1226953.0,0.0,-3.1324,-0.01,0.0,0.0,0.0,1.4955,0.0,0.0,128.0,550.0
1226993.0,0.0,-3.1324,0.001,0.0,0.0,0.0,1.4955,0.0,0.0,128.0,558.0
1227034.0,0.0,-3.1324,-0.004,0.0,0.0,0.0,1.4955,0.0,0.0,128.0,549.0
1227074.0,0.0,-3.1324,0.007,0.0,0.0,0.0,1.4955,0.0,0.0,128.0,551.0
1227114.0,0.0,-3.1324,-0.007,0.0,0.0,0.0,1.4955,0.0,0.0,128.0,544.0
1227154.0,0.0,-3.1324,-0.004,0.0,0.0,0.0,1.4955,0.0,0.0,128.0,551.0
1227194.0,0.0,-3.1324,-0.001,0.0,0.0,0.0,1.4955,0.0,0.0,128.0,550.0
1227234.0,0.0,-3.1324,0.002,0.0,0.0,0.0,1.4955,0.0,0.0,128.0,565.0
1227275.0,0.0,-3.1324,0.003,0.0,0.0,0.0,1.4955,0.0,0.0,128.0,564.0
1227315.0,0.0,-3.1324,-0.004,0.0,0.0,0.0,1.4955,0.0,0.0,128.0,549.0
1227355.0,0.0,-3.1324,-0.002,0.0,0.0,0.0,1.4955,0.0,0.0,128.0,549.0
1227395.0,0.0,-3.1324,-0.002,0.0,0.0,0.0,1.4955,0.0,0.0,128.0,556.0
1227436.0,0.0,-3.1324,0.001,0.0,0.0,0.0,1.4955,0.0,0.0,128.0,556.0
1227476.0,0.0,-3.1324,-0.001,0.0,0.0,0.0,1.4955,0.0,0.0,128.0,557.0
1227516.0,0.0,-3.1324,0.006,0.0,0.0,0.0,1.4955,0.0,0.0,128.0,557.0
1227556.0,0.0,-3.1324,-0.004,0.0,0.0,0.0,1.4955,0.0,0.0,128.0,550.0
1227597.0,0.0,-3.1324,0.003,0.0,0.0,0.0,1.4955,0.0,0.0,128.0,556.0
1227637.0,0.0,-3.1324,0.001,0.0,0.0,0.0,1.4955,0.0,0.0,128.0,557.0
1227677.0,0.0,-3.1324,-0.002,0.0,0.0,0.0,1.4955,0.0,0.0,128.0,556.0
1227718.0,0.0,-3.1324,-0.007,0.0,0.0,0.0,1.4955,0.0,0.0,128.0,549.0
1227758.0,0.0,-3.1324,0.004,0.0,0.0,0.0,1.4955,0.0,0.0,128.0,556.0
1227798.0,0.0,-3.1309,0.003,0.0,0.0,0.0,1.4955,0.0,0.0,128.0,557.0
1227838.0,0.0,-3.1324,-0.001,0.0,0.0,0.0,1.4955,0.0,0.0,128.0,549.0
1227879.0,0.0,-3.1324,-0.003,0.0,0.0,0.0,1.4955,0.0,0.0,128.0,549.0
1227919.0,0.0,-3.1324,-0.005,0.0,0.0,0.0,1.4955,0.0,0.0,128.0,549.0
1227959.0,0.0,-3.1324,0.002,0.0,0.0,0.0,1.4955,0.0,0.0,128.0,556.0
1227999.0,0.0,-3.1324,-0.0,0.0,0.0,0.0,1.4955,0.0,0.0,128.0,564.0
1228039.0,0.0,-3.1309,0.002,0.0,0.0,0.0,1.4955,0.0,0.0,128.0,557.0
1228080.0,0.0,-3.1324,-0.002,0.0,0.0,0.0,1.4955,0.0,0.0,128.0,556.0
1228120.0,0.0,-3.1309,0.0,0.0,0.0,0.0,1.4955,0.0,0.0,128.0,557.0
1228160.0,0.0,-3.1309,0.009,0.0,0.0,0.0,1.4955,0.0,0.0,128.0,544.0
1228201.0,0.0,-3.1324,0.0,0.0,0.0,0.0,1.4955,0.0,0.0,128.0,549.0
1228241.0,0.0,-3.1324,-0.001,0.0,0.0,0.0,1.4955,0.0,0.0,128.0,550.0
1228281.0,0.0,-3.1324,-0.008,0.0,0.0,0.0,1.4955,0.0,0.0,128.0,564.0
1228321.0,0.0,-3.1324,-0.004,0.0,0.0,0.0,1.4955,0.0,0.0,128.0,557.0
1228362.0,0.0,-3.1324,-0.002,0.0,0.0,0.0,1.4955,0.0,0.0,128.0,556.0
1228402.0,0.0,-3.1324,-0.007,0.0,0.0,0.0,1.4955,0.0,0.0,128.0,550.0
1228442.0,0.0,-3.1309,0.009,0.0,0.0,0.0,1.4955,0.0,0.0,128.0,550.0
1228482.0,0.0,-3.1309,0.012,0.0,0.0,0.0,1.4955,0.0,0.0,128.0,556.0
1228523.0,0.0,-3.1324,-0.005,0.0,0.0,0.0,1.4955,0.0,0.0,128.0,550.0
1228563.0,0.0,-3.1324,0.0,0.0,0.0,0.0,1.4955,0.0,0.0,128.0,550.0
1228603.0,0.0,-3.1324,0.004,0.0,0.0,0.0,1.4955,0.0,0.0,128.0,556.0
1228643.0,0.0,-3.1309,0.005,0.0,0.0,0.0,1.4955,0.0,0.0,128.0,550.0
1228684.0,0.0,-3.1324,-0.009,0.0,0.0,0.0,1.4955,0.0,0.0,128.0,549.0
1228724.0,0.0,-3.1324,0.004,0.0,0.0,0.0,1.4955,0.0,0.0,128.0,556.0
1228764.0,0.0,-3.1324,-0.008,0.0,0.0,0.0,1.4955,0.0,0.0,128.0,550.0
1228804.0,0.0,-3.1324,0.003,0.0,0.0,0.0,1.4955,0.0,0.0,128.0,576.0
1228844.0,0.0,-3.1324,-0.005,0.0,0.0,0.0,1.4955,0.0,0.0,128.0,543.0
1228885.0,0.0,-3.1324,-0.007,0.0,0.0,0.0,1.4955,0.0,0.0,128.0,549.0
1228925.0,0.0,-3.1309,0.003,0.0,0.0,0.0,1.4955,0.0,0.0,128.0,556.0
1228966.0,2.0,-3.1324,-0.022,0.0,0.0001,0.0,-1.0,0.0,0.0,128.0,784.0
1229006.0,2.0,3.1186,-0.67,-0.00019,-0.0152,-1.463,-0.9971,0.0,0.0,128.0,730.0
1229047.0,2.0,2.9683,-3.107,-0.00334,-0.1785,-6.383,-0.9197,0.0,0.0,128.0,745.0
1229088.0,2.0,2.8547,-2.819,-0.01688,-0.5211,-8.178,-0.9116,0.0,0.0,128.0,730.0
1229128.0,2.0,2.7044,-4.237,-0.04241,-0.7503,-3.391,-0.7812,0.0,0.0,128.0,745.0
1229169.0,5.0,2.4912,-5.058,-0.0741,-0.7961,0.809,-0.8933,0.0,0.0,128.0,696.0
1229209.0,5.0,2.5848,-0.438,-0.10365,-0.6653,5.609,-0.8933,0.0,0.0,128.0,695.0
1229250.0,5.0,2.6461,0.822,-0.12431,-0.3467,9.118,-0.8933,0.0,0.0,128.0,674.0
1229290.0,5.0,2.8394,3.7,-0.13234,-0.0762,4.198,-0.8933,0.0,0.0,128.0,673.0
1229332.0,6.0,-3.0649,7.717,-0.13331,0.0007,0.36,-0.8933,0.0,0.0,128.0,807.0
1229372.0,6.0,-2.7918,8.831,-0.1323,0.0558,1.5,-0.8933,0.0,0.0,128.0,715.0
1229412.0,2.0,-2.5418,6.854,-0.12896,0.1224,2.7,-0.5382,0.0,0.0,128.0,739.0
1229453.0,2.0,-2.0647,12.786,-0.12053,0.3364,7.62,0.6254,0.0,0.0,128.0,737.0
1229493.0,2.0,-2.0203,3.35,-0.10099,0.65,5.987,-0.3867,0.0,0.0,128.0,739.0
1229533.0,2.0,-1.623,8.632,-0.07204,0.7917,1.203,0.3898,0.0,0.0,128.0,739.0
1229574.0,2.0,-1.7181,0.142,-0.03998,0.7972,0.788,-0.0832,0.0,0.0,128.0,753.0
1229615.0,2.0,-1.7717,-1.6,-0.00836,0.754,-2.618,-0.1621,0.0,0.0,128.0,768.0
1229655.0,2.0,-1.985,-4.317,0.01804,0.5509,-7.418,-0.2652,0.0,0.0,128.0,767.0
1229696.0,2.0,-2.3915,-10.023,0.03296,0.1491,-11.591,-0.1506,0.0,0.0,128.0,752.0
1229737.0,2.0,3.0327,-17.466,0.02929,-0.3251,-9.551,0.9322,0.0,0.0,128.0,715.0
1229778.0,2.0,2.3899,-17.275,0.00983,-0.6133,-4.631,1.2014,0.0,0.0,128.0,725.0
1229818.0,2.0,1.8055,-14.547,-0.01658,-0.7002,0.169,1.1274,0.0,0.0,128.0,751.0
1229859.0,2.0,1.333,-12.265,-0.04365,-0.6226,2.991,1.2191,0.0,0.0,128.0,746.0
1229899.0,2.0,1.0078,-8.952,-0.06503,-0.4397,5.614,1.0598,0.0,0.0,128.0,745.0
1229940.0,2.0,0.4126,-12.869,-0.07815,-0.2201,3.573,1.9274,0.0,0.0,128.0,730.0
1229981.0,2.0,0.1365,-8.795,-0.08546,-0.1702,0.333,1.4882,0.0,0.0,128.0,743.0
1230021.0,2.0,-0.0445,-4.507,-0.09068,-0.0585,5.133,1.1281,0.0,0.0,128.0,745.0
1230062.0,2.0,-0.4004,-7.845,-0.08876,0.1482,4.32,1.3116,0.0,0.0,128.0,723.0
1230102.0,2.0,-0.7762,-9.19,-0.07987,0.3057,3.85,1.242,0.0,0.0,128.0,722.0
1230142.0,2.0,-1.2011,-10.277,-0.06442,0.4848,3.718,1.0601,0.0,0.0,128.0,728.0
1230182.0,2.0,-1.9666,-17.404,-0.04335,0.5959,4.198,1.5278,0.0,0.0,128.0,738.0
1230223.0,2.0,-3.0756,-25.572,-0.01541,0.7738,2.398,3.1336,0.0,0.0,128.0,731.0
1230263.0,2.0,2.4268,-21.616,0.0159,0.7998,0.0,2.2568,0.0,0.0,128.0,725.0
1230303.0,2.0,1.8669,-14.877,0.04736,0.7859,-1.774,1.1389,0.0,0.0,128.0,779.0
1230344.0,2.0,1.3867,-12.346,0.07627,0.6098,-6.694,1.1921,0.0,0.0,128.0,750.0
1230384.0,2.0,1.0569,-8.715,0.09416,0.281,-8.07,0.9948,0.0,0.0,128.0,752.0
1230425.0,2.0,0.8498,-5.845,0.09919,-0.0354,-7.075,0.8995,0.0,0.0,128.0,723.0
1230465.0,2.0,0.701,-3.996,0.09274,-0.2951,-5.865,0.8781,0.0,0.0,128.0,739.0
1230506.0,2.0,0.8682,2.55,0.07639,-0.5086,-5.196,0.7496,0.0,0.0,128.0,738.0
1230547.0,2.0,1.1996,7.78,0.05126,-0.7308,-3.986,0.7496,0.0,0.0,128.0,733.0
1230588.0,2.0,1.5693,8.56,0.0198,-0.7998,0.0,0.4759,0.0,0.0,128.0,734.0
1230628.0,2.0,2.1338,12.708,-0.01046,-0.7061,4.685,0.4832,0.0,0.0,128.0,754.0
1230669.0,2.0,2.8547,15.476,-0.03386,-0.4131,8.645,0.5916,0.0,0.0,128.0,760.0
1230710.0,2.0,-2.4912,22.716,-0.04493,-0.162,3.725,2.4646,0.0,0.0,128.0,761.0
1230751.0,2.0,-1.514,25.708,-0.0498,-0.1018,0.965,4.3319,0.0,0.0,128.0,751.0
1230792.0,2.0,-0.9541,16.449,-0.05179,0.0411,5.885,2.3681,0.0,0.0,128.0,719.0
1230832.0,2.0,-0.5553,10.689,-0.0447,0.3352,7.538,1.5772,0.0,0.0,128.0,722.0
1230873.0,2.0,-0.3114,7.129,-0.02595,0.5662,3.282,1.2821,0.0,0.0,128.0,732.0
1230913.0,2.0,-0.1289,4.533,-0.00233,0.6108,-0.093,1.1179,0.0,0.0,128.0,754.0
1230953.0,3.0,-0.1549,1.318,0.02108,0.5544,-2.045,0.999,0.0,0.0,128.0,732.0
1230994.0,3.0,0.3283,9.634,0.0432,0.5739,2.875,1.5332,0.0,0.0,128.0,691.0
1231034.0,5.0,0.6826,9.509,0.06863,0.703,1.435,1.5602,0.0,0.0,128.0,653.0
1231074.0,5.0,0.9327,6.499,0.09619,0.6621,-3.365,1.5602,0.0,0.0,128.0,661.0
1231115.0,5.0,1.4082,10.935,0.11846,0.4291,-8.165,1.5602,0.0,0.0,128.0,694.0
1231155.0,5.0,1.985,13.383,0.12923,0.1202,-5.328,1.5602,0.0,0.0,128.0,670.0
1231195.0,5.0,2.5924,15.864,0.1311,0.0026,-0.77,1.5602,0.0,0.0,128.0,682.0
1231235.0,6.0,-3.1278,14.448,0.13054,-0.0415,-1.5,1.5602,0.0,0.0,128.0,722.0
1231276.0,2.0,-1.9175,25.447,0.12713,-0.1588,-5.1,3.754,0.0,0.0,128.0,723.0
1231316.0,2.0,-1.603,10.928,0.1158,-0.4461,-7.325,0.7151,0.0,0.0,128.0,744.0
1231357.0,2.0,-1.2425,7.69,0.09236,-0.6975,-4.84,0.7692,0.0,0.0,128.0,704.0
1231397.0,2.0,-1.0216,5.205,0.0624,-0.7987,-0.52,0.7403,0.0,0.0,128.0,740.0
1231437.0,2.0,-1.0907,-0.255,0.0309,-0.7998,0.12,0.4901,0.0,0.0,128.0,759.0
1231478.0,2.0,-1.1766,-1.459,8e-05,-0.6916,5.04,0.3949,0.0,0.0,128.0,749.0
1231519.0,2.0,-1.1014,1.44,-0.02494,-0.5784,0.36,0.4959,0.0,0.0,128.0,731.0
1231559.0,2.0,-1.2164,-1.178,-0.04665,-0.5017,3.473,0.4242,0.0,0.0,128.0,743.0
1231599.0,2.0,-1.7365,-12.111,-0.06251,-0.2752,6.113,0.7876,0.0,0.0,128.0,767.0
1231640.0,2.0,-2.0647,-10.282,-0.07001,-0.1232,1.382,0.0902,0.0,0.0,128.0,753.0
1231681.0,2.0,-2.9744,-18.051,-0.07459,-0.0881,2.607,1.0703,0.0,0.0,128.0,753.0
1231721.0,2.0,2.6783,-16.992,-0.075,0.0878,5.572,0.9538,0.0,0.0,128.0,720.0
1231762.0,2.0,2.3255,-11.336,-0.06832,0.2129,0.652,0.1859,0.0,0.0,128.0,723.0
1231802.0,2.0,1.988,-7.821,-0.06064,0.1478,-3.478,-0.0033,0.0,0.0,128.0,758.0
1231843.0,2.0,1.827,-4.642,-0.05749,-0.0055,-4.012,-0.1026,0.0,0.0,128.0,757.0
1231883.0,2.0,1.7702,-2.258,-0.06034,-0.123,-1.197,-0.1513,0.0,0.0,128.0,751.0
1231923.0,2.0,1.8116,0.299,-0.06484,-0.0725,3.603,-0.2164,0.0,0.0,128.0,759.0
1231964.0,2.0,2.0095,3.88,-0.06352,0.1785,8.523,-0.3115,0.0,0.0,128.0,731.0
1232004.0,2.0,2.3317,7.216,-0.0492,0.5497,7.75,-0.3584,0.0,0.0,128.0,733.0
1232044.0,2.0,2.6891,7.424,-0.02291,0.7618,3.027,-0.5322,0.0,0.0,128.0,744.0
1232085.0,2.0,-2.8609,16.095,0.00896,0.7999,0.0,0.6722,0.0,0.0,128.0,732.0
1232125.0,2.0,-2.1767,16.006,0.03926,0.7086,-4.139,1.0432,0.0,0.0,128.0,760.0
1232166.0,2.0,-1.8377,10.756,0.0642,0.5471,-1.982,0.4685,0.0,0.0,128.0,736.0
1232206.0,2.0,-1.6199,7.076,0.08393,0.4365,-4.382,0.2984,0.0,0.0,128.0,765.0
1232247.0,2.0,-1.3116,6.576,0.09671,0.1592,-8.968,0.5902,0.0,0.0,128.0,732.0
1232288.0,2.0,-1.6214,-5.183,0.09514,-0.2412,-8.818,0.1331,0.0,0.0,128.0,730.0
1232328.0,2.0,-1.7119,-2.965,0.07849,-0.5968,-6.976,-0.1012,0.0,0.0,128.0,754.0
1232368.0,2.0,-1.8193,-1.194,0.05096,-0.7778,-2.3,-0.1938,0.0,0.0,128.0,743.0
1232409.0,2.0,-2.4482,-14.066,0.0189,-0.7999,0.0,0.4602,0.0,0.0,128.0,731.0
1232449.0,2.0,-3.1355,-15.904,-0.01264,-0.7999,0.0,0.6097,0.0,0.0,128.0,746.0
1232490.0,2.0,2.7059,-14.83,-0.0435,-0.7016,3.48,0.5327,0.0,0.0,128.0,744.0
1232530.0,2.0,2.2902,-12.825,-0.06967,-0.645,1.32,0.4387,0.0,0.0,128.0,766.0
1232571.0,5.0,2.1445,-5.0,-0.09428,-0.6082,0.898,-0.2262,0.0,0.0,128.0,681.0
1232611.0,5.0,1.9604,-3.901,-0.11681,-0.4681,5.818,-0.2262,0.0,0.0,128.0,675.0
1232651.0,5.0,2.0003,0.236,-0.12975,-0.175,6.462,-0.2262,0.0,0.0,128.0,682.0
1232692.0,5.0,2.1399,2.803,-0.13297,-0.0121,1.668,-0.2262,0.0,0.0,128.0,673.0
1232732.0,6.0,2.2273,1.595,-0.13283,0.0275,1.5,-0.2262,0.0,0.0,128.0,703.0
1232772.0,6.0,2.7382,10.368,-0.13058,0.0875,1.5,-0.2262,0.0,0.0,128.0,714.0
1232812.0,2.0,3.0802,8.743,-0.12521,0.2189,5.58,-0.5139,0.0,0.0,128.0,721.0
1232852.0,2.0,-2.3792,18.423,-0.11111,0.5273,7.98,1.4231,0.0,0.0,128.0,736.0
1232893.0,2.0,-2.0755,9.933,-0.08475,0.7544,3.193,0.184,0.0,0.0,128.0,704.0
1232933.0,2.0,-1.356,14.059,-0.05374,0.7999,0.0,1.5378,0.0,0.0,128.0,723.0
1232973.0,2.0,-1.0983,8.338,-0.02265,0.7641,-0.987,0.8807,0.0,0.0,128.0,754.0
1233013.0,2.0,-0.948,4.582,0.0066,0.6934,-3.948,0.7,0.0,0.0,128.0,750.0
1233054.0,2.0,-1.0569,-0.855,0.03109,0.5021,-4.45,0.534,0.0,0.0,128.0,750.0
1233095.0,2.0,-1.1336,-2.103,0.04913,0.4209,-0.365,0.3995,0.0,0.0,128.0,761.0
1233135.0,2.0,-1.1014,0.768,0.06416,0.3079,-5.165,0.4757,0.0,0.0,128.0,766.0
1233176.0,2.0,-1.2885,-3.528,0.07264,0.1384,-1.846,0.3718,0.0,0.0,128.0,732.0
1233216.0,2.0,-1.4818,-4.121,0.07717,0.088,-1.536,0.2371,0.0,0.0,128.0,746.0
1233257.0,2.0,-1.9083,-8.17,0.07815,-0.078,-6.45,0.1273,0.0,0.0,128.0,729.0
1233298.0,2.0,-2.9544,-20.525,0.06953,-0.3342,-4.17,1.6803,0.0,0.0,128.0,736.0
1233339.0,2.0,2.7044,-17.57,0.05318,-0.47,-2.663,1.0651,0.0,0.0,128.0,733.0
1233379.0,2.0,2.0126,-17.057,0.03285,-0.5342,0.624,1.4534,0.0,0.0,128.0,759.0
1233420.0,2.0,1.5355,-13.029,0.0117,-0.5236,-0.525,1.1511,0.0,0.0,128.0,722.0
1233460.0,2.0,1.1566,-9.944,-0.00919,-0.5203,1.348,1.0538,0.0,0.0,128.0,752.0
1233501.0,2.0,0.9219,-6.477,-0.02843,-0.4121,3.981,0.8907,0.0,0.0,128.0,745.0
1233542.0,2.0,0.3129,-14.139,-0.04245,-0.3084,0.263,2.2272,0.0,0.0,128.0,728.0
1233582.0,2.0,0.2915,-3.024,-0.05513,-0.3242,1.223,1.0263,0.0,0.0,128.0,755.0
1233622.0,3.0,0.201,-2.031,-0.06641,-0.2476,0.996,1.0059,0.0,0.0,128.0,724.0
1233663.0,3.0,-0.2577,-9.32,-0.07699,-0.3101,-3.924,1.516,0.0,0.0,128.0,705.0
1233703.0,5.0,-0.2715,-3.035,-0.09274,-0.4748,-2.244,1.4741,0.0,0.0,128.0,674.0
1233744.0,5.0,-0.2638,-0.217,-0.11239,-0.4634,2.676,1.4741,0.0,0.0,128.0,673.0
1233784.0,5.0,-0.54,-6.007,-0.12735,-0.258,7.476,1.4741,0.0,0.0,128.0,676.0
1233824.0,5.0,-0.6029,-3.191,-0.13275,-0.0416,3.073,1.4741,0.0,0.0,128.0,661.0
1233864.0,6.0,-0.7486,-3.057,-0.13313,0.0078,1.32,1.4741,0.0,0.0,128.0,695.0
1233905.0,6.0,-0.8912,-4.133,-0.13162,0.0692,1.5,1.4741,0.0,0.0,128.0,702.0
1233945.0,2.0,-1.6214,-14.184,-0.12758,0.157,4.02,1.1997,0.0,0.0,128.0,744.0
1233985.0,2.0,-2.258,-15.847,-0.11708,0.4147,8.189,0.9545,0.0,0.0,128.0,734.0
1234026.0,2.0,3.0833,-21.436,-0.09413,0.7027,4.805,1.9091,0.0,0.0,128.0,730.0
1234066.0,2.0,2.4544,-17.808,-0.06401,0.7993,0.316,1.2718,0.0,0.0,128.0,743.0
1234106.0,2.0,2.054,-12.13,-0.03304,0.7441,-3.153,0.4631,0.0,0.0,128.0,758.0
1234146.0,2.0,1.7948,-7.782,-0.00615,0.5932,-5.882,0.1853,0.0,0.0,128.0,766.0
1234187.0,2.0,1.5217,-6.708,0.01271,0.3574,-3.713,0.3479,0.0,0.0,128.0,745.0
1234228.0,2.0,1.4159,-3.315,0.0255,0.3085,1.207,0.25,0.0,0.0,128.0,722.0
1234268.0,2.0,1.4266,0.025,0.03829,0.3135,-2.115,0.1318,0.0,0.0,128.0,765.0
1234309.0,2.0,1.5999,3.187,0.04796,0.1399,-4.367,0.0487,0.0,0.0,128.0,765.0
1234350.0,2.0,1.8469,5.858,0.05145,0.0642,0.553,-0.0853,0.0,0.0,128.0,730.0
1234391.0,2.0,2.3255,10.362,0.0558,0.1789,3.266,0.0226,0.0,0.0,128.0,726.0
1234432.0,2.0,2.8532,12.542,0.0648,0.267,1.989,0.0371,0.0,0.0,128.0,729.0
1234472.0,2.0,-2.8624,14.935,0.07676,0.3359,0.409,0.4564,0.0,0.0,128.0,736.0
1234513.0,2.0,-2.1997,14.706,0.08929,0.2494,-4.511,0.7632,0.0,0.0,128.0,758.0
1234554.0,2.0,-1.6352,12.915,0.09443,-0.0338,-7.99,1.0537,0.0,0.0,128.0,736.0
1234594.0,2.0,-1.5309,4.507,0.0864,-0.4039,-9.614,0.1958,0.0,0.0,128.0,737.0
1234635.0,2.0,-1.5217,0.763,0.06356,-0.7008,-4.852,0.0614,0.0,0.0,128.0,737.0
1234675.0,2.0,-1.4327,1.783,0.03356,-0.7991,-0.421,0.1641,0.0,0.0,128.0,745.0
1234715.0,2.0,-1.4496,0.047,0.0021,-0.7965,0.84,0.133,0.0,0.0,128.0,789.0
1234756.0,2.0,-1.5723,-0.435,-0.02816,-0.6894,3.758,0.0631,0.0,0.0,128.0,767.0
1234796.0,2.0,-2.2795,-14.52,-0.05318,-0.6025,1.589,0.6874,0.0,0.0,128.0,774.0
1234837.0,2.0,-2.7995,-11.944,-0.07601,-0.5547,-0.904,-0.0116,0.0,0.0,128.0,731.0
1234877.0,2.0,2.9529,-14.09,-0.0981,-0.5576,1.237,0.2659,0.0,0.0,128.0,754.0
1234918.0,2.0,2.5725,-11.538,-0.11828,-0.4103,4.477,0.0531,0.0,0.0,128.0,758.0
1234959.0,5.0,2.2596,-8.048,-0.13091,-0.1837,6.638,-0.2969,0.0,0.0,128.0,657.0
1234999.0,5.0,2.12,-4.306,-0.13432,-0.0162,1.962,-0.2969,0.0,0.0,128.0,662.0
1235039.0,6.0,2.1184,-0.881,-0.13418,0.0253,1.5,-0.2969,0.0,0.0,128.0,717.0
1235079.0,6.0,2.2043,1.443,-0.13204,0.0853,1.5,-0.2969,0.0,0.0,128.0,709.0
1235120.0,2.0,2.413,4.364,-0.12724,0.1745,4.02,-0.617,0.0,0.0,128.0,731.0
1235160.0,2.0,2.7059,7.05,-0.11603,0.4337,8.82,-0.5999,0.0,0.0,128.0,743.0
1235201.0,2.0,-2.9575,13.138,-0.09233,0.7153,4.492,0.0955,0.0,0.0,128.0,726.0
1235241.0,2.0,-2.3639,14.12,-0.06191,0.7997,0.172,0.5127,0.0,0.0,128.0,765.0
1235282.0,2.0,-1.9482,10.33,-0.02966,0.7998,0.0,0.2431,0.0,0.0,128.0,729.0
1235323.0,2.0,-1.3837,14.222,0.0024,0.7964,0.889,1.5415,0.0,0.0,128.0,725.0
1235363.0,2.0,-1.2763,4.758,0.03319,0.7335,-3.911,0.4542,0.0,0.0,128.0,743.0
1235404.0,2.0,-1.3484,-0.882,0.05831,0.4806,-6.671,0.2486,0.0,0.0,128.0,752.0
1235444.0,2.0,-1.4665,-2.705,0.07335,0.3029,-3.726,0.123,0.0,0.0,128.0,755.0
1235485.0,2.0,-1.5033,-1.285,0.08149,0.0816,-5.13,0.0958,0.0,0.0,128.0,737.0
1235525.0,2.0,-1.7043,-3.573,0.08055,-0.1468,-7.01,0.0177,0.0,0.0,128.0,748.0
1235566.0,2.0,-2.1077,-7.466,0.06776,-0.5091,-8.353,-0.1058,0.0,0.0,128.0,743.0
1235606.0,2.0,-3.0588,-20.319,0.04256,-0.7453,-3.568,1.6113,0.0,0.0,128.0,723.0
1235647.0,2.0,2.5556,-17.898,0.01103,-0.7882,1.352,1.2113,0.0,0.0,128.0,746.0
1235687.0,2.0,2.0785,-13.325,-0.01868,-0.7128,1.006,0.685,0.0,0.0,128.0,766.0
1235727.0,2.0,1.6107,-11.589,-0.04624,-0.6646,3.231,0.8318,0.0,0.0,128.0,772.0
1235768.0,2.0,1.3514,-7.624,-0.06911,-0.4288,8.151,0.6123,0.0,0.0,128.0,761.0
1235809.0,2.0,0.971,-9.409,-0.07897,-0.0543,7.699,1.1239,0.0,0.0,128.0,731.0
1235849.0,2.0,0.925,-3.131,-0.07613,0.2101,7.907,0.7023,0.0,0.0,128.0,736.0
1235890.0,2.0,0.8191,-2.127,-0.06143,0.5139,6.366,0.6894,0.0,0.0,128.0,736.0
1235930.0,2.0,0.4495,-7.933,-0.03758,0.6702,1.566,1.3169,0.0,0.0,128.0,744.0
1235971.0,3.0,0.655,2.418,-0.00953,0.7468,3.495,0.83,0.0,0.0,128.0,684.0
1236011.0,3.0,0.6688,1.102,0.02156,0.7999,0.0,0.7922,0.0,0.0,128.0,695.0
1236051.0,3.0,0.5476,-2.553,0.05318,0.7999,0.0,0.8949,0.0,0.0,128.0,695.0
1236091.0,5.0,0.9388,7.376,0.08453,0.7722,-2.52,0.8066,0.0,0.0,128.0,655.0
1236132.0,5.0,1.2088,7.227,0.11183,0.573,-7.44,0.8066,0.0,0.0,128.0,694.0
1236172.0,5.0,1.6045,8.721,0.12806,0.2239,-7.322,0.8066,0.0,0.0,128.0,673.0
1236213.0,5.0,2.1506,12.791,0.13252,0.0293,-2.65,0.8066,0.0,0.0,128.0,666.0
1236253.0,6.0,2.8471,15.95,0.13271,-0.0171,-1.5,0.8066,0.0,0.0,128.0,709.0
1236293.0,6.0,-2.6722,19.958,0.13088,-0.0771,-1.5,0.8066,0.0,0.0,128.0,710.0
1236334.0,2.0,-1.8822,20.149,0.126,-0.1981,-5.22,2.3269,0.0,0.0,128.0,738.0
1236375.0,2.0,-1.3898,13.923,0.11265,-0.4811,-6.201,1.4376,0.0,0.0,128.0,737.0
1236416.0,2.0,-1.2226,6.102,0.08876,-0.7096,-4.643,0.5962,0.0,0.0,128.0,725.0
1236456.0,2.0,-1.2057,1.372,0.05854,-0.7994,-0.083,0.3894,0.0,0.0,128.0,726.0
1236496.0,2.0,-1.3177,-2.207,0.02719,-0.7755,2.363,0.28,0.0,0.0,128.0,752.0
1236537.0,2.0,-1.2241,0.995,-0.00169,-0.6787,0.358,0.325,0.0,0.0,128.0,740.0
1236578.0,2.0,-1.3729,-2.874,-0.02944,-0.6831,1.678,0.2598,0.0,0.0,128.0,775.0
1236619.0,2.0,-1.5999,-5.172,-0.0543,-0.511,6.598,0.2049,0.0,0.0,128.0,754.0
1236660.0,2.0,-2.2872,-14.357,-0.07065,-0.3144,3.311,0.6247,0.0,0.0,128.0,743.0
1236701.0,2.0,-2.7719,-13.019,-0.0819,-0.2626,0.191,0.1392,0.0,0.0,128.0,738.0
1236742.0,2.0,2.8547,-14.542,-0.09116,-0.1678,2.918,0.3851,0.0,0.0,128.0,751.0
1236782.0,2.0,2.4114,-11.853,-0.09574,-0.0656,1.507,0.174,0.0,0.0,128.0,764.0
1236823.0,2.0,2.1261,-7.846,-0.09776,-0.041,-0.478,-0.0917,0.0,0.0,128.0,718.0
1236863.0,2.0,1.9466,-4.93,-0.1005,-0.1002,-1.309,-0.1957,0.0,0.0,128.0,730.0
1236903.0,2.0,1.8699,-2.501,-0.10515,-0.13,0.082,-0.2296,0.0,0.0,128.0,753.0
1236943.0,2.0,1.8991,0.19,-0.10898,-0.0284,4.878,-0.3123,0.0,0.0,128.0,744.0
1236984.0,2.0,2.1338,4.357,-0.10485,0.2749,9.798,-0.3924,0.0,0.0,128.0,729.0
1237024.0,2.0,2.4375,7.125,-0.08678,0.6239,6.491,-0.4415,0.0,0.0,128.0,751.0
1237065.0,2.0,2.7903,8.019,-0.05771,0.7879,1.647,-0.5287,0.0,0.0,128.0,731.0
1237105.0,2.0,-2.7213,16.415,-0.02625,0.7999,0.0,0.7854,0.0,0.0,128.0,731.0
1237146.0,2.0,-2.1737,14.842,0.00559,0.7688,-1.125,0.8765,0.0,0.0,128.0,777.0
1237187.0,2.0,-1.6429,14.19,0.0369,0.7972,0.195,1.19,0.0,0.0,128.0,724.0
1237227.0,2.0,-1.2993,9.013,0.06713,0.7066,-4.605,0.6633,0.0,0.0,128.0,740.0
1237268.0,2.0,-1.2962,4.206,0.0906,0.4145,-9.525,0.4416,0.0,0.0,128.0,763.0
1237309.0,2.0,-1.58,-4.7,0.09967,0.0467,-8.445,0.1167,0.0,0.0,128.0,753.0
1237350.0,2.0,-1.5892,-1.223,0.09454,-0.2968,-7.233,-0.0032,0.0,0.0,128.0,738.0
1237391.0,2.0,-1.7748,-3.589,0.07613,-0.6204,-6.562,-0.0998,0.0,0.0,128.0,739.0
1237431.0,2.0,-2.1721,-7.288,0.04793,-0.7847,-1.769,-0.182,0.0,0.0,128.0,733.0
1237472.0,2.0,-2.9529,-17.271,0.01582,-0.7902,0.263,0.894,0.0,0.0,128.0,761.0
1237512.0,2.0,2.7535,-14.313,-0.0156,-0.7999,0.0,0.3825,0.0,0.0,128.0,751.0
1237553.0,2.0,2.2457,-12.313,-0.04755,-0.78,0.283,0.3648,0.0,0.0,128.0,747.0
1237593.0,2.0,1.9067,-9.651,-0.07819,-0.7617,2.158,0.2969,0.0,0.0,128.0,760.0
1237634.0,5.0,1.7104,-5.538,-0.10688,-0.6271,5.521,0.1784,0.0,0.0,128.0,683.0
1237674.0,5.0,1.6322,-2.176,-0.12615,-0.3145,8.641,0.1784,0.0,0.0,128.0,668.0
1237715.0,5.0,1.6398,-0.3,-0.13324,-0.0622,3.845,0.1784,0.0,0.0,128.0,676.0
1237755.0,6.0,1.761,2.672,-0.13395,0.0019,0.641,0.1784,0.0,0.0,128.0,707.0
1237795.0,6.0,2.0295,5.811,-0.13283,0.0593,1.5,0.1784,0.0,0.0,128.0,697.0
1237837.0,2.0,2.462,10.106,-0.12908,0.1266,2.46,-0.1428,0.0,0.0,128.0,770.0
1237877.0,2.0,2.8685,9.157,-0.12098,0.3234,7.26,-0.4292,0.0,0.0,128.0,737.0
1237918.0,2.0,-2.5019,20.092,-0.1014,0.6442,6.097,1.7786,0.0,0.0,128.0,731.0
1237958.0,2.0,-1.9681,15.605,-0.07256,0.79,1.458,1.2566,0.0,0.0,128.0,744.0
1237998.0,2.0,-1.2395,16.925,-0.04121,0.7999,0.0,2.2144,0.0,0.0,128.0,732.0
1238039.0,2.0,-0.9066,9.074,-0.00893,0.7999,0.0,1.1462,0.0,0.0,128.0,739.0
1238079.0,2.0,-0.7302,4.387,0.02242,0.7807,-2.087,0.8744,0.0,0.0,128.0,742.0
1238119.0,2.0,-0.7194,1.513,0.05036,0.5988,-6.887,0.7892,0.0,0.0,128.0,752.0
1238160.0,2.0,-0.6351,2.115,0.0699,0.3801,-5.54,0.7986,0.0,0.0,128.0,737.0
1238201.0,2.0,-0.4234,5.238,0.08032,0.1323,-5.92,1.0977,0.0,0.0,128.0,746.0
1238241.0,2.0,-0.3175,3.13,0.08078,-0.1199,-6.114,1.0151,0.0,0.0,128.0,732.0
1238281.0,2.0,0.1135,8.789,0.07204,-0.3021,-2.377,1.4856,0.0,0.0,128.0,732.0
1238322.0,2.0,0.5706,11.109,0.05921,-0.3096,0.831,1.6184,0.0,0.0,128.0,739.0
1238363.0,2.0,1.0078,10.988,0.04676,-0.319,-0.754,1.2938,0.0,0.0,128.0,717.0
1238404.0,2.0,1.4573,10.88,0.03281,-0.3862,-3.031,0.85,0.0,0.0,128.0,743.0
1238444.0,2.0,2.0417,13.62,0.01635,-0.4201,1.487,0.7123,0.0,0.0,128.0,746.0
1238484.0,2.0,2.7964,17.26,0.00154,-0.3305,1.164,0.9522,0.0,0.0,128.0,735.0
1238525.0,2.0,-2.5295,23.713,-0.01223,-0.3861,-3.756,2.7716,0.0,0.0,128.0,723.0
1238566.0,5.0,-1.5202,24.188,-0.03214,-0.6275,-6.036,3.6767,0.0,0.0,128.0,667.0
1238606.0,5.0,-1.0876,14.132,-0.06026,-0.7706,-1.236,3.6767,0.0,0.0,128.0,684.0
1238646.0,5.0,-0.8406,8.198,-0.09037,-0.7216,3.564,3.6767,0.0,0.0,128.0,660.0
1238687.0,5.0,-0.7378,4.065,-0.11483,-0.4807,8.364,3.6767,0.0,0.0,128.0,666.0
1238727.0,5.0,-0.7179,1.233,-0.12713,-0.1559,6.085,3.6767,0.0,0.0,128.0,673.0
1238767.0,5.0,-0.8713,-2.831,-0.12986,-0.0078,1.286,3.6767,0.0,0.0,128.0,667.0
1238807.0,2.0,-1.172,-6.491,-0.12953,0.046,3.269,0.629,0.0,0.0,128.0,728.0
1238848.0,2.0,-1.1198,0.265,-0.12368,0.2833,8.189,0.4429,0.0,0.0,128.0,739.0
1238888.0,2.0,-1.4419,-5.336,-0.10579,0.6194,6.583,0.3537,0.0,0.0,128.0,730.0
1238929.0,2.0,-2.3148,-17.505,-0.07684,0.7868,1.693,1.2614,0.0,0.0,128.0,723.0
1238969.0,2.0,-2.9222,-16.096,-0.04549,0.7971,-0.68,0.6596,0.0,0.0,128.0,738.0
1239010.0,2.0,2.4958,-19.996,-0.01324,0.7999,0.0,1.7639,0.0,0.0,128.0,716.0
1239050.0,2.0,2.0724,-13.332,0.01774,0.7404,-3.72,0.6868,0.0,0.0,128.0,753.0
1239091.0,2.0,1.6276,-11.11,0.04328,0.4988,-6.148,0.7444,0.0,0.0,128.0,751.0
1239132.0,2.0,1.3898,-6.959,0.05985,0.3494,-1.562,0.5051,0.0,0.0,128.0,758.0
1239173.0,2.0,1.221,-4.595,0.07237,0.2632,-2.29,0.4948,0.0,0.0,128.0,749.0
1239214.0,2.0,1.1321,-2.523,0.081,0.1579,-2.727,0.4784,0.0,0.0,128.0,721.0
1239254.0,2.0,1.2241,0.934,0.08498,0.026,-4.801,0.4019,0.0,0.0,128.0,738.0
1239295.0,2.0,1.511,6.164,0.08081,-0.2742,-9.721,0.3145,0.0,0.0,128.0,751.0
1239335.0,2.0,1.8883,9.059,0.06386,-0.5646,-4.921,0.2493,0.0,0.0,128.0,741.0
1239376.0,2.0,2.3915,12.182,0.03847,-0.6631,-0.001,0.2028,0.0,0.0,128.0,745.0
1239416.0,2.0,2.8639,11.813,0.01358,-0.5647,4.799,-0.0727,0.0,0.0,128.0,751.0
1239457.0,2.0,-2.5449,20.616,-0.00518,-0.3887,2.123,1.9182,0.0,0.0,128.0,745.0
1239497.0,2.0,-1.9804,14.206,-0.02006,-0.3803,0.443,0.9173,0.0,0.0,128.0,754.0
1239538.0,2.0,-1.2763,16.509,-0.03424,-0.2996,3.786,2.1034,0.0,0.0,128.0,745.0
1239578.0,2.0,-1.017,8.705,-0.04253,-0.1191,3.96,1.0389,0.0,0.0,128.0,767.0
1239619.0,2.0,-0.8283,5.26,-0.04463,0.0177,2.556,0.877,0.0,0.0,128.0,738.0
1239660.0,2.0,-0.7854,1.845,-0.04219,0.0989,1.26,0.7579,0.0,0.0,128.0,730.0
1239700.0,2.0,-1.0339,-5.12,-0.03664,0.216,4.879,0.7037,0.0,0.0,128.0,729.0
1239740.0,2.0,-1.0584,-2.286,-0.0243,0.4187,5.011,0.4994,0.0,0.0,128.0,736.0
1239781.0,2.0,-1.0937,-0.083,-0.00461,0.5276,0.263,0.5215,0.0,0.0,128.0,752.0
1239822.0,2.0,-1.4757,-7.892,0.01792,0.5963,1.016,0.5465,0.0,0.0,128.0,744.0
1239862.0,2.0,-2.031,-12.881,0.04095,0.5385,-3.784,0.5677,0.0,0.0,128.0,744.0
1239903.0,2.0,-3.0081,-21.355,0.0588,0.3462,-3.188,1.8888,0.0,0.0,128.0,754.0
1239944.0,2.0,2.4666,-20.778,0.07155,0.3186,1.508,1.9832,0.0,0.0,128.0,737.0
1239984.0,2.0,1.9221,-14.999,0.08396,0.2805,-3.292,1.1021,0.0,0.0,128.0,763.0
1240025.0,2.0,1.4496,-12.306,0.09131,0.0422,-8.212,1.1081,0.0,0.0,128.0,726.0
1240066.0,2.0,1.1367,-8.624,0.08689,-0.2492,-5.819,0.9193,0.0,0.0,128.0,738.0
1240106.0,2.0,0.9465,-5.555,0.07335,-0.4305,-3.414,0.8,0.0,0.0,128.0,739.0
1240147.0,2.0,0.6289,-6.859,0.054,-0.5286,-3.227,1.0657,0.0,0.0,128.0,715.0
1240187.0,2.0,0.7701,0.213,0.03045,-0.6463,-1.12,0.7604,0.0,0.0,128.0,725.0
1240228.0,2.0,1.0262,5.173,0.00281,-0.7201,-1.281,0.6883,0.0,0.0,128.0,752.0
1240269.0,2.0,1.31,6.564,-0.02696,-0.7462,-0.089,0.5317,0.0,0.0,128.0,730.0
1240309.0,2.0,1.7135,9.298,-0.0558,-0.6918,3.495,0.4084,0.0,0.0,128.0,753.0
1240349.0,2.0,2.143,10.486,-0.07909,-0.4536,8.295,0.1663,0.0,0.0,128.0,746.0
1240390.0,2.0,2.821,15.172,-0.08944,-0.0264,11.23,0.5,0.0,0.0,128.0,734.0
1240430.0,2.0,-2.3531,25.01,-0.08299,0.3334,6.656,3.2554,0.0,0.0,128.0,731.0
1240471.0,2.0,-1.3499,24.683,-0.06532,0.544,6.056,4.1789,0.0,0.0,128.0,745.0
1240511.0,2.0,-0.7394,16.189,-0.03937,0.7565,3.226,2.4277,0.0,0.0,128.0,705.0
1240551.0,2.0,-0.3298,11.163,-0.00829,0.7999,0.0,1.7417,0.0,0.0,128.0,715.0
1240591.0,2.0,0.1212,11.036,0.02325,0.7999,0.0,1.7621,0.0,0.0,128.0,719.0
1240631.0,2.0,0.698,13.815,0.05475,0.7999,0.0,1.9714,0.0,0.0,128.0,731.0
1240671.0,2.0,1.2456,13.983,0.08588,0.7572,-3.141,1.5371,0.0,0.0,128.0,740.0
1240711.0,2.0,1.8991,15.571,0.11205,0.5332,-7.941,1.2209,0.0,0.0,128.0,764.0
1240752.0,2.0,2.6645,18.239,0.12593,0.1184,-11.713,1.2172,0.0,0.0,128.0,750.0
1240792.0,2.0,-2.8363,20.189,0.12143,-0.3501,-10.389,1.64,0.0,0.0,128.0,727.0
1240833.0,2.0,-1.9926,19.358,0.10028,-0.6732,-5.485,1.9538,0.0,0.0,128.0,737.0
1240873.0,2.0,-1.7748,8.376,0.07084,-0.7951,-0.79,0.2951,0.0,0.0,128.0,732.0
1240913.0,2.0,-1.5079,6.965,0.03998,-0.7749,-0.599,0.3857,0.0,0.0,128.0,733.0
1240954.0,2.0,-1.4281,3.329,0.00795,-0.7998,0.0,0.2413,0.0,0.0,128.0,732.0
1240994.0,2.0,-1.4343,0.865,-0.02332,-0.7765,1.639,0.1553,0.0,0.0,128.0,746.0
1241034.0,2.0,-1.5079,-0.383,-0.05141,-0.6197,5.598,0.1046,0.0,0.0,128.0,765.0
1241075.0,2.0,-1.5509,-2.072,-0.07196,-0.4196,2.89,-0.0797,0.0,0.0,128.0,751.0
1241115.0,2.0,-2.37,-14.081,-0.08651,-0.3315,2.26,0.5506,0.0,0.0,128.0,758.0
1241156.0,2.0,-2.729,-11.283,-0.09825,-0.2761,-0.578,-0.1264,0.0,0.0,128.0,746.0
1241197.0,2.0,2.9943,-12.683,-0.1089,-0.223,2.143,0.0392,0.0,0.0,128.0,761.0
1241238.0,2.0,2.6523,-9.345,-0.117,-0.1743,1.166,-0.2827,0.0,0.0,128.0,762.0
1241279.0,2.0,2.255,-8.859,-0.12401,-0.1678,1.282,-0.1222,0.0,0.0,128.0,756.0
1241320.0,2.0,2.1353,-3.872,-0.12945,-0.1157,-0.483,-0.402,0.0,0.0,128.0,737.0
1241361.0,5.0,2.0417,-2.083,-0.13384,-0.0686,3.511,-0.4393,0.0,0.0,128.0,674.0
1241401.0,6.0,2.1169,0.947,-0.1347,0.0013,0.534,-0.4393,0.0,0.0,128.0,708.0
1241441.0,6.0,2.2826,3.455,-0.13365,0.0579,1.5,-0.4393,0.0,0.0,128.0,710.0
1241482.0,6.0,2.5602,6.333,-0.13009,0.1194,1.5,-0.4393,0.0,0.0,128.0,715.0
1241522.0,2.0,2.933,8.775,-0.123,0.2778,6.3,-0.4751,0.0,0.0,128.0,733.0
1241562.0,2.0,-2.6906,14.71,-0.1062,0.5921,7.06,0.4563,0.0,0.0,128.0,745.0
1241602.0,2.0,-2.278,13.733,-0.07871,0.7769,2.339,0.6438,0.0,0.0,128.0,763.0
1241643.0,2.0,-1.6766,13.838,-0.04669,0.7999,0.0,1.0824,0.0,0.0,128.0,737.0
1241683.0,2.0,-1.3361,9.311,-0.01523,0.7988,-0.441,0.8647,0.0,0.0,128.0,772.0
1241724.0,2.0,-1.1566,4.96,0.01526,0.6774,-5.361,0.5802,0.0,0.0,128.0,766.0
1241765.0,2.0,-1.2885,-1.788,0.03735,0.4161,-4.96,0.3073,0.0,0.0,128.0,751.0
1241806.0,2.0,-1.1643,2.022,0.05126,0.2705,-4.6,0.4088,0.0,0.0,128.0,728.0
1241846.0,2.0,-1.2272,-0.447,0.05723,0.0099,-6.28,0.3621,0.0,0.0,128.0,738.0
1241887.0,2.0,-1.4174,-3.726,0.05396,-0.1442,-1.36,0.2639,0.0,0.0,128.0,739.0
1241927.0,2.0,-1.6797,-5.574,0.04808,-0.1606,-1.722,0.1603,0.0,0.0,128.0,738.0
1241968.0,2.0,-2.1322,-10.002,0.03885,-0.3345,-6.642,0.1628,0.0,0.0,128.0,742.0
1242009.0,2.0,-3.0465,-19.27,0.02063,-0.5414,-2.682,1.35,0.0,0.0,128.0,731.0
1242049.0,2.0,2.5265,-18.691,-0.00146,-0.5503,2.118,1.4149,0.0,0.0,128.0,746.0
1242089.0,2.0,2.1092,-12.578,-0.0213,-0.4656,0.705,0.5468,0.0,0.0,128.0,765.0
1242130.0,2.0,1.6659,-10.581,-0.04061,-0.4956,0.283,0.6022,0.0,0.0,128.0,753.0
1242171.0,2.0,1.3714,-7.963,-0.05906,-0.3807,5.203,0.6425,0.0,0.0,128.0,745.0
1242212.0,2.0,1.0569,-6.638,-0.06893,-0.0676,8.923,0.7037,0.0,0.0,128.0,737.0
1242253.0,2.0,1.0186,-3.185,-0.0657,0.2239,7.609,0.6395,0.0,0.0,128.0,731.0
1242293.0,2.0,1.0232,-0.042,-0.05153,0.4731,3.963,0.5164,0.0,0.0,128.0,759.0
1242334.0,2.0,0.7961,-4.951,-0.02884,0.6483,2.725,0.8733,0.0,0.0,128.0,716.0
1242374.0,2.0,1.0186,3.152,-0.0018,0.7096,-0.279,0.6187,0.0,0.0,128.0,742.0
1242414.0,2.0,1.2149,5.02,0.02471,0.6001,-5.079,0.504,0.0,0.0,128.0,742.0
1242455.0,2.0,1.511,6.778,0.04358,0.3014,-7.752,0.3473,0.0,0.0,128.0,752.0
1242495.0,2.0,1.9543,10.023,0.05074,0.0897,-2.952,0.2938,0.0,0.0,128.0,751.0
1242536.0,2.0,2.4421,11.66,0.05336,0.072,1.968,0.1032,0.0,0.0,128.0,734.0
1242576.0,2.0,-3.114,16.296,0.05708,0.0873,-1.926,0.6785,0.0,0.0,128.0,746.0
1242617.0,2.0,-2.3378,18.385,0.05768,-0.0949,-6.846,1.4788,0.0,0.0,128.0,731.0
1242657.0,2.0,-1.9159,10.558,0.0477,-0.4261,-7.326,0.4303,0.0,0.0,128.0,733.0
1242697.0,2.0,-1.5877,7.781,0.02659,-0.6207,-2.526,0.4029,0.0,0.0,128.0,751.0
1242738.0,2.0,-1.4251,4.645,-0.00135,-0.7697,-2.657,0.3156,0.0,0.0,128.0,724.0
1242778.0,2.0,-1.468,0.109,-0.03244,-0.7817,2.004,0.1131,0.0,0.0,128.0,769.0
1242819.0,2.0,-1.4465,0.446,-0.06109,-0.6059,5.361,0.1212,0.0,0.0,128.0,752.0
1242859.0,2.0,-1.5463,0.165,-0.08044,-0.3601,6.855,0.0705,0.0,0.0,128.0,753.0
1242899.0,2.0,-1.9788,-7.491,-0.09011,-0.1562,2.775,0.0525,0.0,0.0,128.0,743.0
1242940.0,2.0,-2.5848,-12.819,-0.09465,-0.0804,0.968,0.2296,0.0,0.0,128.0,757.0
1242981.0,2.0,-3.0403,-13.679,-0.09656,-0.0116,1.808,0.1832,0.0,0.0,128.0,737.0
1243021.0,2.0,2.6507,-14.338,-0.09679,-0.0283,-1.0,0.3889,0.0,0.0,128.0,746.0
1243062.0,2.0,2.4268,-8.952,-0.09803,-0.0447,-1.977,-0.238,0.0,0.0,128.0,736.0
1243103.0,2.0,2.1399,-7.078,-0.10065,-0.0682,-0.419,-0.1816,0.0,0.0,128.0,731.0
1243144.0,2.0,1.9957,-3.906,-0.10474,-0.1428,-1.771,-0.3086,0.0,0.0,128.0,743.0
1243185.0,2.0,1.9236,-2.329,-0.11164,-0.1887,-0.188,-0.2988,0.0,0.0,128.0,737.0
1243225.0,2.0,2.0126,1.119,-0.11798,-0.0996,4.568,-0.4127,0.0,0.0,128.0,765.0
1243266.0,2.0,2.2396,4.603,-0.11696,0.191,9.488,-0.4742,0.0,0.0,128.0,743.0
1243306.0,2.0,2.597,8.042,-0.10185,0.568,7.455,-0.443,0.0,0.0,128.0,744.0
1243347.0,2.0,3.0695,9.618,-0.07425,0.771,2.554,-0.4086,0.0,0.0,128.0,745.0
1243387.0,2.0,-2.4498,17.713,-0.04301,0.7998,0.0,1.1841,0.0,0.0,128.0,733.0
1243428.0,2.0,-1.9742,16.582,-0.01181,0.7301,-3.0,1.5244,0.0,0.0,128.0,751.0
1243469.0,2.0,-1.5202,10.522,0.01639,0.6919,-0.24,0.7426,0.0,0.0,128.0,752.0
1243510.0,2.0,-1.3499,5.978,0.04271,0.5788,-5.16,0.4552,0.0,0.0,128.0,723.0
1243550.0,2.0,-1.3208,1.877,0.06045,0.2825,-9.527,0.352,0.0,0.0,128.0,736.0
1243591.0,2.0,-1.4926,-4.01,0.06555,-0.0049,-4.609,0.1682,0.0,0.0,128.0,722.0
1243631.0,2.0,-1.4742,-0.096,0.06255,-0.1633,-4.883,0.128,0.0,0.0,128.0,751.0
1243671.0,2.0,-1.6644,-3.006,0.05325,-0.3081,-4.162,0.0217,0.0,0.0,128.0,744.0
1243712.0,2.0,-2.1951,-12.664,0.03641,-0.5544,-6.909,0.4721,0.0,0.0,128.0,727.0
1243752.0,2.0,-2.8486,-16.283,0.01054,-0.7324,-2.109,0.6982,0.0,0.0,128.0,702.0
1243792.0,2.0,2.8026,-14.598,-0.02006,-0.7998,0.0,0.4087,0.0,0.0,128.0,716.0
1243832.0,2.0,2.2059,-14.468,-0.05085,-0.7328,3.729,0.7734,0.0,0.0,128.0,764.0
1243873.0,2.0,1.7794,-11.521,-0.07834,-0.6212,4.147,0.6637,0.0,0.0,128.0,761.0
1243914.0,2.0,1.5278,-7.244,-0.09911,-0.3764,8.144,0.4,0.0,0.0,128.0,743.0
1243955.0,2.0,1.2701,-6.93,-0.10643,0.0558,11.628,0.5996,0.0,0.0,128.0,729.0
1243995.0,2.0,1.2395,-2.347,-0.09585,0.476,8.815,0.3983,0.0,0.0,128.0,746.0
1244036.0,2.0,1.2471,-0.039,-0.07091,0.7348,3.928,0.3221,0.0,0.0,128.0,766.0
1244077.0,2.0,1.2195,-0.751,-0.03949,0.7999,0.0,0.3593,0.0,0.0,128.0,715.0
1244117.0,2.0,1.5217,6.077,-0.00859,0.7404,-3.72,0.2902,0.0,0.0,128.0,750.0
1244158.0,2.0,1.7595,5.679,0.0195,0.6813,0.96,0.0246,0.0,0.0,128.0,744.0
1244199.0,2.0,2.3056,11.851,0.04871,0.7639,0.845,0.2165,0.0,0.0,128.0,752.0
1244240.0,2.0,2.91,14.447,0.07961,0.7489,-2.27,0.3444,0.0,0.0,128.0,739.0
1244281.0,5.0,-2.9913,10.805,0.10714,0.6185,-5.39,-0.1778,0.0,0.0,128.0,680.0
1244321.0,5.0,-2.2304,15.006,0.12645,0.3021,-8.511,-0.1778,0.0,0.0,128.0,669.0
1244361.0,5.0,-1.8975,9.225,0.13313,0.0601,-3.711,-0.1778,0.0,0.0,128.0,661.0
1244401.0,6.0,-1.7794,4.008,0.1338,-0.0026,-0.759,-0.1778,0.0,0.0,128.0,709.0
1244441.0,6.0,-1.7518,1.415,0.13264,-0.0607,-1.5,-0.1778,0.0,0.0,128.0,710.0
1244482.0,2.0,-1.8438,-1.602,0.12896,-0.1288,-2.7,-0.2206,0.0,0.0,128.0,801.0
1244522.0,2.0,-2.1092,-5.668,0.12056,-0.3352,-7.5,-0.2861,0.0,0.0,128.0,745.0
1244563.0,2.0,-2.6845,-12.636,0.10046,-0.6542,-5.909,0.1129,0.0,0.0,128.0,732.0
1244603.0,2.0,-3.1355,-11.237,0.07147,-0.7926,-1.12,-0.2019,0.0,0.0,128.0,724.0
1244643.0,2.0,2.6047,-11.821,0.04001,-0.7999,0.0,0.0258,0.0,0.0,128.0,747.0
1244684.0,2.0,2.1752,-9.966,0.00776,-0.7999,0.0,0.0758,0.0,0.0,128.0,725.0
1244724.0,2.0,1.8285,-9.281,-0.02378,-0.7999,0.0,0.3278,0.0,0.0,128.0,739.0
1244765.0,2.0,1.6812,-4.36,-0.05599,-0.7991,0.396,0.0228,0.0,0.0,128.0,748.0
1244805.0,2.0,1.6306,-1.936,-0.08584,-0.6848,5.196,-0.0066,0.0,0.0,128.0,769.0
1244846.0,2.0,1.6383,-0.097,-0.10793,-0.3739,9.319,-0.0499,0.0,0.0,128.0,771.0
1244887.0,2.0,1.8577,4.18,-0.11423,0.1034,12.723,-0.1535,0.0,0.0,128.0,738.0
1244928.0,2.0,2.1921,7.588,-0.10103,0.5305,8.038,-0.2133,0.0,0.0,128.0,734.0
1244968.0,2.0,2.6369,10.915,-0.07523,0.7542,3.254,-0.133,0.0,0.0,128.0,752.0
1245009.0,2.0,-3.1247,12.476,-0.04339,0.7999,0.0,-0.0162,0.0,0.0,128.0,758.0
1245050.0,2.0,-2.3623,18.545,-0.01129,0.7696,-2.64,1.5683,0.0,0.0,128.0,753.0
1245091.0,2.0,-1.8561,10.69,0.01699,0.6423,-1.32,0.4279,0.0,0.0,128.0,766.0
1245132.0,2.0,-1.3821,11.07,0.04204,0.583,-3.16,0.9232,0.0,0.0,128.0,738.0
1245172.0,2.0,-1.2042,5.495,0.06281,0.4607,-4.6,0.5716,0.0,0.0,128.0,743.0
1245212.0,2.0,-1.3514,-2.299,0.07624,0.1941,-6.76,0.2838,0.0,0.0,128.0,753.0
1245253.0,2.0,-1.4343,-2.376,0.07999,0.0117,-3.534,0.1287,0.0,0.0,128.0,757.0
1245294.0,2.0,-1.5156,-1.82,0.07665,-0.184,-3.882,0.0943,0.0,0.0,128.0,724.0
1245334.0,2.0,-1.8239,-6.64,0.06619,-0.3676,-6.198,0.0963,0.0,0.0,128.0,730.0
1245374.0,2.0,-2.2135,-9.554,0.04613,-0.6563,-5.867,0.0618,0.0,0.0,128.0,745.0
1245415.0,2.0,-3.0649,-19.035,0.01627,-0.7935,-0.947,1.29,0.0,0.0,128.0,753.0
1245456.0,2.0,2.6599,-14.337,-0.01582,-0.7883,-0.333,0.4335,0.0,0.0,128.0,746.0
1245497.0,2.0,2.077,-13.361,-0.04725,-0.7386,2.772,0.6886,0.0,0.0,128.0,762.0
1245537.0,2.0,1.7104,-9.62,-0.07455,-0.6316,3.11,0.4714,0.0,0.0,128.0,776.0
1245578.0,2.0,1.465,-6.429,-0.09619,-0.4014,8.014,0.3909,0.0,0.0,128.0,737.0
1245619.0,2.0,1.2103,-6.693,-0.10466,0.0235,11.274,0.6343,0.0,0.0,128.0,724.0
1245659.0,2.0,1.2241,-1.401,-0.09544,0.4477,9.193,0.386,0.0,0.0,128.0,744.0
1245699.0,2.0,1.221,-0.006,-0.07208,0.7173,4.4,0.3405,0.0,0.0,128.0,747.0
1245740.0,2.0,1.1965,-0.556,-0.04091,0.7998,0.072,0.3978,0.0,0.0,128.0,702.0
1245780.0,2.0,1.4696,5.172,-0.0102,0.728,-4.095,0.2848,0.0,0.0,128.0,753.0
1245821.0,2.0,1.7119,5.725,0.01627,0.6126,-0.485,0.0725,0.0,0.0,128.0,765.0
1245862.0,2.0,2.281,11.849,0.04177,0.6673,1.431,0.2369,0.0,0.0,128.0,738.0
1245903.0,5.0,2.7382,10.556,0.06956,0.716,1.305,-0.2345,0.0,0.0,128.0,688.0
1245943.0,5.0,-2.9759,14.03,0.09758,0.6698,-3.495,-0.2345,0.0,0.0,128.0,696.0
1245983.0,5.0,-2.2948,14.53,0.12004,0.4317,-8.295,-0.2345,0.0,0.0,128.0,676.0
1246024.0,5.0,-1.7794,11.449,0.13088,0.1224,-5.416,-0.2345,0.0,0.0,128.0,665.0
1246064.0,5.0,-1.6045,6.186,0.13279,0.0029,-0.746,-0.2345,0.0,0.0,128.0,672.0
1246104.0,6.0,-1.491,3.596,0.13226,-0.04,-1.5,-0.2345,0.0,0.0,128.0,707.0
1246148.0,2.0,-1.5662,-0.733,0.12915,-0.1114,-2.58,0.0249,0.0,0.0,128.0,778.0
1246188.0,2.0,-1.7917,-4.436,0.12154,-0.313,-7.38,-0.0654,0.0,0.0,128.0,747.0
1246229.0,2.0,-2.1844,-8.33,0.1023,-0.6384,-6.227,-0.0993,0.0,0.0,128.0,731.0
1246270.0,2.0,-2.7566,-13.626,0.0729,-0.7916,-1.405,0.2402,0.0,0.0,128.0,741.0
1246311.0,2.0,2.8379,-16.71,0.04069,-0.7999,0.0,0.8255,0.0,0.0,128.0,733.0
1246352.0,2.0,2.2872,-12.547,0.00836,-0.7999,0.0,0.3342,0.0,0.0,128.0,753.0
1246393.0,2.0,1.942,-9.883,-0.02389,-0.7999,0.0,0.2993,0.0,0.0,128.0,739.0
1246433.0,2.0,1.6874,-7.01,-0.05535,-0.7973,0.722,0.2231,0.0,0.0,128.0,753.0
1246474.0,2.0,1.5432,-3.832,-0.08557,-0.6644,5.642,0.1475,0.0,0.0,128.0,763.0
1246515.0,2.0,1.4941,-2.045,-0.10654,-0.332,10.366,0.0964,0.0,0.0,128.0,762.0
1246556.0,2.0,1.6168,1.759,-0.11156,0.0774,9.468,-0.006,0.0,0.0,128.0,709.0
1246596.0,2.0,1.8178,4.37,-0.10054,0.4863,8.674,-0.1052,0.0,0.0,128.0,739.0
1246636.0,2.0,2.1767,8.135,-0.07601,0.7354,3.89,-0.1465,0.0,0.0,128.0,740.0
1246677.0,2.0,2.4958,8.488,-0.04451,0.7998,0.0,-0.3809,0.0,0.0,128.0,746.0
1246718.0,2.0,-3.1401,13.385,-0.0123,0.7998,0.0,0.1322,0.0,0.0,128.0,732.0
1246758.0,2.0,-2.3991,16.451,0.01916,0.7975,-0.678,0.9343,0.0,0.0,128.0,750.0
1246798.0,2.0,-1.9681,12.496,0.04916,0.7246,-1.698,0.5925,0.0,0.0,128.0,763.0
1246839.0,2.0,-1.6015,10.048,0.07605,0.5961,-4.232,0.6228,0.0,0.0,128.0,750.0
1246880.0,2.0,-1.2471,8.989,0.09555,0.3428,-7.614,0.8919,0.0,0.0,128.0,749.0
1246921.0,2.0,-1.5048,-3.717,0.10208,-0.042,-8.816,0.1874,0.0,0.0,128.0,726.0
1246962.0,2.0,-1.5662,-2.131,0.0936,-0.401,-8.936,0.0019,0.0,0.0,128.0,727.0
1247002.0,2.0,-1.6337,-1.96,0.07208,-0.6817,-5.315,-0.0753,0.0,0.0,128.0,748.0
1247043.0,2.0,-1.8715,-8.879,0.0417,-0.7978,-0.466,0.1227,0.0,0.0,128.0,752.0
1247084.0,2.0,-2.729,-17.458,0.00956,-0.7861,0.956,0.999,0.0,0.0,128.0,752.0
1247124.0,2.0,2.9468,-15.921,-0.02138,-0.799,-0.002,0.6242,0.0,0.0,128.0,725.0
1247165.0,2.0,2.4206,-14.334,-0.05359,-0.7816,2.02,0.5797,0.0,0.0,128.0,766.0
1247206.0,5.0,2.1537,-8.958,-0.08445,-0.7467,1.9,-0.2443,0.0,0.0,128.0,682.0
1247246.0,5.0,1.9098,-6.379,-0.11119,-0.5723,6.7,-0.2443,0.0,0.0,128.0,696.0
1247287.0,5.0,1.8423,-1.75,-0.1278,-0.2325,7.454,-0.2443,0.0,0.0,128.0,669.0
1247327.0,5.0,1.8254,-0.323,-0.13249,-0.0323,2.776,-0.2443,0.0,0.0,128.0,673.0
1247367.0,6.0,1.8745,1.606,-0.13271,0.0144,1.5,-0.2443,0.0,0.0,128.0,708.0
1247407.0,6.0,2.2166,6.393,-0.13103,0.0744,1.5,-0.2443,0.0,0.0,128.0,710.0
1247448.0,2.0,2.6384,9.727,-0.12634,0.1881,4.98,-0.2726,0.0,0.0,128.0,729.0
1247488.0,2.0,2.9928,8.93,-0.11385,0.4828,8.722,-0.4904,0.0,0.0,128.0,742.0
1247529.0,2.0,-2.5341,14.897,-0.08865,0.7379,3.835,0.5868,0.0,0.0,128.0,752.0
1247570.0,2.0,-1.6429,21.033,-0.05711,0.7942,-0.125,2.8369,0.0,0.0,128.0,758.0
1247611.0,2.0,-1.172,13.514,-0.02486,0.7999,0.0,1.5125,0.0,0.0,128.0,730.0
1247651.0,2.0,-0.8836,8.857,0.00664,0.7975,-0.701,1.1529,0.0,0.0,128.0,745.0
1247692.0,2.0,-0.8621,2.318,0.03694,0.6654,-5.621,0.7249,0.0,0.0,128.0,744.0
1247733.0,2.0,-0.9956,-2.843,0.05895,0.4418,-3.403,0.5833,0.0,0.0,128.0,739.0
1247773.0,2.0,-0.7041,4.934,0.07365,0.2728,-6.422,0.9227,0.0,0.0,128.0,744.0
1247814.0,2.0,-0.6473,2.207,0.07886,-0.0287,-7.557,0.8384,0.0,0.0,128.0,728.0
1247854.0,2.0,-0.856,-4.043,0.07245,-0.2781,-4.067,0.743,0.0,0.0,128.0,741.0
1247895.0,2.0,-0.655,3.25,0.05861,-0.4247,-4.973,0.8596,0.0,0.0,128.0,727.0
1247935.0,2.0,-0.7823,-1.428,0.03851,-0.5855,-2.28,0.7447,0.0,0.0,128.0,732.0
1247975.0,2.0,-0.9403,-3.5,0.01496,-0.5783,2.52,0.6515,0.0,0.0,128.0,744.0
1248016.0,2.0,-0.8759,0.757,-0.00589,-0.4676,0.913,0.6459,0.0,0.0,128.0,742.0
1248057.0,2.0,-1.0953,-3.577,-0.0237,-0.3845,4.33,0.5725,0.0,0.0,128.0,733.0
1248098.0,2.0,-1.4159,-7.362,-0.03454,-0.1274,6.592,0.5531,0.0,0.0,128.0,736.0
1248138.0,2.0,-2.0095,-13.749,-0.03559,0.0575,2.726,0.7021,0.0,0.0,128.0,737.0
1248179.0,2.0,-2.9161,-20.978,-0.03199,0.1266,3.086,1.7955,0.0,0.0,128.0,725.0
1248219.0,2.0,2.7489,-16.515,-0.0237,0.304,3.503,0.824,0.0,0.0,128.0,714.0
1248259.0,2.0,2.1813,-14.07,-0.01024,0.3457,-1.297,0.7052,0.0,0.0,128.0,744.0
1248299.0,2.0,1.8592,-9.799,0.00113,0.1971,-5.658,0.3546,0.0,0.0,128.0,745.0
1248340.0,2.0,1.5953,-6.969,0.00458,-0.0186,-3.674,0.3036,0.0,0.0,128.0,729.0
1248380.0,2.0,1.4358,-4.46,0.00229,-0.0672,1.126,0.2737,0.0,0.0,128.0,743.0
1248421.0,2.0,1.4281,-0.773,0.00154,0.0409,1.707,0.1413,0.0,0.0,128.0,725.0
1248461.0,2.0,1.5294,1.543,0.00446,0.0875,-0.809,0.0983,0.0,0.0,128.0,746.0
1248502.0,2.0,1.6782,4.007,0.00754,0.0946,2.456,-0.0433,0.0,0.0,128.0,743.0
1248543.0,2.0,2.1184,9.094,0.01466,0.2939,6.031,0.0276,0.0,0.0,128.0,735.0
1248583.0,2.0,2.6185,11.995,0.03034,0.4997,4.197,0.0482,0.0,0.0,128.0,737.0
1248624.0,2.0,-3.114,12.6,0.05299,0.6308,3.587,0.0034,0.0,0.0,128.0,732.0
1248664.0,2.0,-2.4037,17.785,0.07931,0.6759,-1.213,1.2552,0.0,0.0,128.0,728.0
1248704.0,2.0,-1.7763,16.233,0.10376,0.529,-6.013,1.6195,0.0,0.0,128.0,767.0
1248745.0,2.0,-1.2594,12.971,0.11906,0.2045,-7.569,1.4101,0.0,0.0,128.0,741.0
1248786.0,2.0,-1.2287,3.559,0.12045,-0.1804,-11.769,0.4502,0.0,0.0,128.0,743.0
1248826.0,2.0,-1.2563,-0.388,0.1053,-0.5698,-7.415,0.3095,0.0,0.0,128.0,732.0
1248867.0,2.0,-1.0124,4.54,0.07774,-0.7705,-2.495,0.6661,0.0,0.0,128.0,715.0
1248907.0,2.0,-1.0232,0.858,0.04642,-0.7999,0.0,0.5408,0.0,0.0,128.0,730.0
1248947.0,2.0,-1.1628,-2.608,0.01534,-0.7511,3.36,0.4492,0.0,0.0,128.0,759.0
1248988.0,2.0,-1.3821,-4.748,-0.01106,-0.5276,6.8,0.3811,0.0,0.0,128.0,759.0
1249029.0,2.0,-1.6291,-6.045,-0.02693,-0.2548,5.433,0.2133,0.0,0.0,128.0,779.0
1249070.0,2.0,-2.2105,-13.181,-0.0339,-0.0957,3.153,0.3946,0.0,0.0,128.0,762.0
1249111.0,2.0,3.0986,-19.262,-0.03649,-0.0446,1.593,1.3451,0.0,0.0,128.0,739.0
1249152.0,2.0,2.6906,-14.687,-0.03656,0.0333,0.993,0.5191,0.0,0.0,128.0,727.0
1249192.0,2.0,2.1706,-12.698,-0.03562,-0.0057,-1.354,0.4734,0.0,0.0,128.0,741.0
1249233.0,2.0,1.9129,-7.475,-0.03754,-0.1222,-4.603,0.0197,0.0,0.0,128.0,753.0
1249274.0,2.0,1.6552,-7.062,-0.04538,-0.2453,-0.885,0.2664,0.0,0.0,128.0,741.0
1249314.0,2.0,1.5969,-2.568,-0.05449,-0.1823,3.915,0.0464,0.0,0.0,128.0,750.0
1249355.0,2.0,1.6045,-0.24,-0.05816,0.0082,4.488,-0.039,0.0,0.0,128.0,720.0
1249395.0,2.0,1.7825,3.233,-0.05385,0.2443,8.096,-0.1272,0.0,0.0,128.0,745.0
1249436.0,2.0,2.0402,5.423,-0.03679,0.5993,6.934,-0.2343,0.0,0.0,128.0,752.0
1249476.0,2.0,2.3224,7.155,-0.00911,0.7792,2.204,-0.3661,0.0,0.0,128.0,737.0
1249517.0,2.0,3.0204,14.321,0.02303,0.7999,0.0,0.3007,0.0,0.0,128.0,716.0
1249557.0,2.0,-2.6323,15.974,0.05449,0.7886,-1.591,0.746,0.0,0.0,128.0,741.0
1249598.0,2.0,-1.9911,16.266,0.0837,0.6201,-6.511,1.3357,0.0,0.0,128.0,757.0
1249638.0,2.0,-1.738,8.321,0.10328,0.3953,-3.493,0.2929,0.0,0.0,128.0,749.0
1249679.0,2.0,-1.511,6.205,0.1155,0.1733,-7.719,0.314,0.0,0.0,128.0,747.0
1249720.0,2.0,-1.6536,-0.907,0.11531,-0.2021,-9.746,-0.0549,0.0,0.0,128.0,729.0
1249761.0,2.0,-1.761,-2.43,0.09919,-0.5844,-7.192,-0.1586,0.0,0.0,128.0,737.0
1249802.0,2.0,-1.7687,-1.334,0.07121,-0.776,-2.272,-0.2402,0.0,0.0,128.0,746.0
1249843.0,2.0,-2.4927,-11.365,0.03908,-0.7999,0.0,0.1281,0.0,0.0,128.0,726.0
1249884.0,2.0,-2.9928,-13.109,0.00683,-0.7999,0.0,0.0928,0.0,0.0,128.0,719.0
1249924.0,2.0,2.6783,-14.568,-0.02468,-0.7999,0.0,0.4539,0.0,0.0,128.0,724.0
1249964.0,2.0,2.3593,-9.265,-0.05614,-0.7999,0.0,-0.2014,0.0,0.0,128.0,738.0
1250005.0,5.0,2.0417,-8.698,-0.08775,-0.7498,2.551,0.185,0.0,0.0,128.0,683.0
1250045.0,5.0,1.8929,-4.797,-0.11411,-0.5494,7.351,0.185,0.0,0.0,128.0,676.0
1250085.0,5.0,1.9282,-0.73,-0.12926,-0.2124,7.111,0.185,0.0,0.0,128.0,678.0
1250125.0,5.0,1.9988,1.451,-0.13342,-0.0252,2.436,0.185,0.0,0.0,128.0,661.0
1250166.0,6.0,2.1169,2.014,-0.13346,0.0206,1.5,0.185,0.0,0.0,128.0,715.0
1250206.0,6.0,2.5694,9.692,-0.13151,0.0806,1.5,0.185,0.0,0.0,128.0,709.0
1250247.0,2.0,3.1017,12.789,-0.12675,0.1811,4.5,0.0349,0.0,0.0,128.0,725.0
1250287.0,2.0,-2.8563,10.166,-0.1149,0.4588,8.82,-0.3017,0.0,0.0,128.0,752.0
1250328.0,2.0,-1.853,21.269,-0.09049,0.7268,4.15,2.5472,0.0,0.0,128.0,722.0
1250368.0,2.0,-1.626,8.879,-0.05993,0.7999,0.07,0.5119,0.0,0.0,128.0,737.0
1250409.0,2.0,-1.1305,10.6,-0.0276,0.7999,0.0,1.2078,0.0,0.0,128.0,729.0
1250449.0,2.0,-0.9296,5.848,0.0039,0.7968,-0.734,0.8752,0.0,0.0,128.0,751.0
1250490.0,2.0,-0.9434,-0.364,0.03409,0.6684,-4.214,0.6033,0.0,0.0,128.0,743.0
1250531.0,2.0,-1.0876,-2.919,0.05888,0.5738,-1.725,0.4754,0.0,0.0,128.0,753.0
1250571.0,2.0,-0.9848,1.67,0.07905,0.4145,-6.317,0.5826,0.0,0.0,128.0,761.0
1250612.0,2.0,-1.1336,-2.55,0.08989,0.1242,-5.477,0.4847,0.0,0.0,128.0,726.0
1250652.0,2.0,-1.399,-5.929,0.09165,-0.0198,-2.552,0.3711,0.0,0.0,128.0,747.0
1250693.0,2.0,-1.4941,-3.096,0.08854,-0.156,-4.651,0.1104,0.0,0.0,128.0,737.0
1250734.0,2.0,-1.9926,-8.736,0.07751,-0.4306,-9.069,0.1369,0.0,0.0,128.0,723.0
1250775.0,2.0,-3.0066,-23.026,0.05393,-0.7136,-4.511,2.3567,0.0,0.0,128.0,752.0
1250816.0,2.0,2.7259,-16.023,0.02284,-0.7986,-0.551,0.7398,0.0,0.0,128.0,717.0
1250856.0,2.0,1.9589,-17.951,-0.00833,-0.7545,3.24,1.7225,0.0,0.0,128.0,766.0
1250897.0,2.0,1.5171,-12.541,-0.03593,-0.6155,3.557,1.0722,0.0,0.0,128.0,738.0
1250938.0,2.0,1.1367,-9.51,-0.05828,-0.479,4.882,1.0192,0.0,0.0,128.0,737.0
1250979.0,2.0,0.7486,-8.598,-0.07253,-0.2048,6.403,1.1492,0.0,0.0,128.0,750.0
1251020.0,2.0,0.4126,-8.274,-0.07699,-0.0442,2.203,1.3878,0.0,0.0,128.0,731.0
1251061.0,2.0,0.2316,-4.398,-0.07571,0.1369,5.043,1.0939,0.0,0.0,128.0,731.0
1251101.0,2.0,-0.1197,-7.844,-0.06735,0.2697,1.798,1.3818,0.0,0.0,128.0,731.0
1251141.0,2.0,-0.7072,-13.802,-0.05599,0.2816,-1.832,1.9663,0.0,0.0,128.0,745.0
1251182.0,2.0,-0.8989,-7.28,-0.04594,0.2434,1.332,0.9441,0.0,0.0,128.0,744.0
1251223.0,2.0,-0.9925,-3.453,-0.03375,0.3928,5.168,0.594,0.0,0.0,128.0,730.0
1251263.0,2.0,-1.8623,-17.417,-0.015,0.5464,3.293,1.6731,0.0,0.0,128.0,731.0
1251303.0,2.0,-2.571,-19.173,0.0093,0.6719,1.819,1.4901,0.0,0.0,128.0,722.0
1251343.0,2.0,2.7704,-22.769,0.03802,0.7876,1.579,2.364,0.0,0.0,128.0,750.0
1251383.0,2.0,2.1997,-17.094,0.06911,0.773,-1.889,1.3134,0.0,0.0,128.0,761.0
1251424.0,2.0,1.6536,-13.48,0.09746,0.5922,-6.809,1.0911,0.0,0.0,128.0,764.0
1251465.0,2.0,1.2947,-9.923,0.11464,0.2309,-9.073,0.9277,0.0,0.0,128.0,736.0
1251506.0,2.0,1.0784,-6.146,0.11734,-0.091,-7.046,0.7283,0.0,0.0,128.0,736.0
1251546.0,2.0,0.9756,-3.251,0.10871,-0.3421,-5.188,0.6452,0.0,0.0,128.0,736.0
1251586.0,2.0,0.8974,-2.093,0.09165,-0.5192,-3.464,0.6413,0.0,0.0,128.0,737.0
1251627.0,2.0,1.2502,5.98,0.06746,-0.7044,-4.782,0.5569,0.0,0.0,128.0,730.0
1251668.0,2.0,1.537,7.188,0.03645,-0.7994,-0.136,0.3269,0.0,0.0,128.0,722.0
1251708.0,2.0,2.1092,12.357,0.00593,-0.7161,4.424,0.4557,0.0,0.0,128.0,750.0
1251748.0,2.0,2.6584,14.208,-0.01796,-0.4751,7.132,0.3675,0.0,0.0,128.0,744.0
1251789.0,2.0,-2.7259,19.611,-0.03068,-0.1573,6.058,1.4925,0.0,0.0,128.0,748.0
1251829.0,2.0,-1.7978,23.98,-0.03349,-0.0133,1.258,3.5101,0.0,0.0,128.0,747.0
1251869.0,2.0,-1.1045,20.393,-0.03368,0.0166,2.458,3.1479,0.0,0.0,128.0,724.0
1251910.0,2.0,-0.6412,11.585,-0.0297,0.2196,7.11,1.646,0.0,0.0,128.0,732.0
1251950.0,2.0,-0.3973,7.824,-0.01594,0.4602,3.8,1.3227,0.0,0.0,128.0,725.0
1251990.0,2.0,-0.2516,4.255,0.0039,0.5148,-0.657,1.0857,0.0,0.0,128.0,757.0
1252030.0,3.0,-0.2301,-0.589,0.02344,0.46,-2.957,0.9758,0.0,0.0,128.0,731.0
1252071.0,3.0,0.2316,8.962,0.04046,0.4133,1.243,1.4809,0.0,0.0,128.0,715.0
1252111.0,5.0,0.7133,12.008,0.05895,0.5578,4.843,1.6866,0.0,0.0,128.0,681.0
1252152.0,5.0,0.8376,5.087,0.08344,0.6532,-0.077,1.6866,0.0,0.0,128.0,681.0
1252192.0,5.0,1.2594,8.599,0.108,0.5565,-4.757,1.6866,0.0,0.0,128.0,688.0
1252232.0,5.0,1.7518,10.442,0.12533,0.2651,-7.97,1.6866,0.0,0.0,128.0,679.0
1252272.0,5.0,2.3915,15.057,0.13095,0.0447,-3.17,1.6866,0.0,0.0,128.0,666.0
1252312.0,6.0,3.068,15.962,0.1314,-0.0066,-1.208,1.6866,0.0,0.0,128.0,711.0
1252353.0,2.0,-2.2243,21.975,0.12994,-0.068,-1.62,2.3724,0.0,0.0,128.0,1433.0
1252393.0,2.0,-1.8715,14.529,0.1248,-0.2312,-6.42,1.112,0.0,0.0,128.0,734.0
1252434.0,2.0,-1.3116,12.788,0.10973,-0.507,-4.86,1.399,0.0,0.0,128.0,729.0
1252475.0,2.0,-1.1305,5.925,0.08456,-0.7347,-3.921,0.7171,0.0,0.0,128.0,730.0
1252515.0,2.0,-1.2272,-1.425,0.05393,-0.799,0.326,0.3668,0.0,0.0,128.0,728.0
1252555.0,2.0,-1.037,3.2,0.02318,-0.7774,-1.319,0.553,0.0,0.0,128.0,737.0
1252596.0,2.0,-1.0232,1.255,-0.009,-0.7999,0.0,0.5377,0.0,0.0,128.0,729.0
1252636.0,2.0,-1.175,-3.001,-0.03964,-0.7243,4.2,0.4381,0.0,0.0,128.0,737.0
1252677.0,2.0,-1.2993,-5.7,-0.0642,-0.4488,9.12,0.3999,0.0,0.0,128.0,738.0
1252717.0,2.0,-1.7656,-8.901,-0.07444,-0.0763,7.44,0.2799,0.0,0.0,128.0,757.0
1252757.0,2.0,-2.5894,-16.506,-0.07305,0.1252,3.568,0.9164,0.0,0.0,128.0,738.0
1252798.0,2.0,-3.1278,-16.16,-0.06446,0.2999,3.265,0.6525,0.0,0.0,128.0,726.0
1252839.0,2.0,2.6599,-14.047,-0.051,0.3487,0.265,0.4089,0.0,0.0,128.0,737.0
1252879.0,2.0,2.3332,-9.427,-0.03821,0.2743,-3.618,-0.0601,0.0,0.0,128.0,760.0
1252920.0,2.0,2.011,-6.27,-0.03094,0.0617,-6.888,-0.1633,0.0,0.0,128.0,747.0
1252961.0,2.0,1.7886,-5.703,-0.03345,-0.173,-4.627,0.0181,0.0,0.0,128.0,739.0
1253001.0,2.0,1.7579,-1.686,-0.0432,-0.3016,-1.106,-0.1451,0.0,0.0,128.0,744.0
1253041.0,2.0,1.7902,0.415,-0.05468,-0.2474,3.694,-0.2015,0.0,0.0,128.0,768.0
1253082.0,2.0,2.0018,4.033,-0.06034,0.0073,8.614,-0.292,0.0,0.0,128.0,735.0
1253122.0,2.0,2.2979,6.849,-0.05239,0.4173,9.584,-0.3651,0.0,0.0,128.0,739.0
1253163.0,2.0,2.6538,7.802,-0.02925,0.7075,4.693,-0.4898,0.0,0.0,128.0,735.0
1253204.0,2.0,-2.8777,16.287,0.00176,0.7997,0.061,0.7211,0.0,0.0,128.0,718.0
1253244.0,2.0,-2.0402,19.467,0.03319,0.7817,-2.025,1.9028,0.0,0.0,128.0,765.0
1253285.0,2.0,-1.6091,12.844,0.0621,0.6436,-3.451,0.9443,0.0,0.0,128.0,765.0
1253326.0,2.0,-1.2333,8.85,0.08498,0.4667,-6.174,0.7433,0.0,0.0,128.0,742.0
1253367.0,2.0,-1.152,4.765,0.09855,0.1739,-9.195,0.5813,0.0,0.0,128.0,738.0
1253408.0,2.0,-1.3975,-3.713,0.0978,-0.202,-7.155,0.2397,0.0,0.0,128.0,732.0
1253449.0,2.0,-1.3023,1.031,0.08467,-0.4641,-7.995,0.2785,0.0,0.0,128.0,755.0
1253489.0,2.0,-1.4159,-2.039,0.06109,-0.7125,-3.887,0.1872,0.0,0.0,128.0,699.0
1253529.0,2.0,-1.4343,-1.087,0.03128,-0.7702,0.499,0.1022,0.0,0.0,128.0,752.0
1253570.0,2.0,-2.0939,-9.728,0.00038,-0.7855,-1.857,0.2102,0.0,0.0,128.0,732.0
1253610.0,2.0,-2.7903,-19.647,-0.03094,-0.7841,1.889,1.4818,0.0,0.0,128.0,737.0
1253650.0,2.0,3.1048,-12.608,-0.06004,-0.6913,1.68,0.0136,0.0,0.0,128.0,752.0
1253690.0,2.0,2.4007,-16.319,-0.08692,-0.6671,1.92,0.9733,0.0,0.0,128.0,752.0
1253731.0,5.0,2.169,-8.286,-0.11152,-0.5389,4.611,-0.0382,0.0,0.0,128.0,676.0
1253771.0,5.0,1.8699,-7.954,-0.12803,-0.2615,7.916,-0.0382,0.0,0.0,128.0,683.0
1253811.0,5.0,1.8699,-1.553,-0.1335,-0.0432,3.116,-0.0382,0.0,0.0,128.0,661.0
1253851.0,6.0,1.9374,0.861,-0.13395,0.0082,1.356,-0.0382,0.0,0.0,128.0,716.0
1253891.0,6.0,2.0601,2.877,-0.13245,0.0682,1.5,-0.0382,0.0,0.0,128.0,724.0
1253932.0,2.0,2.347,6.339,-0.12848,0.1406,3.06,-0.4047,0.0,0.0,128.0,723.0
1253972.0,2.0,2.8057,10.64,-0.11936,0.3614,7.86,-0.2257,0.0,0.0,128.0,726.0
1254013.0,2.0,-2.8962,11.649,-0.09818,0.6727,5.5,-0.1227,0.0,0.0,128.0,731.0
1254053.0,2.0,-2.3869,12.678,-0.06874,0.7957,0.94,0.2667,0.0,0.0,128.0,748.0
1254093.0,2.0,-1.6843,16.195,-0.03761,0.7764,-0.12,1.6795,0.0,0.0,128.0,751.0
1254134.0,2.0,-1.2103,11.143,-0.006,0.7782,-0.057,1.1298,0.0,0.0,128.0,758.0
1254175.0,2.0,-0.994,5.968,0.02591,0.7869,-1.666,0.785,0.0,0.0,128.0,751.0
1254215.0,2.0,-0.9787,1.303,0.05441,0.6219,-6.466,0.6015,0.0,0.0,128.0,755.0
1254256.0,2.0,-1.1321,-3.06,0.07455,0.3963,-3.226,0.4589,0.0,0.0,128.0,745.0
1254297.0,2.0,-0.971,2.307,0.08741,0.204,-7.04,0.6099,0.0,0.0,128.0,723.0
1254337.0,2.0,-1.0815,-1.54,0.08914,-0.1256,-7.04,0.5095,0.0,0.0,128.0,731.0
1254378.0,2.0,-1.3008,-5.052,0.07976,-0.3109,-2.12,0.3871,0.0,0.0,128.0,737.0
1254419.0,2.0,-1.3346,-1.601,0.06641,-0.3474,-0.865,0.2424,0.0,0.0,128.0,736.0
1254459.0,2.0,-1.6567,-6.607,0.05119,-0.4273,-1.48,0.2675,0.0,0.0,128.0,737.0
1254499.0,2.0,-2.2043,-10.803,0.03232,-0.5525,-4.84,0.1509,0.0,0.0,128.0,752.0
1254540.0,2.0,3.0986,-20.788,0.00626,-0.7115,-1.6,1.736,0.0,0.0,128.0,738.0
1254580.0,2.0,2.4375,-19.057,-0.02171,-0.6771,3.2,1.6035,0.0,0.0,128.0,750.0
1254620.0,2.0,1.8837,-14.576,-0.04609,-0.5672,3.268,1.0442,0.0,0.0,128.0,759.0
1254661.0,2.0,1.5861,-9.215,-0.06596,-0.4153,4.503,0.5475,0.0,0.0,128.0,747.0
1254702.0,2.0,1.3238,-6.794,-0.07781,-0.1274,9.423,0.5716,0.0,0.0,128.0,747.0
1254743.0,2.0,0.9541,-8.621,-0.07545,0.2298,6.524,1.0708,0.0,0.0,128.0,724.0
1254783.0,2.0,0.9956,-0.934,-0.06146,0.4986,6.677,0.5601,0.0,0.0,128.0,745.0
1254824.0,2.0,0.8161,-3.242,-0.03679,0.7176,4.013,0.7194,0.0,0.0,128.0,732.0
1254865.0,2.0,0.7271,-2.754,-0.00593,0.7819,0.133,0.8471,0.0,0.0,128.0,740.0
1254906.0,2.0,0.9526,3.983,0.02494,0.7104,-4.124,0.6846,0.0,0.0,128.0,725.0
1254946.0,2.0,1.1597,4.908,0.04856,0.4496,-8.326,0.559,0.0,0.0,128.0,749.0
1254986.0,2.0,1.5079,7.979,0.05962,0.0995,-8.377,0.4662,0.0,0.0,128.0,749.0
1255027.0,2.0,2.011,11.216,0.05824,-0.1406,-3.457,0.4044,0.0,0.0,128.0,733.0
1255067.0,2.0,2.5725,13.365,0.0513,-0.1804,1.343,0.311,0.0,0.0,128.0,752.0
1255107.0,2.0,-2.9652,17.614,0.04418,-0.2111,-2.633,0.9738,0.0,0.0,128.0,734.0
1255148.0,2.0,-2.0233,20.746,0.03274,-0.3889,-5.273,2.2,0.0,0.0,128.0,794.0
1255188.0,2.0,-1.6245,14.445,0.01204,-0.6326,-4.279,1.3093,0.0,0.0,128.0,732.0
1255229.0,2.0,-1.3913,7.489,-0.01564,-0.7178,-0.872,0.5531,0.0,0.0,128.0,733.0
1255269.0,2.0,-1.2517,3.879,-0.04369,-0.6978,0.441,0.4382,0.0,0.0,128.0,746.0
1255310.0,2.0,-1.2456,0.524,-0.07084,-0.6258,3.698,0.3358,0.0,0.0,128.0,739.0
1255350.0,2.0,-1.2548,-0.096,-0.09143,-0.3795,8.418,0.3109,0.0,0.0,128.0,776.0
1255391.0,2.0,-1.3683,-3.75,-0.0993,0.0282,12.214,0.2133,0.0,0.0,128.0,718.0
1255431.0,2.0,-1.8392,-8.713,-0.08963,0.4551,8.784,0.3161,0.0,0.0,128.0,745.0
1255471.0,2.0,-2.1951,-9.665,-0.06626,0.7081,3.984,-0.0209,0.0,0.0,128.0,760.0
1255512.0,2.0,-2.9422,-16.002,-0.03589,0.7681,-0.936,0.651,0.0,0.0,128.0,736.0
1255552.0,2.0,2.9008,-12.905,-0.00649,0.6966,-3.934,0.0834,0.0,0.0,128.0,743.0
1255592.0,2.0,2.4252,-12.457,0.01688,0.4669,-7.15,0.2722,0.0,0.0,128.0,763.0
1255633.0,2.0,1.9942,-10.127,0.0291,0.122,-8.574,0.2519,0.0,0.0,128.0,752.0
1255674.0,2.0,1.6322,-9.331,0.02775,-0.1773,-5.303,0.514,0.0,0.0,128.0,735.0
1255715.0,2.0,1.4327,-5.663,0.01766,-0.2914,-0.383,0.3613,0.0,0.0,128.0,725.0
1255755.0,2.0,1.3499,-2.76,0.00716,-0.2084,4.417,0.3003,0.0,0.0,128.0,730.0
1255795.0,2.0,1.195,-3.505,0.00236,-0.0357,4.085,0.4715,0.0,0.0,128.0,729.0
1255835.0,2.0,1.356,2.392,0.00368,0.0794,0.702,0.2785,0.0,0.0,128.0,731.0
1255876.0,2.0,1.5616,4.759,0.00607,0.009,-2.932,0.1646,0.0,0.0,128.0,738.0
1255916.0,2.0,1.8024,5.753,0.00548,-0.0099,1.868,-0.0295,0.0,0.0,128.0,753.0
1255957.0,2.0,2.327,11.459,0.00791,0.1667,5.895,0.1437,0.0,0.0,128.0,737.0
1255998.0,2.0,2.8823,13.024,0.01912,0.3992,5.387,0.1075,0.0,0.0,128.0,724.0
1256039.0,2.0,-2.5418,19.453,0.03821,0.5167,0.467,1.5763,0.0,0.0,128.0,738.0
1256079.0,2.0,-1.5539,22.393,0.05768,0.437,-4.333,3.1347,0.0,0.0,128.0,766.0
1256120.0,2.0,-1.195,14.067,0.0726,0.3031,-2.758,1.6227,0.0,0.0,128.0,744.0
1256161.0,2.0,-0.8912,8.982,0.0828,0.1742,-5.28,1.1426,0.0,0.0,128.0,745.0
1256202.0,2.0,-0.8713,2.539,0.0849,-0.1066,-8.818,0.7217,0.0,0.0,128.0,729.0
1256243.0,2.0,-0.8759,-0.264,0.07418,-0.4041,-4.948,0.6052,0.0,0.0,128.0,729.0
1256284.0,2.0,-0.5492,6.385,0.05351,-0.6084,-3.098,1.1111,0.0,0.0,128.0,732.0
1256325.0,2.0,-0.4004,4.453,0.02768,-0.6543,-0.427,1.0599,0.0,0.0,128.0,696.0
1256365.0,3.0,-0.5814,-3.503,0.00139,-0.6989,-2.961,0.9133,0.0,0.0,128.0,709.0
1256406.0,3.0,-0.3988,2.522,-0.02933,-0.7986,-0.441,0.9617,0.0,0.0,128.0,700.0
1256446.0,3.0,-0.4065,0.642,-0.0609,-0.7998,0.0,0.9211,0.0,0.0,128.0,703.0
1256487.0,5.0,-0.4249,-0.582,-0.09184,-0.7403,3.72,0.9015,0.0,0.0,128.0,661.0
1256527.0,5.0,-0.4433,-0.4,-0.11745,-0.4845,8.64,0.9015,0.0,0.0,128.0,646.0
1256567.0,5.0,-0.5798,-2.64,-0.12982,-0.1572,6.122,0.9015,0.0,0.0,128.0,669.0
1256607.0,5.0,-0.744,-3.754,-0.13256,-0.0094,1.449,0.9015,0.0,0.0,128.0,667.0
1256647.0,6.0,-0.9572,-4.614,-0.13234,0.0306,1.5,0.9015,0.0,0.0,128.0,704.0
1256695.0,2.0,-1.5509,-11.696,-0.12934,0.1045,2.34,0.9901,0.0,0.0,128.0,749.0
1256735.0,2.0,-2.1338,-15.313,-0.12191,0.3037,7.26,0.9302,0.0,0.0,128.0,725.0
1256776.0,2.0,-3.1217,-22.139,-0.10305,0.631,6.36,2.0983,0.0,0.0,128.0,731.0
1256816.0,2.0,2.5234,-18.607,-0.07455,0.7879,1.672,1.4291,0.0,0.0,128.0,729.0
1256856.0,2.0,2.1077,-12.094,-0.04316,0.7932,-1.15,0.454,0.0,0.0,128.0,774.0
1256897.0,2.0,1.7717,-8.765,-0.0135,0.6434,-5.751,0.3058,0.0,0.0,128.0,732.0
1256937.0,2.0,1.5723,-5.769,0.00799,0.4688,-2.146,0.2388,0.0,0.0,128.0,758.0
1256978.0,2.0,1.4788,-3.039,0.0264,0.4694,0.807,0.1671,0.0,0.0,128.0,720.0
1257018.0,2.0,1.5018,-0.827,0.04436,0.4144,-3.029,0.1024,0.0,0.0,128.0,746.0
1257058.0,2.0,1.6797,3.7,0.05738,0.2399,-3.33,-0.0099,0.0,0.0,128.0,756.0
1257099.0,2.0,1.873,4.537,0.06574,0.2067,1.59,-0.1837,0.0,0.0,128.0,730.0
1257140.0,2.0,2.3899,10.867,0.0762,0.3067,1.134,0.0199,0.0,0.0,128.0,742.0
1257180.0,2.0,2.9161,13.081,0.08888,0.3226,-0.581,0.1031,0.0,0.0,128.0,757.0
1257221.0,2.0,-2.8517,13.645,0.10226,0.341,-0.736,0.2222,0.0,0.0,128.0,745.0
1257261.0,2.0,-2.2365,14.406,0.11385,0.2132,-5.536,0.6886,0.0,0.0,128.0,748.0
1257302.0,2.0,-1.7871,9.923,0.11674,-0.0953,-7.336,0.4384,0.0,0.0,128.0,729.0
1257342.0,2.0,-1.7043,3.429,0.10864,-0.2903,-2.548,-0.0431,0.0,0.0,128.0,746.0
1257383.0,2.0,-1.6828,0.911,0.09398,-0.4571,-5.074,-0.0924,0.0,0.0,128.0,744.0
1257424.0,2.0,-1.7349,-0.935,0.0711,-0.6865,-5.213,-0.1509,0.0,0.0,128.0,752.0
1257465.0,2.0,-1.7273,-0.102,0.04061,-0.7983,-0.533,-0.1807,0.0,0.0,128.0,753.0
1257506.0,2.0,-2.3148,-7.944,0.00833,-0.7998,0.0,-0.179,0.0,0.0,128.0,750.0
1257547.0,2.0,-2.9759,-16.522,-0.02393,-0.7986,0.48,0.747,0.0,0.0,128.0,749.0
1257588.0,2.0,2.8455,-13.03,-0.05501,-0.7536,-0.6,0.1144,0.0,0.0,128.0,728.0
1257629.0,5.0,2.4559,-10.594,-0.08576,-0.7432,2.396,-0.0278,0.0,0.0,128.0,682.0
1257669.0,5.0,2.2365,-7.624,-0.11201,-0.549,7.196,-0.0278,0.0,0.0,128.0,675.0
1257709.0,5.0,2.1276,-3.732,-0.1272,-0.2141,7.148,-0.0278,0.0,0.0,128.0,674.0
1257749.0,5.0,2.2089,0.905,-0.13144,-0.0258,2.475,-0.0278,0.0,0.0,128.0,655.0
1257790.0,6.0,2.301,1.889,-0.13151,0.0185,1.5,-0.0278,0.0,0.0,128.0,722.0
1257833.0,2.0,2.4007,1.837,-0.12949,0.0849,2.34,-0.696,0.0,0.0,128.0,749.0
1257873.0,2.0,2.8931,9.807,-0.12285,0.2841,7.26,-0.3672,0.0,0.0,128.0,732.0
1257913.0,2.0,-3.0035,11.264,-0.1053,0.6109,6.728,-0.161,0.0,0.0,128.0,753.0
1257954.0,2.0,-2.2596,12.457,-0.0765,0.7834,1.808,0.2872,0.0,0.0,128.0,751.0
1257995.0,2.0,-1.4619,18.807,-0.04463,0.7696,-1.337,2.3572,0.0,0.0,128.0,739.0
1258036.0,2.0,-1.2931,9.869,-0.01425,0.7189,-1.929,0.883,0.0,0.0,128.0,745.0
1258076.0,2.0,-1.2072,3.655,0.01253,0.6114,-4.86,0.4196,0.0,0.0,128.0,750.0
1258117.0,2.0,-1.2977,-0.688,0.03225,0.352,-5.397,0.3055,0.0,0.0,128.0,743.0
1258158.0,2.0,-1.3637,-1.568,0.04346,0.2339,-0.623,0.1986,0.0,0.0,128.0,750.0
1258199.0,2.0,-1.4005,-0.96,0.05108,0.1137,-3.623,0.2082,0.0,0.0,128.0,746.0
1258240.0,2.0,-1.3652,1.284,0.05374,0.013,-3.743,0.2533,0.0,0.0,128.0,743.0
1258280.0,2.0,-2.0939,-10.842,0.05111,-0.1727,-6.623,0.3985,0.0,0.0,128.0,736.0
1258321.0,2.0,-2.8287,-18.572,0.03979,-0.3603,-2.183,1.2128,0.0,0.0,128.0,714.0
1258361.0,2.0,2.7504,-17.306,0.02363,-0.4623,-1.563,0.9675,0.0,0.0,128.0,727.0
1258401.0,2.0,2.1921,-15.273,0.00521,-0.4623,0.21,0.9416,0.0,0.0,128.0,742.0
1258442.0,2.0,1.7395,-11.643,-0.01402,-0.4902,-0.182,0.7137,0.0,0.0,128.0,753.0
1258483.0,2.0,1.4189,-8.656,-0.03229,-0.4017,4.549,0.6442,0.0,0.0,128.0,766.0
1258523.0,2.0,1.2011,-5.72,-0.04373,-0.1407,7.17,0.5779,0.0,0.0,128.0,731.0
1258564.0,2.0,0.8452,-7.82,-0.04485,0.0568,2.771,1.0869,0.0,0.0,128.0,737.0
1258604.0,2.0,0.9265,0.073,-0.03937,0.2366,3.93,0.5998,0.0,0.0,128.0,749.0
1258644.0,2.0,0.8636,-0.902,-0.02794,0.3435,3.4,0.6319,0.0,0.0,128.0,731.0
1258685.0,2.0,0.7517,-2.275,-0.01185,0.4353,1.614,0.8079,0.0,0.0,128.0,726.0
1258725.0,2.0,1.0186,4.855,0.00566,0.423,-2.63,0.6857,0.0,0.0,128.0,750.0
1258766.0,2.0,1.2625,5.842,0.01939,0.2309,-5.768,0.5315,0.0,0.0,128.0,732.0
1258806.0,2.0,1.5754,7.797,0.02408,0.0134,-3.83,0.3497,0.0,0.0,128.0,749.0
1258846.0,2.0,2.1368,12.526,0.02291,-0.0414,0.97,0.4586,0.0,0.0,128.0,756.0
1258886.0,2.0,2.6661,13.165,0.02325,0.0891,4.297,0.2092,0.0,0.0,128.0,731.0
1258927.0,2.0,-2.6262,20.303,0.02895,0.162,-0.623,1.7058,0.0,0.0,128.0,738.0
1258967.0,2.0,-1.7165,24.313,0.0336,0.0386,-5.423,3.5727,0.0,0.0,128.0,760.0
1259008.0,2.0,-1.4174,11.564,0.03098,-0.1442,-2.183,1.038,0.0,0.0,128.0,722.0
1259048.0,2.0,-0.9894,10.746,0.02479,-0.1411,1.382,1.3331,0.0,0.0,128.0,735.0
1259089.0,2.0,-0.7869,6.057,0.0189,-0.1751,-1.566,0.9499,0.0,0.0,128.0,728.0
1259129.0,2.0,-0.9066,-0.365,0.01031,-0.2636,-1.226,0.6506,0.0,0.0,128.0,738.0
1259169.0,2.0,-0.9741,-1.374,0.00026,-0.2143,3.574,0.5432,0.0,0.0,128.0,738.0
1259210.0,2.0,-0.8437,2.505,-0.00686,-0.1706,-1.335,0.7189,0.0,0.0,128.0,731.0
1259250.0,2.0,-0.9756,-2.108,-0.01418,-0.175,2.052,0.5984,0.0,0.0,128.0,743.0
1259291.0,2.0,-1.1014,-2.705,-0.0183,0.0011,5.455,0.4943,0.0,0.0,128.0,711.0
1259331.0,2.0,-1.4174,-6.791,-0.01425,0.2117,5.088,0.4126,0.0,0.0,128.0,718.0
1259372.0,2.0,-2.1276,-17.676,-0.00236,0.3624,3.115,1.3469,0.0,0.0,128.0,739.0
1259412.0,2.0,-2.9943,-18.093,0.01301,0.3888,-1.445,1.0972,0.0,0.0,128.0,750.0
1259452.0,2.0,2.5525,-20.007,0.02813,0.3843,0.416,1.7085,0.0,0.0,128.0,730.0
1259493.0,2.0,2.1138,-14.049,0.04346,0.3448,-3.304,0.7728,0.0,0.0,128.0,744.0
1259533.0,2.0,1.6751,-10.876,0.05325,0.1153,-7.523,0.6379,0.0,0.0,128.0,742.0
1259574.0,2.0,1.4266,-7.719,0.05321,-0.0898,-2.603,0.5608,0.0,0.0,128.0,729.0
1259614.0,2.0,1.2655,-4.479,0.04886,-0.1106,0.674,0.4517,0.0,0.0,128.0,748.0
1259655.0,2.0,1.0799,-4.025,0.04511,-0.0732,0.519,0.5224,0.0,0.0,128.0,739.0
1259695.0,2.0,1.198,0.146,0.04219,-0.0728,-0.455,0.4202,0.0,0.0,128.0,751.0
1259736.0,2.0,1.4082,4.184,0.03754,-0.1948,-5.375,0.2796,0.0,0.0,128.0,736.0
1259776.0,2.0,1.6628,5.746,0.02539,-0.411,-3.476,0.148,0.0,0.0,128.0,745.0
1259816.0,2.0,2.1414,10.39,0.0078,-0.4516,1.324,0.1549,0.0,0.0,128.0,775.0
1259856.0,2.0,2.6062,11.264,-0.00773,-0.3003,6.124,-0.0317,0.0,0.0,128.0,779.0
1259897.0,2.0,-2.867,16.923,-0.01523,-0.0926,3.306,0.8396,0.0,0.0,128.0,757.0
1259937.0,2.0,-1.8638,24.169,-0.01733,-0.0268,0.299,3.3423,0.0,0.0,128.0,753.0
1259978.0,2.0,-1.445,12.848,-0.01875,-0.0271,1.859,1.1989,0.0,0.0,128.0,748.0
1260019.0,2.0,-0.9894,10.887,-0.01702,0.1474,5.339,1.3659,0.0,0.0,128.0,717.0
1260060.0,2.0,-0.8023,5.434,-0.00814,0.2629,0.419,0.8964,0.0,0.0,128.0,744.0
1260100.0,2.0,-0.7194,2.261,0.00176,0.2234,-2.211,0.7973,0.0,0.0,128.0,750.0
1260141.0,2.0,-0.8406,-2.061,0.00923,0.169,0.78,0.6757,0.0,0.0,128.0,730.0
1260181.0,2.0,-0.6903,2.661,0.01609,0.1507,-2.723,0.8205,0.0,0.0,128.0,732.0
1260221.0,2.0,-0.7793,-0.975,0.01969,0.0343,-1.667,0.7409,0.0,0.0,128.0,745.0
1260262.0,2.0,-0.905,-2.71,0.02093,0.0434,0.983,0.6564,0.0,0.0,128.0,743.0
1260302.0,2.0,-0.8575,0.238,0.02299,0.0374,-2.269,0.6567,0.0,0.0,128.0,743.0
1260343.0,2.0,-1.0523,-3.743,0.02348,0.017,1.31,0.5972,0.0,0.0,128.0,732.0
1260383.0,2.0,-1.33,-6.662,0.02535,0.0815,1.436,0.5462,0.0,0.0,128.0,732.0
1260424.0,2.0,-1.9267,-13.96,0.03026,0.1593,0.583,0.9945,0.0,0.0,128.0,742.0
1260465.0,2.0,-2.485,-14.162,0.03705,0.1813,-0.29,0.4529,0.0,0.0,128.0,738.0
1260506.0,2.0,2.8317,-20.973,0.04286,0.0819,-2.57,1.8242,0.0,0.0,128.0,760.0
1260547.0,2.0,2.2427,-15.943,0.04541,0.0676,0.041,1.0163,0.0,0.0,128.0,718.0
1260587.0,2.0,1.7242,-13.401,0.04684,-0.0244,-3.603,1.0128,0.0,0.0,128.0,723.0
1260628.0,2.0,1.333,-10.255,0.04294,-0.162,-2.527,0.9264,0.0,0.0,128.0,730.0
1260668.0,2.0,1.106,-6.785,0.03533,-0.2125,-0.486,0.7605,0.0,0.0,128.0,736.0
1260709.0,2.0,0.8606,-5.542,0.02681,-0.2041,-0.177,0.815,0.0,0.0,128.0,714.0
1260750.0,2.0,0.6918,-4.58,0.01718,-0.2917,-1.894,0.9541,0.0,0.0,128.0,740.0
1260790.0,2.0,0.8529,2.908,0.00495,-0.3379,-1.991,0.7164,0.0,0.0,128.0,731.0
1260830.0,2.0,0.9863,3.219,-0.00971,-0.406,-1.485,0.6155,0.0,0.0,128.0,729.0
1260871.0,2.0,1.2824,6.153,-0.02704,-0.4488,-0.668,0.5334,0.0,0.0,128.0,710.0
1260911.0,2.0,1.7089,9.767,-0.04478,-0.4291,2.492,0.4705,0.0,0.0,128.0,759.0
1260952.0,2.0,2.1184,10.02,-0.05876,-0.2236,7.412,0.1113,0.0,0.0,128.0,753.0
1260993.0,2.0,2.89,16.32,-0.06109,0.1073,6.999,0.7109,0.0,0.0,128.0,718.0
1261033.0,2.0,-2.6262,19.51,-0.05246,0.3057,2.645,1.5814,0.0,0.0,128.0,732.0
1261074.0,2.0,-1.4021,27.476,-0.03836,0.3818,1.565,4.9557,0.0,0.0,128.0,743.0
1261114.0,2.0,-0.8759,16.699,-0.02089,0.5428,6.365,2.3814,0.0,0.0,128.0,745.0
1261155.0,2.0,-0.6351,8.832,0.00585,0.7604,3.015,1.3288,0.0,0.0,128.0,725.0
1261195.0,2.0,-0.362,6.81,0.03686,0.7826,-1.785,1.2338,0.0,0.0,128.0,733.0
1261235.0,2.0,-0.1012,6.75,0.06518,0.6327,-4.233,1.2819,0.0,0.0,128.0,744.0
1261275.0,2.0,0.1825,8.138,0.08595,0.408,-4.983,1.4079,0.0,0.0,128.0,745.0
1261315.0,2.0,0.8314,14.701,0.09945,0.3071,-0.199,2.0465,0.0,0.0,128.0,758.0
1261356.0,2.0,1.4174,14.279,0.11108,0.2353,-4.058,1.4412,0.0,0.0,128.0,750.0
1261397.0,2.0,2.0417,14.776,0.11599,-0.0339,-8.655,0.9283,0.0,0.0,128.0,737.0
1261437.0,2.0,2.7949,18.142,0.10868,-0.3421,-8.24,1.1449,0.0,0.0,128.0,739.0
1261477.0,2.0,-2.6323,21.247,0.08888,-0.6523,-5.943,1.9812,0.0,0.0,128.0,748.0
1261518.0,2.0,-1.7579,21.438,0.05906,-0.7933,-1.039,2.7111,0.0,0.0,128.0,732.0
1261558.0,2.0,-1.5386,10.418,0.02768,-0.7856,0.596,0.7163,0.0,0.0,128.0,743.0
1261598.0,2.0,-1.1612,10.207,-0.00315,-0.7536,2.674,1.1136,0.0,0.0,128.0,757.0
1261639.0,2.0,-1.0554,4.338,-0.03266,-0.7188,1.045,0.6239,0.0,0.0,128.0,766.0
1261680.0,2.0,-1.1566,-0.737,-0.06045,-0.6326,4.193,0.4151,0.0,0.0,128.0,771.0
1261721.0,2.0,-1.287,-2.932,-0.08126,-0.3573,9.113,0.32,0.0,0.0,128.0,732.0
1261762.0,2.0,-1.2287,-1.921,-0.08779,0.0409,10.193,0.2659,0.0,0.0,128.0,743.0
1261802.0,2.0,-1.804,-10.727,-0.07852,0.4423,9.103,0.5536,0.0,0.0,128.0,741.0
1261842.0,2.0,-2.1936,-10.181,-0.05543,0.708,4.303,0.1663,0.0,0.0,128.0,774.0
1261882.0,2.0,-2.9268,-18.269,-0.02546,0.7927,1.155,1.1311,0.0,0.0,128.0,723.0
1261923.0,2.0,2.8118,-14.46,0.00638,0.753,-3.285,0.378,0.0,0.0,128.0,753.0
1261964.0,2.0,2.3531,-12.414,0.03277,0.515,-8.205,0.302,0.0,0.0,128.0,767.0
1262005.0,2.0,1.9113,-10.387,0.04635,0.1416,-9.157,0.3566,0.0,0.0,128.0,740.0
1262046.0,2.0,1.5785,-8.908,0.04541,-0.1765,-5.724,0.5272,0.0,0.0,128.0,725.0
1262086.0,2.0,1.3744,-5.755,0.03536,-0.3071,-0.924,0.4289,0.0,0.0,128.0,751.0
1262127.0,2.0,1.3131,-2.343,0.02355,-0.2434,3.346,0.321,0.0,0.0,128.0,753.0
1262168.0,2.0,1.1658,-3.351,0.01601,-0.1264,2.992,0.4948,0.0,0.0,128.0,730.0
1262208.0,2.0,1.3837,3.622,0.01298,-0.0528,-0.348,0.3058,0.0,0.0,128.0,729.0
1262249.0,2.0,1.58,4.941,0.00926,-0.1534,-2.525,0.1487,0.0,0.0,128.0,732.0
1262289.0,2.0,1.8484,6.448,0.00255,-0.156,2.275,-0.0019,0.0,0.0,128.0,759.0
1262330.0,2.0,2.4083,12.177,-0.0006,0.0383,6.438,0.1933,0.0,0.0,128.0,734.0
1262370.0,2.0,3.0403,15.352,0.00634,0.3217,6.045,0.4983,0.0,0.0,128.0,739.0
1262411.0,2.0,-2.3178,21.299,0.02287,0.4662,1.125,2.1844,0.0,0.0,128.0,725.0
1262451.0,2.0,-1.5585,20.644,0.04088,0.4286,-1.035,2.8321,0.0,0.0,128.0,737.0
1262491.0,2.0,-1.0508,14.967,0.05756,0.4268,1.418,1.9694,0.0,0.0,128.0,727.0
1262532.0,2.0,-0.721,9.642,0.07493,0.3988,-3.077,1.3614,0.0,0.0,128.0,742.0
1262573.0,2.0,-0.6535,3.435,0.08723,0.1693,-7.997,0.8879,0.0,0.0,128.0,731.0
1262614.0,2.0,-0.5323,1.949,0.08749,-0.1581,-7.548,0.8461,0.0,0.0,128.0,724.0
1262654.0,2.0,-0.0583,10.53,0.07643,-0.3789,-3.19,1.6961,0.0,0.0,128.0,736.0
1262694.0,2.0,0.3682,11.156,0.0603,-0.4081,1.61,1.7114,0.0,0.0,128.0,744.0
1262735.0,2.0,0.7486,9.711,0.04433,-0.3952,-0.143,1.3266,0.0,0.0,128.0,724.0
1262775.0,2.0,1.2257,11.496,0.0285,-0.4075,-0.005,1.1825,0.0,0.0,128.0,740.0
1262815.0,2.0,1.7671,12.646,0.01256,-0.4083,0.2,0.8166,0.0,0.0,128.0,759.0
1262856.0,2.0,2.4912,16.876,-0.00315,-0.3766,0.843,0.9878,0.0,0.0,128.0,751.0
1262897.0,2.0,-2.9207,20.223,-0.01654,-0.2755,1.68,1.6021,0.0,0.0,128.0,743.0
1262938.0,0.0,-1.7518,27.577,-0.02059,0.0,0.0,2.6423,0.0,0.0,128.0,555.0
1262978.0,0.0,-1.1428,20.207,-0.02059,0.0,0.0,2.6423,0.0,0.0,128.0,564.0
1263018.0,0.0,-0.5937,14.258,-0.02059,0.0,0.0,2.6423,0.0,0.0,128.0,542.0
1263059.0,0.0,-0.2454,9.908,-0.02059,0.0,0.0,2.6423,0.0,0.0,128.0,542.0
1263099.0,0.0,0.1565,9.955,-0.02059,0.0,0.0,2.6423,0.0,0.0,128.0,543.0
1263139.0,0.0,0.6842,12.572,-0.02059,0.0,0.0,2.6423,0.0,0.0,128.0,543.0
1263179.0,0.0,1.2011,13.105,-0.02059,0.0,0.0,2.6423,0.0,0.0,128.0,549.0
1263219.0,0.0,1.781,14.24,-0.02059,0.0,0.0,2.6423,0.0,0.0,128.0,557.0
1263260.0,0.0,2.4758,16.659,-0.02059,0.0,0.0,2.6423,0.0,0.0,128.0,557.0
1263300.0,0.0,-2.7228,23.276,-0.02059,0.0,0.0,2.6423,0.0,0.0,128.0,557.0
1263340.0,0.0,-1.6567,27.418,-0.02059,0.0,0.0,2.6423,0.0,0.0,128.0,557.0
1263381.0,0.0,-1.0999,18.788,-0.02059,0.0,0.0,2.6423,0.0,0.0,128.0,557.0
1263421.0,0.0,-0.6443,12.62,-0.02059,0.0,0.0,2.6423,0.0,0.0,128.0,542.0
1263461.0,0.0,-0.4142,7.232,-0.02059,0.0,0.0,2.6423,0.0,0.0,128.0,542.0
1263501.0,0.0,-0.1549,6.414,-0.02059,0.0,0.0,2.6423,0.0,0.0,128.0,537.0
1263542.0,0.0,0.0337,4.607,-0.02059,0.0,0.0,2.6423,0.0,0.0,128.0,542.0
1263582.0,0.0,0.5031,9.871,-0.02059,0.0,0.0,2.6423,0.0,0.0,128.0,543.0
1263622.0,0.0,0.9817,12.278,-0.02059,0.0,0.0,2.6423,0.0,0.0,128.0,563.0
1263662.0,0.0,1.4665,12.339,-0.02059,0.0,0.0,2.6423,0.0,0.0,128.0,549.0
1263702.0,0.0,2.1629,15.956,-0.02059,0.0,0.0,2.6423,0.0,0.0,128.0,549.0
1263742.0,0.0,2.8087,15.761,-0.02059,0.0,0.0,2.6423,0.0,0.0,128.0,556.0
1263783.0,0.0,-2.4452,23.996,-0.02059,0.0,0.0,2.6423,0.0,0.0,128.0,556.0
1263823.0,0.0,-1.5708,24.429,-0.02059,0.0,0.0,2.6423,0.0,0.0,128.0,564.0
1263863.0,0.0,-1.0063,15.073,-0.02059,0.0,0.0,2.6423,0.0,0.0,128.0,543.0
1263904.0,0.0,-0.6842,10.749,-0.02059,0.0,0.0,2.6423,0.0,0.0,128.0,544.0
1263944.0,0.0,-0.4955,6.268,-0.02059,0.0,0.0,2.6423,0.0,0.0,128.0,543.0
1263984.0,0.0,-0.3421,4.03,-0.02059,0.0,0.0,2.6423,0.0,0.0,128.0,542.0
1264024.0,0.0,-0.428,0.42,-0.02059,0.0,0.0,2.6423,0.0,0.0,128.0,537.0
1264065.0,0.0,-0.0844,6.862,-0.02059,0.0,0.0,2.6423,0.0,0.0,128.0,542.0
1264105.0,0.0,0.181,6.848,-0.02059,0.0,0.0,2.6423,0.0,0.0,128.0,542.0
1264145.0,0.0,0.1074,0.01,-0.02059,0.0,0.0,2.6423,0.0,0.0,128.0,542.0
1264185.0,0.0,0.4418,5.3,-0.02059,0.0,0.0,2.6423,0.0,0.0,128.0,543.0
1264225.0,0.0,0.8422,9.358,-0.02059,0.0,0.0,2.6423,0.0,0.0,128.0,550.0
1264265.0,0.0,1.2625,10.013,-0.02059,0.0,0.0,2.6423,0.0,0.0,128.0,537.0
1264305.0,0.0,1.6858,10.439,-0.02059,0.0,0.0,2.6423,0.0,0.0,128.0,557.0
1264346.0,0.0,2.3777,15.408,-0.02059,0.0,0.0,2.6423,0.0,0.0,128.0,543.0
1264386.0,0.0,2.9637,15.193,-0.02059,0.0,0.0,2.6423,0.0,0.0,128.0,556.0
1264426.0,0.0,-2.4682,22.636,-0.02059,0.0,0.0,2.6423,0.0,0.0,128.0,557.0
1264466.0,0.0,-1.4281,24.097,-0.02059,0.0,0.0,2.6423,0.0,0.0,128.0,549.0
1264507.0,0.0,-1.2241,11.255,-0.02059,0.0,0.0,2.6423,0.0,0.0,128.0,543.0
1264547.0,0.0,-0.7486,12.008,-0.02059,0.0,0.0,2.6423,0.0,0.0,128.0,543.0
1264587.0,0.0,-0.6213,5.294,-0.02059,0.0,0.0,2.6423,0.0,0.0,128.0,542.0
1264628.0,0.0,-0.6872,0.518,-0.02059,0.0,0.0,2.6423,0.0,0.0,128.0,543.0
1264668.0,0.0,-0.7317,-0.974,-0.02059,0.0,0.0,2.6423,0.0,0.0,128.0,549.0
1264708.0,0.0,-0.5875,3.022,-0.02059,0.0,0.0,2.6423,0.0,0.0,128.0,537.0
1264748.0,0.0,-0.7072,-1.648,-0.02059,0.0,0.0,2.6423,0.0,0.0,128.0,543.0
1264788.0,0.0,-1.0032,-6.097,-0.02059,0.0,0.0,2.6423,0.0,0.0,128.0,543.0
1264828.0,0.0,-1.0723,-2.581,-0.02059,0.0,0.0,2.6423,0.0,0.0,128.0,549.0
1264869.0,0.0,-1.1443,-1.319,-0.02059,0.0,0.0,2.6423,0.0,0.0,128.0,549.0
1264909.0,0.0,-1.491,-6.551,-0.02059,0.0,0.0,2.6423,0.0,0.0,128.0,550.0
1264949.0,0.0,-2.347,-15.58,-0.02059,0.0,0.0,2.6423,0.0,0.0,128.0,564.0
1264990.0,0.0,2.9836,-22.339,-0.02059,0.0,0.0,2.6423,0.0,0.0,128.0,558.0
1265030.0,0.0,2.4574,-14.922,-0.02059,0.0,0.0,2.6423,0.0,0.0,128.0,564.0
1265070.0,0.0,1.8577,-13.494,-0.02059,0.0,0.0,2.6423,0.0,0.0,128.0,550.0
1265110.0,0.0,1.4941,-10.078,-0.02059,0.0,0.0,2.6423,0.0,0.0,128.0,549.0
1265151.0,0.0,1.2456,-6.664,-0.02059,0.0,0.0,2.6423,0.0,0.0,128.0,549.0
1265191.0,0.0,1.0845,-4.078,-0.02059,0.0,0.0,2.6423,0.0,0.0,128.0,550.0
1265231.0,0.0,0.8345,-5.599,-0.02059,0.0,0.0,2.6423,0.0,0.0,128.0,557.0
1265272.0,0.0,1.04,2.734,-0.02059,0.0,0.0,2.6423,0.0,0.0,128.0,550.0
1265312.0,0.0,1.2134,4.085,-0.02059,0.0,0.0,2.6423,0.0,0.0,128.0,557.0
1265352.0,0.0,1.4895,6.23,-0.02059,0.0,0.0,2.6423,0.0,0.0,128.0,557.0
1265392.0,0.0,1.9251,9.807,-0.02059,0.0,0.0,2.6423,0.0,0.0,128.0,555.0
1265432.0,0.0,2.3056,9.514,-0.02059,0.0,0.0,2.6423,0.0,0.0,128.0,550.0
1265473.0,0.0,2.9268,14.995,-0.02059,0.0,0.0,2.6423,0.0,0.0,128.0,550.0
1265513.0,0.0,-2.6354,16.908,-0.02059,0.0,0.0,2.6423,0.0,0.0,128.0,556.0
1265553.0,0.0,-1.8638,17.344,-0.02059,0.0,0.0,2.6423,0.0,0.0,128.0,570.0
1265593.0,0.0,-1.376,14.449,-0.02059,0.0,0.0,2.6423,0.0,0.0,128.0,549.0
1265634.0,0.0,-1.195,6.16,-0.02059,0.0,0.0,2.6423,0.0,0.0,128.0,549.0
1265674.0,0.0,-0.9894,5.058,-0.02059,0.0,0.0,2.6423,0.0,0.0,128.0,550.0
1265714.0,0.0,-1.083,-0.536,-0.02059,0.0,0.0,2.6423,0.0,0.0,128.0,549.0
1265754.0,0.0,-1.2487,-3.777,-0.02059,0.0,0.0,2.6423,0.0,0.0,128.0,549.0
1265795.0,0.0,-1.2916,-1.558,-0.02059,0.0,0.0,2.6423,0.0,0.0,128.0,549.0
1265835.0,0.0,-1.4036,-1.713,-0.02059,0.0,0.0,2.6423,0.0,0.0,128.0,551.0
1265875.0,0.0,-1.8362,-7.786,-0.02059,0.0,0.0,2.6423,0.0,0.0,128.0,563.0
1265916.0,0.0,-2.5357,-14.363,-0.02059,0.0,0.0,2.6423,0.0,0.0,128.0,564.0
1265956.0,0.0,2.9606,-17.954,-0.02059,0.0,0.0,2.6423,0.0,0.0,128.0,556.0
1265996.0,0.0,2.3332,-15.477,-0.02059,0.0,0.0,2.6423,0.0,0.0,128.0,556.0
1266037.0,0.0,2.031,-10.629,-0.02059,0.0,0.0,2.6423,0.0,0.0,128.0,550.0
1266077.0,0.0,1.7104,-8.095,-0.02059,0.0,0.0,2.6423,0.0,0.0,128.0,571.0
1266117.0,0.0,1.4864,-6.031,-0.02059,0.0,0.0,2.6423,0.0,0.0,128.0,549.0
1266158.0,0.0,1.3898,-3.107,-0.02059,0.0,0.0,2.6423,0.0,0.0,128.0,549.0
1266198.0,0.0,1.399,-0.696,-0.02059,0.0,0.0,2.6423,0.0,0.0,128.0,550.0
1266238.0,0.0,1.6061,4.015,-0.02059,0.0,0.0,2.6423,0.0,0.0,128.0,556.0
1266278.0,0.0,1.8868,6.586,-0.02059,0.0,0.0,2.6423,0.0,0.0,128.0,584.0
1266319.0,0.0,2.2335,8.311,-0.02059,0.0,0.0,2.6423,0.0,0.0,128.0,556.0
1266359.0,0.0,2.775,12.289,-0.02059,0.0,0.0,2.6423,0.0,0.0,128.0,558.0
1266399.0,0.0,-2.8041,16.939,-0.02059,0.0,0.0,2.6423,0.0,0.0,128.0,557.0
1266439.0,0.0,-2.1276,17.342,-0.02059,0.0,0.0,2.6423,0.0,0.0,128.0,550.0
1266480.0,0.0,-1.8623,10.322,-0.02059,0.0,0.0,2.6423,0.0,0.0,128.0,555.0
1266520.0,0.0,-1.3223,14.342,-0.02059,0.0,0.0,2.6423,0.0,0.0,128.0,550.0
1266560.0,0.0,-1.3315,2.716,-0.02059,0.0,0.0,2.6423,0.0,0.0,128.0,550.0
1266601.0,0.0,-1.3376,0.406,-0.02059,0.0,0.0,2.6423,0.0,0.0,128.0,550.0
1266641.0,0.0,-1.4511,-2.238,-0.02059,0.0,0.0,2.6423,0.0,0.0,128.0,557.0
1266681.0,0.0,-1.5232,-2.032,-0.02059,0.0,0.0,2.6423,0.0,0.0,128.0,549.0
1266721.0,0.0,-1.7641,-7.514,-0.02059,0.0,0.0,2.6423,0.0,0.0,128.0,550.0
1266761.0,0.0,-2.3424,-12.181,-0.02059,0.0,0.0,2.6423,0.0,0.0,128.0,557.0
1266802.0,0.0,-3.0756,-17.785,-0.02059,0.0,0.0,2.6423,0.0,0.0,128.0,556.0
1266842.0,0.0,2.6216,-16.372,-0.02059,0.0,0.0,2.6423,0.0,0.0,128.0,558.0
1266882.0,0.0,2.1859,-11.059,-0.02059,0.0,0.0,2.6423,0.0,0.0,128.0,571.0
1266922.0,0.0,2.0341,-6.257,-0.02059,0.0,0.0,2.6423,0.0,0.0,128.0,556.0
1266963.0,0.0,1.784,-6.358,-0.02059,0.0,0.0,2.6423,0.0,0.0,128.0,556.0
1267003.0,0.0,1.6168,-4.616,-0.02059,0.0,0.0,2.6423,0.0,0.0,128.0,571.0
1267043.0,0.0,1.7104,0.904,-0.02059,0.0,0.0,2.6423,0.0,0.0,128.0,550.0
1267083.0,0.0,1.8776,3.549,-0.02059,0.0,0.0,2.6423,0.0,0.0,128.0,557.0
1267124.0,0.0,2.1476,6.153,-0.02059,0.0,0.0,2.6423,0.0,0.0,128.0,556.0
1267164.0,0.0,2.4268,5.416,-0.02059,0.0,0.0,2.6423,0.0,0.0,128.0,557.0
1267204.0,0.0,2.9544,12.12,-0.02059,0.0,0.0,2.6423,0.0,0.0,128.0,564.0
1267245.0,0.0,-2.709,14.324,-0.02059,0.0,0.0,2.6423,0.0,0.0,128.0,564.0
1267285.0,0.0,-2.3224,9.899,-0.02059,0.0,0.0,2.6423,0.0,0.0,128.0,556.0
1267325.0,0.0,-1.5647,17.892,-0.02059,0.0,0.0,2.6423,0.0,0.0,128.0,549.0
1267365.0,0.0,-1.5585,5.312,-0.02059,0.0,0.0,2.6423,0.0,0.0,128.0,557.0
1267406.0,0.0,-1.5217,2.701,-0.02059,0.0,0.0,2.6423,0.0,0.0,128.0,550.0
1267446.0,0.0,-1.4956,0.923,-0.02059,0.0,0.0,2.6423,0.0,0.0,128.0,550.0
1267486.0,0.0,-1.6444,-2.65,-0.02059,0.0,0.0,2.6423,0.0,0.0,128.0,557.0
1267526.0,0.0,-1.8331,-4.397,-0.02059,0.0,0.0,2.6423,0.0,0.0,128.0,556.0
1267567.0,0.0,-2.528,-14.247,-0.02059,0.0,0.0,2.6423,0.0,0.0,128.0,564.0
1267607.0,0.0,-2.9115,-10.874,-0.02059,0.0,0.0,2.6423,0.0,0.0,128.0,556.0
1267647.0,2.0,2.8149,-11.773,-0.02066,-0.0163,-1.92,-0.0734,0.0,0.0,128.0,729.0
1267687.0,2.0,2.3301,-10.674,-0.0234,-0.1291,-3.6,0.0244,0.0,0.0,128.0,729.0
1267728.0,2.0,1.9942,-8.121,-0.03218,-0.3308,-5.8,-0.0372,0.0,0.0,128.0,739.0
1267768.0,2.0,1.7319,-7.775,-0.04834,-0.4645,-1.068,0.2458,0.0,0.0,128.0,743.0
1267808.0,2.0,1.6475,-3.613,-0.06728,-0.4767,1.662,0.0153,0.0,0.0,128.0,771.0
1267849.0,2.0,1.6536,-0.416,-0.08381,-0.3053,6.582,-0.0706,0.0,0.0,128.0,759.0
1267890.0,2.0,1.7012,1.024,-0.0906,-0.0107,8.617,-0.0961,0.0,0.0,128.0,750.0
1267931.0,2.0,1.9436,4.906,-0.08295,0.4117,9.652,-0.2044,0.0,0.0,128.0,729.0
1267972.0,2.0,2.3301,8.622,-0.05993,0.7045,4.743,-0.2104,0.0,0.0,128.0,740.0
1268013.0,2.0,2.755,9.854,-0.02899,0.7995,0.146,-0.2955,0.0,0.0,128.0,738.0
1268054.0,2.0,-2.8563,16.054,0.00326,0.8,0.0,0.691,0.0,0.0,128.0,716.0
1268094.0,2.0,-2.3163,12.96,0.03424,0.7626,-0.425,0.4254,0.0,0.0,128.0,738.0
1268134.0,2.0,-1.4481,18.179,0.06394,0.7229,-2.964,2.078,0.0,0.0,128.0,767.0
1268175.0,2.0,-1.3085,9.222,0.09109,0.6003,-5.004,0.7443,0.0,0.0,128.0,740.0
1268216.0,2.0,-1.4235,1.306,0.10999,0.2918,-9.924,0.194,0.0,0.0,128.0,737.0
1268257.0,2.0,-1.468,-1.017,0.11411,-0.0748,-7.838,0.0849,0.0,0.0,128.0,717.0
1268297.0,2.0,-1.4834,-0.254,0.10463,-0.4129,-7.267,0.1034,0.0,0.0,128.0,722.0
1268337.0,2.0,-1.6306,-3.019,0.08366,-0.6546,-5.746,0.0093,0.0,0.0,128.0,737.0
1268378.0,2.0,-1.8101,-2.99,0.05393,-0.7936,-1.066,-0.1295,0.0,0.0,128.0,734.0
1268418.0,2.0,-2.6814,-18.259,0.02246,-0.7992,0.36,1.2333,0.0,0.0,128.0,743.0
1268459.0,2.0,3.1309,-14.29,-0.00866,-0.7496,-0.334,0.2954,0.0,0.0,128.0,722.0
1268499.0,2.0,2.5786,-12.65,-0.03923,-0.7984,-0.54,0.186,0.0,0.0,128.0,749.0
1268540.0,2.0,2.1783,-10.592,-0.07144,-0.7821,1.011,0.1868,0.0,0.0,128.0,765.0
1268581.0,5.0,1.8914,-7.145,-0.10155,-0.6752,4.971,0.0976,0.0,0.0,128.0,674.0
1268622.0,5.0,1.7564,-4.343,-0.12311,-0.3782,9.527,0.0976,0.0,0.0,128.0,667.0
1268662.0,5.0,1.6736,-2.777,-0.13207,-0.0909,4.607,0.0976,0.0,0.0,128.0,660.0
1268702.0,5.0,1.7748,1.307,-0.13331,-0.0002,0.195,0.0976,0.0,0.0,128.0,659.0
1268742.0,6.0,1.9021,2.325,-0.13249,0.0506,1.5,0.0976,0.0,0.0,128.0,716.0
1268783.0,2.0,2.3178,9.073,-0.12934,0.114,2.34,-0.1586,0.0,0.0,128.0,742.0
1268823.0,2.0,2.8072,11.676,-0.12154,0.3132,7.26,-0.0876,0.0,0.0,128.0,711.0
1268863.0,2.0,-2.7995,16.083,-0.1029,0.6312,6.361,0.6702,0.0,0.0,128.0,722.0
1268903.0,2.0,-1.9267,20.699,-0.07444,0.7872,1.561,2.3367,0.0,0.0,128.0,738.0
1268944.0,2.0,-1.4941,13.767,-0.04234,0.7998,0.0,1.2286,0.0,0.0,128.0,725.0
1268984.0,2.0,-1.063,11.741,-0.01088,0.7998,0.0,1.4292,0.0,0.0,128.0,720.0
1269025.0,2.0,-0.8299,6.632,0.02059,0.7278,-3.408,0.9627,0.0,0.0,128.0,766.0
1269066.0,2.0,-0.905,0.818,0.04616,0.5055,-6.851,0.6771,0.0,0.0,128.0,731.0
1269106.0,2.0,-0.7102,3.119,0.06195,0.3011,-5.651,0.7807,0.0,0.0,128.0,739.0
1269147.0,2.0,-0.4249,6.676,0.06975,0.0973,-4.191,1.199,0.0,0.0,128.0,743.0
1269188.0,3.0,-0.4939,0.584,0.0699,-0.1069,-5.967,0.875,0.0,0.0,128.0,709.0
1269228.0,3.0,-0.2715,3.719,0.0597,-0.4165,-6.875,1.0508,0.0,0.0,128.0,703.0
1269269.0,3.0,0.0046,6.749,0.03866,-0.595,-1.955,1.2876,0.0,0.0,128.0,723.0
1269309.0,3.0,0.3436,8.393,0.01493,-0.5748,2.845,1.3868,0.0,0.0,128.0,733.0
1269349.0,3.0,0.7363,8.643,-0.00431,-0.3626,7.645,1.2131,0.0,0.0,128.0,717.0
1269390.0,2.0,1.2057,11.382,-0.01286,-0.0805,4.645,1.1711,0.0,0.0,128.0,751.0
1269431.0,2.0,1.6736,11.593,-0.01373,0.0175,1.885,0.7482,0.0,0.0,128.0,737.0
1269472.0,2.0,2.1292,10.762,-0.01013,0.198,6.695,0.2166,0.0,0.0,128.0,737.0
1269512.0,2.0,2.9437,17.791,0.0015,0.3674,1.895,1.0171,0.0,0.0,128.0,717.0
1269553.0,2.0,-2.6615,18.042,0.01654,0.3453,-2.867,1.221,0.0,0.0,128.0,743.0
1269594.0,2.0,-1.511,25.525,0.0285,0.2274,-3.707,4.2173,0.0,0.0,128.0,743.0
1269634.0,2.0,-1.2272,12.583,0.03562,0.1412,-1.236,1.3415,0.0,0.0,128.0,745.0
1269675.0,2.0,-0.7716,12.931,0.04058,0.1122,0.707,1.8044,0.0,0.0,128.0,732.0
1269715.0,2.0,-0.6688,5.518,0.045,0.079,-3.133,0.9895,0.0,0.0,128.0,743.0
1269756.0,2.0,-0.8575,-2.177,0.04466,-0.1103,-4.166,0.7351,0.0,0.0,128.0,746.0
1269797.0,2.0,-0.5415,4.303,0.03799,-0.2174,-3.157,0.9421,0.0,0.0,128.0,724.0
1269837.0,2.0,-0.3482,5.167,0.02816,-0.269,-0.799,1.1148,0.0,0.0,128.0,723.0
1269878.0,3.0,-0.3835,0.233,0.01665,-0.3097,-2.161,0.9236,0.0,0.0,128.0,715.0
1269918.0,3.0,-0.4587,-1.443,0.00154,-0.4945,-6.961,0.9098,0.0,0.0,128.0,710.0
1269958.0,3.0,-0.3774,1.892,-0.02318,-0.7368,-3.859,0.9523,0.0,0.0,128.0,695.0
1269998.0,3.0,-0.2316,3.17,-0.05404,-0.796,0.654,1.0368,0.0,0.0,128.0,723.0
1270039.0,3.0,-0.0383,4.225,-0.08509,-0.7157,4.001,1.1124,0.0,0.0,128.0,737.0
1270079.0,3.0,0.1672,5.241,-0.10901,-0.4573,8.801,1.1597,0.0,0.0,128.0,721.0
1270119.0,3.0,-0.0368,-3.272,-0.12026,-0.1269,6.13,1.067,0.0,0.0,128.0,715.0
1270160.0,3.0,-0.0644,-2.005,-0.1218,0.0199,1.33,1.0233,0.0,0.0,128.0,693.0
1270200.0,3.0,-0.115,-1.202,-0.12128,-0.0289,-3.59,1.0025,0.0,0.0,128.0,701.0
1270240.0,3.0,-0.0337,1.207,-0.12488,-0.1295,-0.273,1.0086,0.0,0.0,128.0,701.0
1270280.0,3.0,-0.0107,0.999,-0.12908,-0.0634,1.826,1.0062,0.0,0.0,128.0,709.0
1270320.0,3.0,0.0368,0.946,-0.12971,0.0443,2.962,1.005,0.0,0.0,128.0,702.0
1270360.0,3.0,0.1012,1.489,-0.12596,0.1656,4.644,1.0089,0.0,0.0,128.0,702.0
1270401.0,3.0,0.1012,0.455,-0.11595,0.3109,2.968,0.9945,0.0,0.0,128.0,722.0
1270441.0,3.0,0.1227,0.337,-0.10103,0.4463,3.36,0.9932,0.0,0.0,128.0,679.0
1270481.0,3.0,0.1304,0.248,-0.08014,0.6176,3.818,0.9919,0.0,0.0,128.0,702.0
1270521.0,3.0,0.1304,-0.026,-0.05284,0.767,2.765,0.9915,0.0,0.0,128.0,696.0
1270562.0,3.0,0.1657,0.761,-0.02074,0.7999,0.0,0.9895,0.0,0.0,128.0,717.0
1270602.0,3.0,0.273,2.397,0.0108,0.7999,0.0,0.9993,0.0,0.0,128.0,710.0
1270642.0,3.0,0.3758,2.603,0.04238,0.7999,0.0,0.973,0.0,0.0,128.0,702.0
1270682.0,5.0,0.655,6.223,0.07391,0.7956,-0.96,1.0221,0.0,0.0,128.0,667.0
1270723.0,5.0,1.0538,8.398,0.10331,0.6588,-5.76,1.0221,0.0,0.0,128.0,674.0
1270763.0,5.0,1.4803,10.625,0.12401,0.3279,-8.76,1.0221,0.0,0.0,128.0,665.0
1270803.0,5.0,2.0709,14.153,0.1314,0.0715,-4.082,1.0221,0.0,0.0,128.0,666.0
1270844.0,6.0,2.6461,13.628,0.1323,-0.0012,-0.51,1.0221,0.0,0.0,128.0,723.0
1270884.0,6.0,-2.7627,18.475,0.13125,-0.0576,-1.5,1.0221,0.0,0.0,128.0,716.0
1270924.0,2.0,-2.0064,21.122,0.12761,-0.148,-4.14,2.3812,0.0,0.0,128.0,717.0
1270964.0,2.0,-1.6015,11.237,0.11794,-0.3498,-5.58,0.8199,0.0,0.0,128.0,736.0
1271005.0,2.0,-1.2088,9.433,0.09866,-0.6078,-6.337,0.9806,0.0,0.0,128.0,736.0
1271046.0,2.0,-1.1244,2.999,0.07001,-0.7836,-1.948,0.5206,0.0,0.0,128.0,726.0
1271086.0,2.0,-1.1643,-0.777,0.03863,-0.7911,1.115,0.39,0.0,0.0,128.0,750.0
1271127.0,2.0,-1.0692,1.869,0.00709,-0.7939,-1.01,0.4976,0.0,0.0,128.0,736.0
1271167.0,2.0,-1.1137,-0.242,-0.02434,-0.7851,1.823,0.4549,0.0,0.0,128.0,752.0
1271208.0,2.0,-1.2026,-0.951,-0.05318,-0.6115,6.223,0.4194,0.0,0.0,128.0,754.0
1271249.0,2.0,-1.4067,-5.156,-0.07151,-0.2532,11.03,0.2851,0.0,0.0,128.0,750.0
1271290.0,2.0,-2.1829,-17.425,-0.07391,0.1189,8.076,1.298,0.0,0.0,128.0,716.0
1271330.0,2.0,-2.6124,-11.352,-0.06431,0.3435,3.276,-0.0382,0.0,0.0,128.0,737.0
1271371.0,2.0,2.9146,-14.77,-0.0483,0.4537,1.956,0.4007,0.0,0.0,128.0,730.0
1271411.0,2.0,2.4498,-11.973,-0.03019,0.4335,-2.844,0.1204,0.0,0.0,128.0,757.0
1271452.0,2.0,2.1184,-10.101,-0.01635,0.2203,-6.084,0.1409,0.0,0.0,128.0,751.0
1271493.0,2.0,1.8761,-7.289,-0.01298,-0.063,-6.405,0.055,0.0,0.0,128.0,728.0
1271533.0,2.0,1.6935,-5.062,-0.02002,-0.2867,-4.15,0.0531,0.0,0.0,128.0,736.0
1271573.0,2.0,1.6751,-1.539,-0.03322,-0.3543,0.65,-0.0786,0.0,0.0,128.0,763.0
1271614.0,2.0,1.7687,1.493,-0.04568,-0.2275,5.457,-0.1616,0.0,0.0,128.0,728.0
1271655.0,2.0,1.9666,4.366,-0.04916,0.0995,10.377,-0.2458,0.0,0.0,128.0,736.0
1271696.0,2.0,2.301,7.498,-0.03645,0.5194,8.204,-0.3016,0.0,0.0,128.0,724.0
1271736.0,2.0,2.686,8.834,-0.01099,0.7498,3.43,-0.38,0.0,0.0,128.0,760.0
1271777.0,2.0,-2.7167,19.206,0.0207,0.7922,-1.25,1.4245,0.0,0.0,128.0,737.0
1271817.0,2.0,-2.3363,13.161,0.04995,0.6744,-3.499,0.4904,0.0,0.0,128.0,762.0
1271857.0,2.0,-1.784,12.676,0.07474,0.5824,-3.499,0.8172,0.0,0.0,128.0,766.0
1271898.0,2.0,-1.4174,7.928,0.0951,0.422,-4.819,0.6055,0.0,0.0,128.0,744.0
1271939.0,2.0,-1.4067,0.51,0.10691,0.1211,-9.739,0.2081,0.0,0.0,128.0,733.0
1271979.0,2.0,-1.4895,-2.114,0.10541,-0.179,-6.259,0.0889,0.0,0.0,128.0,735.0
1272019.0,2.0,-1.4726,-0.115,0.09315,-0.4577,-6.375,0.1058,0.0,0.0,128.0,736.0
1272060.0,2.0,-1.6245,-2.869,0.07057,-0.6634,-5.71,0.0135,0.0,0.0,128.0,734.0
1272100.0,2.0,-1.7579,-6.596,0.04129,-0.7948,-0.973,-0.0681,0.0,0.0,128.0,731.0
1272141.0,2.0,-2.6246,-14.945,0.00904,-0.7999,0.0,0.5917,0.0,0.0,128.0,724.0
1272181.0,2.0,3.0143,-15.698,-0.02164,-0.7523,0.36,0.5632,0.0,0.0,128.0,757.0
1272222.0,2.0,2.617,-11.07,-0.0522,-0.7859,-1.833,-0.0993,0.0,0.0,128.0,739.0
1272263.0,2.0,2.1568,-10.814,-0.08404,-0.7595,2.298,0.2361,0.0,0.0,128.0,770.0
1272304.0,5.0,1.8515,-8.207,-0.11171,-0.5718,6.978,0.1703,0.0,0.0,128.0,697.0
1272344.0,5.0,1.807,-2.906,-0.12791,-0.2353,7.458,0.1703,0.0,0.0,128.0,661.0
1272384.0,5.0,1.738,-1.584,-0.13271,-0.0332,2.78,0.1703,0.0,0.0,128.0,668.0
1272424.0,6.0,1.8515,2.0,-0.1329,0.0128,1.5,0.1703,0.0,0.0,128.0,722.0
1272465.0,6.0,2.054,4.657,-0.13117,0.0743,1.5,0.1703,0.0,0.0,128.0,717.0
1272505.0,2.0,2.4636,9.071,-0.12679,0.1764,4.62,-0.2583,0.0,0.0,128.0,735.0
1272546.0,2.0,2.9713,12.462,-0.1146,0.4679,8.926,-0.0093,0.0,0.0,128.0,732.0
1272587.0,2.0,-2.5341,18.188,-0.08985,0.7312,4.028,1.2531,0.0,0.0,128.0,724.0
1272627.0,2.0,-1.7257,21.591,-0.05925,0.7975,-0.532,2.8164,0.0,0.0,128.0,761.0
1272668.0,2.0,-1.379,12.61,-0.02771,0.7842,1.028,1.1663,0.0,0.0,128.0,723.0
1272709.0,2.0,-0.9679,12.434,0.00454,0.7999,0.0,1.6306,0.0,0.0,128.0,723.0
1272749.0,2.0,-0.8422,4.591,0.03533,0.7289,-4.068,0.8208,0.0,0.0,128.0,752.0
1272789.0,2.0,-0.9848,-2.758,0.05974,0.4941,-5.433,0.589,0.0,0.0,128.0,751.0
1272830.0,2.0,-0.6903,5.373,0.07601,0.2966,-6.513,0.937,0.0,0.0,128.0,759.0
1272871.0,2.0,-0.6243,2.915,0.08239,0.003,-7.596,0.877,0.0,0.0,128.0,735.0
1272912.0,2.0,-0.8084,-3.889,0.07658,-0.2794,-5.029,0.7838,0.0,0.0,128.0,723.0
1272952.0,2.0,-0.6105,2.901,0.06266,-0.4354,-5.167,0.8569,0.0,0.0,128.0,738.0
1272993.0,2.0,-0.5783,1.786,0.04174,-0.5938,-3.14,0.8767,0.0,0.0,128.0,738.0
1273033.0,2.0,-0.7731,-3.745,0.01691,-0.6391,1.184,0.7937,0.0,0.0,128.0,737.0
1273074.0,2.0,-0.6427,1.754,-0.00716,-0.5623,0.308,0.8099,0.0,0.0,128.0,735.0
1273114.0,2.0,-0.7547,-1.511,-0.02854,-0.5057,3.024,0.7707,0.0,0.0,128.0,745.0
1273155.0,2.0,-0.9143,-3.994,-0.04526,-0.2906,6.726,0.6862,0.0,0.0,128.0,751.0
1273196.0,2.0,-1.2195,-5.195,-0.05134,0.0042,7.697,0.5518,0.0,0.0,128.0,721.0
1273237.0,2.0,-1.9574,-16.772,-0.04556,0.2759,6.326,1.369,0.0,0.0,128.0,729.0
1273277.0,2.0,-2.7274,-18.798,-0.03113,0.4344,2.774,1.344,0.0,0.0,128.0,742.0
1273318.0,2.0,2.8379,-19.374,-0.01028,0.6131,4.316,1.4461,0.0,0.0,128.0,738.0
1273358.0,2.0,2.3838,-14.199,0.01586,0.6873,-0.484,0.636,0.0,0.0,128.0,732.0
1273398.0,2.0,1.8853,-9.864,0.04132,0.5696,-5.284,0.2886,0.0,0.0,128.0,765.0
1273439.0,2.0,1.5907,-8.343,0.05876,0.2583,-8.272,0.4402,0.0,0.0,128.0,759.0
1273480.0,2.0,1.4726,-4.002,0.0639,0.0225,-3.352,0.2376,0.0,0.0,128.0,730.0
1273521.0,2.0,1.4281,-1.336,0.06334,-0.0424,-2.066,0.1747,0.0,0.0,128.0,718.0
1273561.0,2.0,1.4987,1.498,0.05925,-0.191,-5.69,0.0965,0.0,0.0,128.0,730.0
1273602.0,2.0,1.7503,5.147,0.0477,-0.356,-1.662,0.0001,0.0,0.0,128.0,739.0
1273642.0,2.0,1.9911,5.434,0.03368,-0.3241,3.138,-0.2193,0.0,0.0,128.0,752.0
1273683.0,2.0,2.5924,12.853,0.02434,-0.1177,4.762,0.192,0.0,0.0,128.0,762.0
1273724.0,2.0,-3.1232,15.717,0.02321,0.0474,2.074,0.5686,0.0,0.0,128.0,739.0
1273764.0,2.0,-2.5341,12.613,0.02704,0.1498,3.514,0.179,0.0,0.0,128.0,728.0
1273805.0,2.0,-1.5984,21.331,0.0348,0.2163,1.474,2.9928,0.0,0.0,128.0,738.0
1273845.0,2.0,-1.2502,11.315,0.0444,0.2469,-1.406,1.1491,0.0,0.0,128.0,774.0
1273886.0,2.0,-0.8314,10.699,0.05302,0.2007,-0.215,1.4477,0.0,0.0,128.0,750.0
1273926.0,2.0,-0.7517,3.542,0.05951,0.0937,-5.015,0.8476,0.0,0.0,128.0,750.0
1273967.0,2.0,-0.9004,-3.862,0.05873,-0.123,-3.402,0.6895,0.0,0.0,128.0,720.0
1274008.0,2.0,-0.6289,5.088,0.05179,-0.234,-3.972,0.9639,0.0,0.0,128.0,733.0
1274048.0,2.0,-0.5369,3.491,0.03994,-0.3655,-2.88,0.9487,0.0,0.0,128.0,731.0
1274089.0,2.0,-0.7808,-4.148,0.0231,-0.4552,-0.355,0.8527,0.0,0.0,128.0,728.0
1274129.0,2.0,-0.8176,-2.206,0.00577,-0.4006,2.777,0.6942,0.0,0.0,128.0,749.0
1274170.0,2.0,-0.8314,-0.415,-0.00806,-0.2864,2.54,0.676,0.0,0.0,128.0,747.0
1274210.0,2.0,-0.9311,-2.167,-0.01676,-0.1358,4.585,0.6253,0.0,0.0,128.0,755.0
1274251.0,2.0,-1.2563,-4.87,-0.01845,0.0594,4.976,0.5486,0.0,0.0,128.0,731.0
1274291.0,2.0,-1.9758,-17.01,-0.01264,0.2265,3.287,1.5064,0.0,0.0,128.0,737.0
1274332.0,2.0,-2.6676,-18.685,-0.0012,0.3158,0.767,1.355,0.0,0.0,128.0,725.0
1274372.0,2.0,2.8532,-20.712,0.01294,0.4209,3.869,1.7761,0.0,0.0,128.0,718.0
1274412.0,2.0,2.2519,-16.543,0.03124,0.4773,-0.931,1.1261,0.0,0.0,128.0,751.0
1274452.0,2.0,1.8285,-11.797,0.04804,0.3416,-5.731,0.6336,0.0,0.0,128.0,761.0
1274493.0,2.0,1.511,-8.797,0.05648,0.081,-4.666,0.5765,0.0,0.0,128.0,748.0
1274533.0,2.0,1.3177,-5.645,0.05734,-0.0084,-0.344,0.4692,0.0,0.0,128.0,739.0
1274574.0,2.0,1.2349,-2.588,0.05685,-0.0104,0.144,0.3792,0.0,0.0,128.0,742.0
1274615.0,2.0,1.1566,-1.773,0.05621,-0.0263,-0.442,0.4497,0.0,0.0,128.0,731.0
1274656.0,2.0,1.3959,4.029,0.05351,-0.1449,-5.292,0.2898,0.0,0.0,128.0,737.0
1274696.0,2.0,1.6045,4.979,0.04301,-0.3856,-4.443,0.1234,0.0,0.0,128.0,740.0
1274736.0,2.0,2.1108,10.628,0.02569,-0.4649,0.357,0.2034,0.0,0.0,128.0,767.0
1274777.0,2.0,2.5295,9.376,0.00859,-0.3469,5.277,-0.2521,0.0,0.0,128.0,773.0
1274818.0,2.0,-2.959,18.743,-0.00026,-0.088,4.917,1.2499,0.0,0.0,128.0,739.0
1274859.0,2.0,-2.212,16.18,-0.00116,0.0114,0.239,1.0385,0.0,0.0,128.0,729.0
1274899.0,2.0,-1.5309,17.112,-0.0015,-0.027,0.239,2.0604,0.0,0.0,128.0,751.0
1274940.0,2.0,-1.0431,11.53,-0.00176,0.0293,2.872,1.348,0.0,0.0,128.0,738.0
1274980.0,2.0,-0.7225,8.555,0.0027,0.2146,4.127,1.2512,0.0,0.0,128.0,723.0
1275020.0,2.0,-0.6596,2.993,0.01305,0.2813,-0.673,0.8587,0.0,0.0,128.0,745.0
1275061.0,2.0,-0.8606,-3.944,0.0228,0.1964,-1.05,0.7575,0.0,0.0,128.0,743.0
1275101.0,2.0,-0.7378,0.964,0.03023,0.1668,-2.384,0.7341,0.0,0.0,128.0,758.0
1275142.0,2.0,-0.856,-1.734,0.03424,0.0368,-1.581,0.6935,0.0,0.0,128.0,751.0
1275183.0,2.0,-0.8851,-1.47,0.03533,0.0239,-0.083,0.6322,0.0,0.0,128.0,735.0
1275223.0,2.0,-0.9035,-0.389,0.03555,-0.0303,-1.517,0.6292,0.0,0.0,128.0,730.0
1275264.0,2.0,-1.1397,-4.936,0.03416,-0.0234,0.832,0.5601,0.0,0.0,128.0,744.0
1275305.0,2.0,-1.2717,-2.839,0.03435,0.0386,1.85,0.391,0.0,0.0,128.0,738.0
1275346.0,2.0,-1.8684,-11.313,0.03739,0.1071,0.422,0.6652,0.0,0.0,128.0,739.0
1275387.0,2.0,-2.5556,-18.614,0.04076,0.0398,-1.618,1.3261,0.0,0.0,128.0,759.0
1275427.0,2.0,2.9928,-16.887,0.0408,-0.0415,-2.818,0.8121,0.0,0.0,128.0,717.0
1275467.0,2.0,2.2181,-18.586,0.03791,-0.0748,1.502,1.6216,0.0,0.0,128.0,771.0
1275508.0,2.0,1.695,-13.37,0.03499,-0.1029,-2.621,1.0104,0.0,0.0,128.0,725.0
1275548.0,2.0,1.3284,-10.301,0.02925,-0.1855,-1.429,0.9322,0.0,0.0,128.0,712.0
1275589.0,2.0,1.0661,-7.17,0.02093,-0.2152,0.133,0.828,0.0,0.0,128.0,745.0
1275629.0,2.0,0.7854,-6.231,0.01316,-0.17,0.652,0.8998,0.0,0.0,128.0,760.0
1275669.0,0.0,0.497,-7.407,0.00994,0.0,0.0,1.6687,0.0,0.0,128.0,537.0
1275709.0,0.0,0.5676,0.003,0.00994,0.0,0.0,1.6687,0.0,0.0,128.0,543.0
1275750.0,0.0,0.5077,-0.906,0.00994,0.0,0.0,1.6687,0.0,0.0,128.0,543.0
1275790.0,0.0,0.5077,-0.388,0.00994,0.0,0.0,1.6687,0.0,0.0,128.0,543.0
1275830.0,0.0,0.7762,5.348,0.00994,0.0,0.0,1.6687,0.0,0.0,128.0,543.0
1275870.0,0.0,1.063,6.82,0.00994,0.0,0.0,1.6687,0.0,0.0,128.0,544.0
1275911.0,0.0,1.4742,9.402,0.00994,0.0,0.0,1.6687,0.0,0.0,128.0,543.0
1275951.0,0.0,1.85,9.717,0.00994,0.0,0.0,1.6687,0.0,0.0,128.0,557.0
1275991.0,0.0,2.5602,15.023,0.00994,0.0,0.0,1.6687,0.0,0.0,128.0,557.0
1276031.0,0.0,-3.1217,14.819,0.00994,0.0,0.0,1.6687,0.0,0.0,128.0,570.0
1276072.0,0.0,-2.4682,16.506,0.00994,0.0,0.0,1.6687,0.0,0.0,128.0,557.0
1276112.0,0.0,-1.7089,15.531,0.00994,0.0,0.0,1.6687,0.0,0.0,128.0,549.0
1276152.0,0.0,-1.1121,15.223,0.00994,0.0,0.0,1.6687,0.0,0.0,128.0,544.0
1276193.0,0.0,-1.0032,5.115,0.00994,0.0,0.0,1.6687,0.0,0.0,128.0,550.0
1276233.0,0.0,-0.8529,3.791,0.00994,0.0,0.0,1.6687,0.0,0.0,128.0,550.0
1276273.0,0.0,-1.0293,-3.053,0.00994,0.0,0.0,1.6687,0.0,0.0,128.0,549.0
1276314.0,0.0,-0.9925,-0.246,0.00994,0.0,0.0,1.6687,0.0,0.0,128.0,549.0
1276354.0,0.0,-1.0032,0.068,0.00994,0.0,0.0,1.6687,0.0,0.0,128.0,545.0
1276394.0,0.0,-1.1628,-3.21,0.00994,0.0,0.0,1.6687,0.0,0.0,128.0,557.0
1276435.0,0.0,-1.4895,-7.592,0.00994,0.0,0.0,1.6687,0.0,0.0,128.0,558.0
1276522.0,0.0,-2.89,-16.427,0.00994,0.0,0.0,1.6687,0.0,0.0,128.0,698.0
1276562.0,0.0,2.6492,-19.068,0.00994,0.0,0.0,1.6687,0.0,0.0,128.0,551.0
1276602.0,0.0,2.1522,-14.293,0.00994,0.0,0.0,1.6687,0.0,0.0,128.0,551.0
1276642.0,0.0,1.7702,-10.733,0.00994,0.0,0.0,1.6687,0.0,0.0,128.0,557.0
1276682.0,0.0,1.4511,-8.455,0.00994,0.0,0.0,1.6687,0.0,0.0,128.0,564.0
1276722.0,0.0,1.2962,-4.868,0.00994,0.0,0.0,1.6687,0.0,0.0,128.0,545.0
1276763.0,0.0,1.1152,-4.277,0.00994,0.0,0.0,1.6687,0.0,0.0,128.0,550.0
1276803.0,0.0,1.221,0.385,0.00994,0.0,0.0,1.6687,0.0,0.0,128.0,545.0
1276843.0,0.0,1.4266,4.445,0.00994,0.0,0.0,1.6687,0.0,0.0,128.0,564.0
1276883.0,0.0,1.6291,4.984,0.00994,0.0,0.0,1.6687,0.0,0.0,128.0,556.0
1276924.0,0.0,2.0954,9.874,0.00994,0.0,0.0,1.6687,0.0,0.0,128.0,556.0
1276964.0,0.0,2.5234,10.014,0.00994,0.0,0.0,1.6687,0.0,0.0,128.0,557.0
1277004.0,0.0,-3.1201,15.305,0.00994,0.0,0.0,1.6687,0.0,0.0,128.0,550.0
1277045.0,0.0,-2.4406,14.363,0.00994,0.0,0.0,1.6687,0.0,0.0,128.0,556.0
1277085.0,0.0,-1.5999,18.195,0.00994,0.0,0.0,1.6687,0.0,0.0,128.0,556.0
1277125.0,0.0,-1.2625,11.806,0.00994,0.0,0.0,1.6687,0.0,0.0,128.0,550.0
1277165.0,0.0,-1.241,3.067,0.00994,0.0,0.0,1.6687,0.0,0.0,128.0,549.0
1277205.0,0.0,-1.1658,2.115,0.00994,0.0,0.0,1.6687,0.0,0.0,128.0,549.0
1277246.0,0.0,-1.2885,-1.97,0.00994,0.0,0.0,1.6687,0.0,0.0,128.0,549.0
1277286.0,0.0,-1.4327,-3.438,0.00994,0.0,0.0,1.6687,0.0,0.0,128.0,551.0
1277326.0,0.0,-1.4312,-0.508,0.00994,0.0,0.0,1.6687,0.0,0.0,128.0,550.0
1277366.0,0.0,-1.7687,-5.53,0.00994,0.0,0.0,1.6687,0.0,0.0,128.0,557.0
1277406.0,0.0,-2.4636,-15.398,0.00994,0.0,0.0,1.6687,0.0,0.0,128.0,564.0
1277447.0,0.0,3.0618,-17.531,0.00994,0.0,0.0,1.6687,0.0,0.0,128.0,564.0
1277487.0,0.0,2.4283,-16.745,0.00994,0.0,0.0,1.6687,0.0,0.0,128.0,556.0
1277527.0,0.0,2.1813,-7.992,0.00994,0.0,0.0,1.6687,0.0,0.0,128.0,557.0
1277568.0,0.0,1.8285,-8.485,0.00994,0.0,0.0,1.6687,0.0,0.0,128.0,557.0
1277608.0,0.0,1.5585,-7.204,0.00994,0.0,0.0,1.6687,0.0,0.0,128.0,551.0
1277648.0,0.0,1.5432,-1.803,0.00994,0.0,0.0,1.6687,0.0,0.0,128.0,557.0
1277689.0,0.0,1.5831,0.5,0.00994,0.0,0.0,1.6687,0.0,0.0,128.0,557.0
1277729.0,0.0,1.7825,4.247,0.00994,0.0,0.0,1.6687,0.0,0.0,128.0,549.0
1277769.0,0.0,1.9328,4.332,0.00994,0.0,0.0,1.6687,0.0,0.0,128.0,557.0
1277810.0,0.0,2.4544,10.247,0.00994,0.0,0.0,1.6687,0.0,0.0,128.0,550.0
1277850.0,0.0,2.9821,12.829,0.00994,0.0,0.0,1.6687,0.0,0.0,128.0,557.0
1277890.0,0.0,-2.8716,11.982,0.00994,0.0,0.0,1.6687,0.0,0.0,128.0,557.0
1277930.0,0.0,-2.0724,17.719,0.00994,0.0,0.0,1.6687,0.0,0.0,128.0,556.0
1277971.0,0.0,-1.8914,7.089,0.00994,0.0,0.0,1.6687,0.0,0.0,128.0,555.0
1278011.0,0.0,-1.5524,6.806,0.00994,0.0,0.0,1.6687,0.0,0.0,128.0,564.0
1278051.0,0.0,-1.3146,6.375,0.00994,0.0,0.0,1.6687,0.0,0.0,128.0,550.0
1278092.0,0.0,-1.4128,-0.787,0.00994,0.0,0.0,1.6687,0.0,0.0,128.0,543.0
1278132.0,0.0,-1.4757,-1.454,0.00994,0.0,0.0,1.6687,0.0,0.0,128.0,545.0
1278172.0,0.0,-1.7334,-5.2,0.00994,0.0,0.0,1.6687,0.0,0.0,128.0,549.0
1278212.0,0.0,-1.9942,-4.446,0.00994,0.0,0.0,1.6687,0.0,0.0,128.0,557.0
1278252.0,0.0,-2.8256,-17.691,0.00994,0.0,0.0,1.6687,0.0,0.0,128.0,564.0
1278293.0,0.0,2.9192,-14.22,0.00994,0.0,0.0,1.6687,0.0,0.0,128.0,564.0
1278333.0,0.0,2.485,-12.211,0.00994,0.0,0.0,1.6687,0.0,0.0,128.0,557.0
1278373.0,0.0,2.1353,-9.097,0.00994,0.0,0.0,1.6687,0.0,0.0,128.0,564.0
1278413.0,0.0,1.8883,-6.411,0.00994,0.0,0.0,1.6687,0.0,0.0,128.0,550.0
1278453.0,0.0,1.7825,-3.517,0.00994,0.0,0.0,1.6687,0.0,0.0,128.0,556.0
1278494.0,0.0,1.7994,-0.375,0.00994,0.0,0.0,1.6687,0.0,0.0,128.0,556.0
1278534.0,0.0,1.9251,2.413,0.00994,0.0,0.0,1.6687,0.0,0.0,128.0,570.0
1278574.0,0.0,2.1568,5.136,0.00994,0.0,0.0,1.6687,0.0,0.0,128.0,557.0
1278615.0,0.0,2.3102,4.681,0.00994,0.0,0.0,1.6687,0.0,0.0,128.0,556.0
1278655.0,0.0,2.8655,10.723,0.00994,0.0,0.0,1.6687,0.0,0.0,128.0,557.0
1278695.0,0.0,-2.8379,14.728,0.00994,0.0,0.0,1.6687,0.0,0.0,128.0,544.0
1278735.0,0.0,-2.459,10.838,0.00994,0.0,0.0,1.6687,0.0,0.0,128.0,556.0
1278776.0,0.0,-1.6904,17.372,0.00994,0.0,0.0,1.6687,0.0,0.0,128.0,556.0
1278816.0,0.0,-1.7717,2.998,0.00994,0.0,0.0,1.6687,0.0,0.0,128.0,557.0
1278856.0,0.0,-1.5999,2.811,0.00994,0.0,0.0,1.6687,0.0,0.0,128.0,563.0
1278896.0,0.0,-1.58,1.037,0.00994,0.0,0.0,1.6687,0.0,0.0,128.0,565.0
1278937.0,0.0,-1.7303,-2.409,0.00994,0.0,0.0,1.6687,0.0,0.0,128.0,564.0
1278977.0,0.0,-1.9451,-4.451,0.00994,0.0,0.0,1.6687,0.0,0.0,128.0,556.0
1279017.0,0.0,-2.5571,-12.997,0.00994,0.0,0.0,1.6687,0.0,0.0,128.0,557.0
1279058.0,0.0,-2.933,-11.048,0.00994,0.0,0.0,1.6687,0.0,0.0,128.0,556.0
1279098.0,0.0,2.8854,-10.639,0.00994,0.0,0.0,1.6687,0.0,0.0,128.0,556.0
1279138.0,0.0,2.4114,-12.26,0.00994,0.0,0.0,1.6687,0.0,0.0,128.0,557.0
1279178.0,0.0,2.2442,-6.417,0.00994,0.0,0.0,1.6687,0.0,0.0,128.0,556.0
1279218.0,0.0,1.9466,-7.153,0.00994,0.0,0.0,1.6687,0.0,0.0,128.0,549.0
1279258.0,0.0,1.962,-1.463,0.00994,0.0,0.0,1.6687,0.0,0.0,128.0,556.0
1279299.0,0.0,2.0172,0.875,0.00994,0.0,0.0,1.6687,0.0,0.0,128.0,557.0
1279339.0,0.0,2.1752,3.382,0.00994,0.0,0.0,1.6687,0.0,0.0,128.0,557.0
1279379.0,0.0,2.462,6.219,0.00994,0.0,0.0,1.6687,0.0,0.0,128.0,556.0
1279419.0,0.0,2.7274,5.649,0.00994,0.0,0.0,1.6687,0.0,0.0,128.0,557.0
1279460.0,0.0,-3.0373,11.906,0.00994,0.0,0.0,1.6687,0.0,0.0,128.0,556.0
1279500.0,0.0,-2.5541,10.278,0.00994,0.0,0.0,1.6687,0.0,0.0,128.0,557.0
1279540.0,0.0,-2.2718,7.369,0.00994,0.0,0.0,1.6687,0.0,0.0,128.0,551.0
1279580.0,0.0,-1.8684,8.096,0.00994,0.0,0.0,1.6687,0.0,0.0,128.0,555.0
1279621.0,0.0,-1.8484,0.248,0.00994,0.0,0.0,1.6687,0.0,0.0,128.0,549.0
1279661.0,0.0,-1.7564,0.419,0.00994,0.0,0.0,1.6687,0.0,0.0,128.0,555.0
1279701.0,0.0,-1.8408,-1.66,0.00994,0.0,0.0,1.6687,0.0,0.0,128.0,570.0
1279741.0,0.0,-2.054,-4.879,0.00994,0.0,0.0,1.6687,0.0,0.0,128.0,556.0
1279782.0,0.0,-2.4559,-8.747,0.00994,0.0,0.0,1.6687,0.0,0.0,128.0,556.0
1279822.0,0.0,-2.936,-11.285,0.00994,0.0,0.0,1.6687,0.0,0.0,128.0,557.0
1279862.0,0.0,2.8962,-11.385,0.00994,0.0,0.0,1.6687,0.0,0.0,128.0,564.0
1279903.0,0.0,2.5571,-9.362,0.00994,0.0,0.0,1.6687,0.0,0.0,128.0,557.0
1279943.0,0.0,2.3194,-5.938,0.00994,0.0,0.0,1.6687,0.0,0.0,128.0,550.0
1279983.0,0.0,2.1568,-3.963,0.00994,0.0,0.0,1.6687,0.0,0.0,128.0,556.0
1280024.0,0.0,2.1062,-1.983,0.00994,0.0,0.0,1.6687,0.0,0.0,128.0,550.0
1280064.0,0.0,2.1598,0.701,0.00994,0.0,0.0,1.6687,0.0,0.0,128.0,557.0
1280104.0,0.0,2.324,3.364,0.00994,0.0,0.0,1.6687,0.0,0.0,128.0,571.0
1280144.0,0.0,2.574,5.745,0.00994,0.0,0.0,1.6687,0.0,0.0,128.0,557.0
1280185.0,0.0,2.8471,6.068,0.00994,0.0,0.0,1.6687,0.0,0.0,128.0,550.0
1280225.0,0.0,-2.8854,12.627,0.00994,0.0,0.0,1.6687,0.0,0.0,128.0,557.0
1280265.0,0.0,-2.4897,11.096,0.00994,0.0,0.0,1.6687,0.0,0.0,128.0,557.0
1280305.0,0.0,-2.4268,3.279,0.00994,0.0,0.0,1.6687,0.0,0.0,128.0,550.0
1280345.0,0.0,-1.761,13.993,0.00994,0.0,0.0,1.6687,0.0,0.0,128.0,555.0
1280386.0,0.0,-1.9374,-0.629,0.00994,0.0,0.0,1.6687,0.0,0.0,128.0,550.0
1280426.0,0.0,-1.9236,0.276,0.00994,0.0,0.0,1.6687,0.0,0.0,128.0,556.0
1280466.0,0.0,-2.1506,-4.604,0.00994,0.0,0.0,1.6687,0.0,0.0,128.0,557.0
1280506.0,0.0,-2.3148,-4.132,0.00994,0.0,0.0,1.6687,0.0,0.0,128.0,570.0
1280547.0,0.0,-2.778,-10.112,0.00994,0.0,0.0,1.6687,0.0,0.0,128.0,564.0
1280587.0,0.0,-3.091,-7.689,0.00994,0.0,0.0,1.6687,0.0,0.0,128.0,556.0
1280627.0,0.0,2.801,-9.301,0.00994,0.0,0.0,1.6687,0.0,0.0,128.0,557.0
1280668.0,0.0,2.5832,-6.293,0.00994,0.0,0.0,1.6687,0.0,0.0,128.0,556.0
1280708.0,0.0,2.2626,-6.455,0.00994,0.0,0.0,1.6687,0.0,0.0,128.0,571.0
1280748.0,0.0,2.2396,-1.549,0.00994,0.0,0.0,1.6687,0.0,0.0,128.0,556.0
1280789.0,0.0,2.258,-0.074,0.00994,0.0,0.0,1.6687,0.0,0.0,128.0,550.0
1280829.0,0.0,2.3455,1.716,0.00994,0.0,0.0,1.6687,0.0,0.0,128.0,556.0
1280869.0,0.0,2.5357,4.072,0.00994,0.0,0.0,1.6687,0.0,0.0,128.0,557.0
1280909.0,0.0,2.6553,3.594,0.00994,0.0,0.0,1.6687,0.0,0.0,128.0,556.0
1280950.0,0.0,-3.1109,10.251,0.00994,0.0,0.0,1.6687,0.0,0.0,128.0,556.0
1280990.0,0.0,-2.8455,7.141,0.00994,0.0,0.0,1.6687,0.0,0.0,128.0,552.0
1281030.0,0.0,-2.5571,6.908,0.00994,0.0,0.0,1.6687,0.0,0.0,128.0,564.0
1281071.0,0.0,-2.1982,8.577,0.00994,0.0,0.0,1.6687,0.0,0.0,128.0,558.0
1281111.0,0.0,-1.8055,11.037,0.00994,0.0,0.0,1.6687,0.0,0.0,128.0,564.0
1281151.0,0.0,-2.1368,-4.093,0.00994,0.0,0.0,1.6687,0.0,0.0,128.0,556.0
1281191.0,0.0,-2.2105,-3.247,0.00994,0.0,0.0,1.6687,0.0,0.0,128.0,556.0
1281232.0,0.0,-2.3823,-3.96,0.00994,0.0,0.0,1.6687,0.0,0.0,128.0,556.0
1281272.0,0.0,-2.7075,-7.061,0.00994,0.0,0.0,1.6687,0.0,0.0,128.0,557.0
1281312.0,0.0,-2.9637,-6.472,0.00994,0.0,0.0,1.6687,0.0,0.0,128.0,565.0
1281353.0,0.0,2.9238,-8.949,0.00994,0.0,0.0,1.6687,0.0,0.0,128.0,564.0
1281393.0,0.0,2.6231,-8.44,0.00994,0.0,0.0,1.6687,0.0,0.0,128.0,564.0
1281433.0,0.0,2.3899,-7.058,0.00994,0.0,0.0,1.6687,0.0,0.0,128.0,577.0
1281473.0,0.0,2.3899,-2.256,0.00994,0.0,0.0,1.6687,0.0,0.0,128.0,556.0
1281513.0,0.0,2.3593,-0.786,0.00994,0.0,0.0,1.6687,0.0,0.0,128.0,549.0
1281553.0,0.0,2.4114,0.818,0.00994,0.0,0.0,1.6687,0.0,0.0,128.0,556.0
1281594.0,0.0,2.5449,2.81,0.00994,0.0,0.0,1.6687,0.0,0.0,128.0,556.0
1281634.0,0.0,2.6783,3.233,0.00994,0.0,0.0,1.6687,0.0,0.0,128.0,557.0
1281674.0,0.0,3.0557,8.021,0.00994,0.0,0.0,1.6687,0.0,0.0,128.0,556.0
1281715.0,0.0,-2.9299,7.235,0.00994,0.0,0.0,1.6687,0.0,0.0,128.0,556.0
1281755.0,0.0,-2.7504,4.779,0.00994,0.0,0.0,1.6687,0.0,0.0,128.0,557.0
1281795.0,0.0,-2.3639,9.243,0.00994,0.0,0.0,1.6687,0.0,0.0,128.0,557.0
1281836.0,0.0,-2.2933,3.081,0.00994,0.0,0.0,1.6687,0.0,0.0,128.0,556.0
1281876.0,0.0,-2.2365,1.906,0.00994,0.0,0.0,1.6687,0.0,0.0,128.0,571.0
1281916.0,0.0,-2.3608,-2.245,0.00994,0.0,0.0,1.6687,0.0,0.0,128.0,557.0
1281957.0,0.0,-2.4636,-2.685,0.00994,0.0,0.0,1.6687,0.0,0.0,128.0,556.0
1281997.0,0.0,-2.7658,-6.422,0.00994,0.0,0.0,1.6687,0.0,0.0,128.0,557.0
1282037.0,0.0,-2.9775,-5.759,0.00994,0.0,0.0,1.6687,0.0,0.0,128.0,550.0
1282078.0,0.0,2.9759,-7.52,0.00994,0.0,0.0,1.6687,0.0,0.0,128.0,549.0
1282118.0,0.0,2.686,-7.237,0.00994,0.0,0.0,1.6687,0.0,0.0,128.0,557.0
1282158.0,0.0,2.5357,-4.231,0.00994,0.0,0.0,1.6687,0.0,0.0,128.0,557.0
1282198.0,0.0,2.4375,-2.401,0.00994,0.0,0.0,1.6687,0.0,0.0,128.0,550.0
1282239.0,0.0,2.4344,-0.4,0.00994,0.0,0.0,1.6687,0.0,0.0,128.0,556.0
1282279.0,0.0,2.5173,1.33,0.00994,0.0,0.0,1.6687,0.0,0.0,128.0,571.0
1282319.0,0.0,2.6446,2.795,0.00994,0.0,0.0,1.6687,0.0,0.0,128.0,550.0
1282360.0,0.0,2.7566,2.878,0.00994,0.0,0.0,1.6687,0.0,0.0,128.0,550.0
1282400.0,0.0,3.0925,7.067,0.00994,0.0,0.0,1.6687,0.0,0.0,128.0,571.0
1282440.0,0.0,-2.956,6.172,0.00994,0.0,0.0,1.6687,0.0,0.0,128.0,556.0
1282481.0,0.0,-2.7581,5.207,0.00994,0.0,0.0,1.6687,0.0,0.0,128.0,556.0
1282521.0,0.0,-2.2718,11.36,0.00994,0.0,0.0,1.6687,0.0,0.0,128.0,577.0
1282561.0,0.0,-2.2994,3.131,0.00994,0.0,0.0,1.6687,0.0,0.0,128.0,556.0
1282602.0,0.0,-2.4037,-1.125,0.00994,0.0,0.0,1.6687,0.0,0.0,128.0,556.0
1282642.0,0.0,-2.4835,-1.558,0.00994,0.0,0.0,1.6687,0.0,0.0,128.0,558.0
1282682.0,0.0,-2.6446,-3.373,0.00994,0.0,0.0,1.6687,0.0,0.0,128.0,571.0
1282722.0,0.0,-2.8486,-4.817,0.00994,0.0,0.0,1.6687,0.0,0.0,128.0,557.0
1282763.0,0.0,-3.0265,-4.11,0.00994,0.0,0.0,1.6687,0.0,0.0,128.0,556.0
1282803.0,0.0,2.9253,-7.808,0.00994,0.0,0.0,1.6687,0.0,0.0,128.0,556.0
1282843.0,0.0,2.6829,-7.189,0.00994,0.0,0.0,1.6687,0.0,0.0,128.0,552.0
1282883.0,0.0,2.6676,-1.565,0.00994,0.0,0.0,1.6687,0.0,0.0,128.0,564.0
1282924.0,0.0,2.459,-4.262,0.00994,0.0,0.0,1.6687,0.0,0.0,128.0,550.0
1282964.0,0.0,2.4989,-0.308,0.00994,0.0,0.0,1.6687,0.0,0.0,128.0,550.0
1283004.0,0.0,2.6323,2.536,0.00994,0.0,0.0,1.6687,0.0,0.0,128.0,549.0
1283044.0,0.0,2.7704,3.22,0.00994,0.0,0.0,1.6687,0.0,0.0,128.0,557.0
1283085.0,0.0,2.8624,2.639,0.00994,0.0,0.0,1.6687,0.0,0.0,128.0,550.0
1283125.0,0.0,3.0956,4.897,0.00994,0.0,0.0,1.6687,0.0,0.0,128.0,556.0
1283165.0,0.0,-2.8916,7.009,0.00994,0.0,0.0,1.6687,0.0,0.0,128.0,557.0
1283205.0,0.0,-2.7934,3.527,0.00994,0.0,0.0,1.6687,0.0,0.0,128.0,557.0
1283245.0,0.0,-2.4513,7.475,0.00994,0.0,0.0,1.6687,0.0,0.0,128.0,557.0
1283285.0,0.0,-2.4283,2.42,0.00994,0.0,0.0,1.6687,0.0,0.0,128.0,556.0
1283325.0,0.0,-2.5203,-0.572,0.00994,0.0,0.0,1.6687,0.0,0.0,128.0,557.0
1283366.0,0.0,-2.6262,-1.906,0.00994,0.0,0.0,1.6687,0.0,0.0,128.0,556.0
1283406.0,0.0,-2.755,-3.047,0.00994,0.0,0.0,1.6687,0.0,0.0,128.0,557.0
1283446.0,0.0,-2.8931,-3.415,0.00994,0.0,0.0,1.6687,0.0,0.0,128.0,556.0
1283487.0,0.0,-3.117,-5.072,0.00994,0.0,0.0,1.6687,0.0,0.0,128.0,557.0
1283527.0,0.0,2.9652,-4.982,0.00994,0.0,0.0,1.6687,0.0,0.0,128.0,557.0
1283567.0,0.0,2.8256,-3.64,0.00994,0.0,0.0,1.6687,0.0,0.0,128.0,556.0
1283608.0,0.0,2.6308,-4.741,0.00994,0.0,0.0,1.6687,0.0,0.0,128.0,556.0
1283648.0,0.0,2.5694,-2.532,0.00994,0.0,0.0,1.6687,0.0,0.0,128.0,571.0
1283688.0,0.0,2.6676,1.475,0.00994,0.0,0.0,1.6687,0.0,0.0,128.0,556.0
1283729.0,0.0,2.7458,2.05,0.00994,0.0,0.0,1.6687,0.0,0.0,128.0,557.0
1283769.0,0.0,2.8486,2.357,0.00994,0.0,0.0,1.6687,0.0,0.0,128.0,557.0
1283809.0,0.0,2.9468,2.342,0.00994,0.0,0.0,1.6687,0.0,0.0,128.0,558.0
1283850.0,0.0,-3.1124,4.957,0.00994,0.0,0.0,1.6687,0.0,0.0,128.0,557.0
1283890.0,0.0,-2.8471,6.526,0.00994,0.0,0.0,1.6687,0.0,0.0,128.0,564.0
1283930.0,0.0,-2.5878,6.398,0.00994,0.0,0.0,1.6687,0.0,0.0,128.0,556.0
1283970.0,0.0,-2.6845,-0.518,0.00994,0.0,0.0,1.6687,0.0,0.0,128.0,557.0
1284011.0,0.0,-2.5372,2.352,0.00994,0.0,0.0,1.6687,0.0,0.0,128.0,557.0
1284051.0,0.0,-2.64,-1.724,0.00994,0.0,0.0,1.6687,0.0,0.0,128.0,571.0
1284091.0,0.0,-2.7566,-3.047,0.00994,0.0,0.0,1.6687,0.0,0.0,128.0,556.0
1284132.0,0.0,-2.9069,-3.57,0.00994,0.0,0.0,1.6687,0.0,0.0,128.0,551.0
1284172.0,0.0,-2.9959,-2.64,0.00994,0.0,0.0,1.6687,0.0,0.0,128.0,556.0
1284212.0,0.0,3.0465,-5.344,0.00994,0.0,0.0,1.6687,0.0,0.0,128.0,557.0
1284252.0,0.0,2.8823,-4.455,0.00994,0.0,0.0,1.6687,0.0,0.0,128.0,551.0
1284293.0,0.0,2.7428,-3.887,0.00994,0.0,0.0,1.6687,0.0,0.0,128.0,556.0
1284333.0,0.0,2.7059,-1.548,0.00994,0.0,0.0,1.6687,0.0,0.0,128.0,556.0
1284373.0,0.0,2.5848,-3.326,0.00994,0.0,0.0,1.6687,0.0,0.0,128.0,557.0
1284413.0,0.0,2.7458,2.486,0.00994,0.0,0.0,1.6687,0.0,0.0,128.0,557.0
1284453.0,0.0,2.8931,3.598,0.00994,0.0,0.0,1.6687,0.0,0.0,128.0,556.0
1284493.0,0.0,3.0235,3.394,0.00994,0.0,0.0,1.6687,0.0,0.0,128.0,557.0
1284534.0,0.0,2.9989,-0.026,0.00994,0.0,0.0,1.6687,0.0,0.0,128.0,550.0
1284574.0,0.0,-2.9514,6.21,0.00994,0.0,0.0,1.6687,0.0,0.0,128.0,556.0
1284614.0,0.0,-2.7734,4.451,0.00994,0.0,0.0,1.6687,0.0,0.0,128.0,557.0
1284654.0,0.0,-2.7688,1.621,0.00994,0.0,0.0,1.6687,0.0,0.0,128.0,564.0
1284695.0,0.0,-2.5035,5.205,0.00994,0.0,0.0,1.6687,0.0,0.0,128.0,558.0
1284735.0,0.0,-2.5219,1.543,0.00994,0.0,0.0,1.6687,0.0,0.0,128.0,556.0
1284775.0,0.0,-2.7489,-4.048,0.00994,0.0,0.0,1.6687,0.0,0.0,128.0,556.0
1284816.0,0.0,-2.8946,-3.795,0.00994,0.0,0.0,1.6687,0.0,0.0,128.0,556.0
1284856.0,0.0,-3.0327,-3.502,0.00994,0.0,0.0,1.6687,0.0,0.0,128.0,556.0
1284896.0,0.0,-3.048,-0.964,0.00994,0.0,0.0,1.6687,0.0,0.0,128.0,558.0
1284936.0,0.0,2.9529,-5.314,0.00994,0.0,0.0,1.6687,0.0,0.0,128.0,557.0
1284976.0,0.0,2.8578,-2.93,0.00994,0.0,0.0,1.6687,0.0,0.0,128.0,550.0
1285017.0,0.0,2.8271,-1.268,0.00994,0.0,0.0,1.6687,0.0,0.0,128.0,556.0
1285057.0,0.0,2.7243,-2.361,0.00994,0.0,0.0,1.6687,0.0,0.0,128.0,556.0
1285097.0,0.0,2.7075,-1.343,0.00994,0.0,0.0,1.6687,0.0,0.0,128.0,552.0
1285137.0,0.0,2.8916,3.24,0.00994,0.0,0.0,1.6687,0.0,0.0,128.0,571.0
1285177.0,0.0,3.0235,3.25,0.00994,0.0,0.0,1.6687,0.0,0.0,128.0,557.0
1285218.0,0.0,3.0925,2.104,0.00994,0.0,0.0,1.6687,0.0,0.0,128.0,556.0
1285258.0,0.0,-3.0864,2.224,0.00994,0.0,0.0,1.6687,0.0,0.0,128.0,562.0
1285298.0,0.0,-2.8977,4.692,0.00994,0.0,0.0,1.6687,0.0,0.0,128.0,557.0
1285338.0,0.0,-2.6707,5.745,0.00994,0.0,0.0,1.6687,0.0,0.0,128.0,556.0
1285378.0,0.0,-2.8777,-2.485,0.00994,0.0,0.0,1.6687,0.0,0.0,128.0,556.0
1285419.0,0.0,-2.6323,4.05,0.00994,0.0,0.0,1.6687,0.0,0.0,128.0,556.0
1285459.0,0.0,-2.7642,-1.04,0.00994,0.0,0.0,1.6687,0.0,0.0,128.0,571.0
1285499.0,0.0,-2.9146,-3.575,0.00994,0.0,0.0,1.6687,0.0,0.0,128.0,556.0
1285540.0,0.0,-3.0265,-2.889,0.00994,0.0,0.0,1.6687,0.0,0.0,128.0,556.0
1285580.0,0.0,-3.071,-1.63,0.00994,0.0,0.0,1.6687,0.0,0.0,128.0,557.0
1285620.0,0.0,3.0603,-3.369,0.00994,0.0,0.0,1.6687,0.0,0.0,128.0,557.0
1285660.0,0.0,2.9299,-3.712,0.00994,0.0,0.0,1.6687,0.0,0.0,128.0,557.0
1285701.0,0.0,2.8287,-3.119,0.00994,0.0,0.0,1.6687,0.0,0.0,128.0,556.0
1285741.0,0.0,2.89,0.814,0.00994,0.0,0.0,1.6687,0.0,0.0,128.0,571.0
1285781.0,0.0,2.7918,-1.931,0.00994,0.0,0.0,1.6687,0.0,0.0,128.0,557.0
1285822.0,0.0,2.9192,2.042,0.00994,0.0,0.0,1.6687,0.0,0.0,128.0,557.0
1285862.0,0.0,3.0281,2.767,0.00994,0.0,0.0,1.6687,0.0,0.0,128.0,557.0
1285902.0,0.0,3.0833,1.703,0.00994,0.0,0.0,1.6687,0.0,0.0,128.0,556.0
1285943.0,0.0,3.091,0.095,0.00994,0.0,0.0,1.6687,0.0,0.0,128.0,556.0
1285983.0,0.0,-2.956,4.737,0.00994,0.0,0.0,1.6687,0.0,0.0,128.0,557.0
1286023.0,0.0,-2.8225,3.634,0.00994,0.0,0.0,1.6687,0.0,0.0,128.0,556.0
1286063.0,0.0,-2.9268,-1.029,0.00994,0.0,0.0,1.6687,0.0,0.0,128.0,556.0
1286104.0,0.0,-2.6277,5.552,0.00994,0.0,0.0,1.6687,0.0,0.0,128.0,557.0
1286144.0,0.0,-2.7995,-1.825,0.00994,0.0,0.0,1.6687,0.0,0.0,128.0,571.0
1286184.0,0.0,-2.9637,-3.871,0.00994,0.0,0.0,1.6687,0.0,0.0,128.0,550.0
1286225.0,0.0,-3.0403,-2.287,0.00994,0.0,0.0,1.6687,0.0,0.0,128.0,556.0
1286265.0,0.0,-3.0634,-0.914,0.00994,0.0,0.0,1.6687,0.0,0.0,128.0,556.0
1286305.0,0.0,3.1201,-2.153,0.00994,0.0,0.0,1.6687,0.0,0.0,128.0,571.0
1286345.0,0.0,3.0235,-2.54,0.00994,0.0,0.0,1.6687,0.0,0.0,128.0,556.0
1286386.0,0.0,2.9115,-2.811,0.00994,0.0,0.0,1.6687,0.0,0.0,128.0,550.0
1286426.0,0.0,2.8747,-0.942,0.00994,0.0,0.0,1.6687,0.0,0.0,128.0,556.0
1286466.0,0.0,2.8593,-0.755,0.00994,0.0,0.0,1.6687,0.0,0.0,128.0,557.0
1286506.0,0.0,2.9483,1.784,0.00994,0.0,0.0,1.6687,0.0,0.0,128.0,557.0
1286546.0,0.0,3.0572,2.573,0.00994,0.0,0.0,1.6687,0.0,0.0,128.0,558.0
1286587.0,0.0,3.1155,1.756,0.00994,0.0,0.0,1.6687,0.0,0.0,128.0,556.0
1286627.0,0.0,3.0634,-0.734,0.00994,0.0,0.0,1.6687,0.0,0.0,128.0,557.0
1286667.0,0.0,-3.0081,3.649,0.00994,0.0,0.0,1.6687,0.0,0.0,128.0,550.0
1286708.0,0.0,-2.9498,1.818,0.00994,0.0,0.0,1.6687,0.0,0.0,128.0,557.0
1286748.0,0.0,-2.9376,0.648,0.00994,0.0,0.0,1.6687,0.0,0.0,128.0,558.0
1286788.0,0.0,-2.7642,3.434,0.00994,0.0,0.0,1.6687,0.0,0.0,128.0,550.0
1286828.0,0.0,-2.8179,0.335,0.00994,0.0,0.0,1.6687,0.0,0.0,128.0,557.0
1286869.0,0.0,-2.9928,-3.59,0.00994,0.0,0.0,1.6687,0.0,0.0,128.0,557.0
1286909.0,0.0,-3.0756,-2.549,0.00994,0.0,0.0,1.6687,0.0,0.0,128.0,557.0
1286949.0,0.0,-3.0956,-0.862,0.00994,0.0,0.0,1.6687,0.0,0.0,128.0,549.0
1286989.0,0.0,-3.1401,-1.008,0.00994,0.0,0.0,1.6687,0.0,0.0,128.0,556.0
1287030.0,0.0,3.045,-2.423,0.00994,0.0,0.0,1.6687,0.0,0.0,128.0,556.0
1287070.0,0.0,3.0081,-1.06,0.00994,0.0,0.0,1.6687,0.0,0.0,128.0,557.0
1287110.0,0.0,2.9192,-2.043,0.00994,0.0,0.0,1.6687,0.0,0.0,128.0,556.0
1287150.0,0.0,2.8685,-1.382,0.00994,0.0,0.0,1.6687,0.0,0.0,128.0,549.0
1287190.0,0.0,2.9437,1.11,0.00994,0.0,0.0,1.6687,0.0,0.0,128.0,556.0
1287231.0,0.0,3.1017,3.511,0.00994,0.0,0.0,1.6687,0.0,0.0,128.0,556.0
1287271.0,0.0,-3.1078,2.317,0.00994,0.0,0.0,1.6687,0.0,0.0,128.0,556.0
1287311.0,0.0,3.114,-0.644,0.00994,0.0,0.0,1.6687,0.0,0.0,128.0,563.0
1287351.0,0.0,-3.0327,2.575,0.00994,0.0,0.0,1.6687,0.0,0.0,128.0,557.0
1287391.0,0.0,-2.959,2.244,0.00994,0.0,0.0,1.6687,0.0,0.0,128.0,556.0
1287431.0,0.0,-2.8777,2.138,0.00994,0.0,0.0,1.6687,0.0,0.0,128.0,550.0
1287472.0,0.0,-2.9821,-1.433,0.00994,0.0,0.0,1.6687,0.0,0.0,128.0,556.0
1287512.0,0.0,-2.8333,2.148,0.00994,0.0,0.0,1.6687,0.0,0.0,128.0,557.0
1287552.0,0.0,-2.9974,-2.559,0.00994,0.0,0.0,1.6687,0.0,0.0,128.0,550.0
1287592.0,0.0,-3.1217,-2.839,0.00994,0.0,0.0,1.6687,0.0,0.0,128.0,556.0
1287633.0,0.0,3.137,-1.236,0.00994,0.0,0.0,1.6687,0.0,0.0,128.0,556.0
1287673.0,0.0,-3.1109,0.655,0.00994,0.0,0.0,1.6687,0.0,0.0,128.0,557.0
1287713.0,0.0,3.0511,-2.155,0.00994,0.0,0.0,1.6687,0.0,0.0,128.0,550.0
1287754.0,0.0,3.048,-0.649,0.00994,0.0,0.0,1.6687,0.0,0.0,128.0,550.0
1287794.0,0.0,3.0051,-0.873,0.00994,0.0,0.0,1.6687,0.0,0.0,128.0,556.0
1287834.0,0.0,2.9683,-0.816,0.00994,0.0,0.0,1.6687,0.0,0.0,128.0,557.0
1287874.0,0.0,3.0281,1.031,0.00994,0.0,0.0,1.6687,0.0,0.0,128.0,557.0
1287915.0,0.0,3.1385,2.572,0.00994,0.0,0.0,1.6687,0.0,0.0,128.0,556.0
1287955.0,0.0,-3.1094,1.408,0.00994,0.0,0.0,1.6687,0.0,0.0,128.0,557.0
1287995.0,0.0,3.1078,-1.336,0.00994,0.0,0.0,1.6687,0.0,0.0,128.0,556.0
1288035.0,0.0,-3.0296,2.61,0.00994,0.0,0.0,1.6687,0.0,0.0,128.0,550.0
1288075.0,0.0,-3.0649,-0.154,0.00994,0.0,0.0,1.6687,0.0,0.0,128.0,557.0
1288116.0,0.0,-2.9729,1.587,0.00994,0.0,0.0,1.6687,0.0,0.0,128.0,550.0
1288156.0,0.0,-2.933,1.279,0.00994,0.0,0.0,1.6687,0.0,0.0,128.0,556.0
1288196.0,0.0,-3.0526,-1.908,0.00994,0.0,0.0,1.6687,0.0,0.0,128.0,556.0
1288236.0,0.0,-3.0496,-0.673,0.00994,0.0,0.0,1.6687,0.0,0.0,128.0,557.0
1288276.0,0.0,-3.1401,-1.911,0.00994,0.0,0.0,1.6687,0.0,0.0,128.0,550.0
1288316.0,0.0,-3.137,-0.524,0.00994,0.0,0.0,1.6687,0.0,0.0,128.0,562.0
1288357.0,0.0,3.1339,-0.174,0.00994,0.0,0.0,1.6687,0.0,0.0,128.0,556.0
1288397.0,0.0,3.0986,-0.846,0.00994,0.0,0.0,1.6687,0.0,0.0,128.0,557.0
1288437.0,0.0,3.0649,-0.85,0.00994,0.0,0.0,1.6687,0.0,0.0,128.0,549.0
1288477.0,0.0,3.0388,-0.688,0.00994,0.0,0.0,1.6687,0.0,0.0,128.0,550.0
1288518.0,0.0,3.0219,-0.484,0.00994,0.0,0.0,1.6687,0.0,0.0,128.0,556.0
1288558.0,0.0,3.0143,-0.266,0.00994,0.0,0.0,1.6687,0.0,0.0,128.0,571.0
1288598.0,0.0,3.0879,1.325,0.00994,0.0,0.0,1.6687,0.0,0.0,128.0,550.0
1288638.0,0.0,-3.0772,2.771,0.00994,0.0,0.0,1.6687,0.0,0.0,128.0,556.0
1288679.0,0.0,-3.1186,-0.161,0.00994,0.0,0.0,1.6687,0.0,0.0,128.0,551.0
1288719.0,0.0,-3.0465,1.289,0.00994,0.0,0.0,1.6687,0.0,0.0,128.0,557.0
1288759.0,0.0,-3.0756,-0.399,0.00994,0.0,0.0,1.6687,0.0,0.0,128.0,556.0
1288799.0,0.0,-3.0296,0.734,0.00994,0.0,0.0,1.6687,0.0,0.0,128.0,557.0
1288840.0,0.0,-3.0219,0.31,0.00994,0.0,0.0,1.6687,0.0,0.0,128.0,550.0
1288880.0,0.0,-3.0664,-0.734,0.00994,0.0,0.0,1.6687,0.0,0.0,128.0,550.0
1288920.0,0.0,-3.1094,-1.089,0.00994,0.0,0.0,1.6687,0.0,0.0,128.0,557.0
1288960.0,0.0,3.1339,-0.963,0.00994,0.0,0.0,1.6687,0.0,0.0,128.0,552.0
1289000.0,0.0,3.1094,-0.654,0.00994,0.0,0.0,1.6687,0.0,0.0,128.0,550.0
1289040.0,0.0,3.0986,-0.321,0.00994,0.0,0.0,1.6687,0.0,0.0,128.0,558.0
1289080.0,0.0,3.0925,-0.151,0.00994,0.0,0.0,1.6687,0.0,0.0,128.0,626.0
1289121.0,0.0,3.0802,-0.317,0.00994,0.0,0.0,1.6687,0.0,0.0,128.0,558.0
1289161.0,0.0,3.091,0.146,0.00994,0.0,0.0,1.6687,0.0,0.0,128.0,564.0
1289201.0,0.0,3.1339,0.864,0.00994,0.0,0.0,1.6687,0.0,0.0,128.0,550.0
1289241.0,0.0,-3.1032,1.135,0.00994,0.0,0.0,1.6687,0.0,0.0,128.0,556.0
1289281.0,0.0,-3.0787,0.733,0.00994,0.0,0.0,1.6687,0.0,0.0,128.0,550.0
1289322.0,0.0,-3.094,-0.143,0.00994,0.0,0.0,1.6687,0.0,0.0,128.0,556.0
1289362.0,0.0,-3.1324,-0.819,0.00994,0.0,0.0,1.6687,0.0,0.0,128.0,556.0
1289402.0,0.0,3.1109,-0.958,0.00994,0.0,0.0,1.6687,0.0,0.0,128.0,552.0
1289442.0,0.0,3.094,-0.542,0.00994,0.0,0.0,1.6687,0.0,0.0,128.0,551.0
1289482.0,0.0,3.1032,0.094,0.00994,0.0,0.0,1.6687,0.0,0.0,128.0,564.0
1289523.0,0.0,3.137,0.667,0.00994,0.0,0.0,1.6687,0.0,0.0,128.0,564.0
1289563.0,0.0,-3.1124,0.84,0.00994,0.0,0.0,1.6687,0.0,0.0,128.0,557.0
1289603.0,0.0,-3.0971,0.483,0.00994,0.0,0.0,1.6687,0.0,0.0,128.0,557.0
1289643.0,0.0,-3.1124,-0.194,0.00994,0.0,0.0,1.6687,0.0,0.0,128.0,551.0
1289684.0,0.0,-3.1416,-0.653,0.00994,0.0,0.0,1.6687,0.0,0.0,128.0,550.0
1289724.0,0.0,3.114,-0.689,0.00994,0.0,0.0,1.6687,0.0,0.0,128.0,556.0
1289764.0,0.0,3.1063,-0.299,0.00994,0.0,0.0,1.6687,0.0,0.0,128.0,552.0
1289804.0,0.0,3.1201,0.2,0.00994,0.0,0.0,1.6687,0.0,0.0,128.0,551.0
1289844.0,0.0,-3.1385,0.554,0.00994,0.0,0.0,1.6687,0.0,0.0,128.0,564.0
1289885.0,0.0,-3.117,0.56,0.00994,0.0,0.0,1.6687,0.0,0.0,128.0,564.0
1289925.0,0.0,-3.114,0.185,0.00994,0.0,0.0,1.6687,0.0,0.0,128.0,569.0
1289965.0,0.0,-3.1293,-0.281,0.00994,0.0,0.0,1.6687,0.0,0.0,128.0,550.0
1290006.0,0.0,3.1324,-0.492,0.00994,0.0,0.0,1.6687,0.0,0.0,128.0,543.0
1290046.0,0.0,3.117,-0.397,0.00994,0.0,0.0,1.6687,0.0,0.0,128.0,549.0
1290086.0,0.0,3.1201,-0.041,0.00994,0.0,0.0,1.6687,0.0,0.0,128.0,550.0
1290126.0,0.0,3.1339,0.289,0.00994,0.0,0.0,1.6687,0.0,0.0,128.0,556.0
1290166.0,0.0,-3.1324,0.391,0.00994,0.0,0.0,1.6687,0.0,0.0,128.0,557.0
1290206.0,0.0,-3.1247,0.245,0.00994,0.0,0.0,1.6687,0.0,0.0,128.0,556.0
1290247.0,0.0,-3.1293,-0.05,0.00994,0.0,0.0,1.6687,0.0,0.0,128.0,550.0
1290287.0,0.0,3.1401,-0.281,0.00994,0.0,0.0,1.6687,0.0,0.0,128.0,556.0
1290327.0,0.0,3.1293,-0.287,0.00994,0.0,0.0,1.6687,0.0,0.0,128.0,557.0
1290367.0,0.0,3.1263,-0.116,0.00994,0.0,0.0,1.6687,0.0,0.0,128.0,557.0
1290408.0,0.0,3.1324,0.116,0.00994,0.0,0.0,1.6687,0.0,0.0,128.0,549.0
1290448.0,0.0,-3.1385,0.252,0.00994,0.0,0.0,1.6687,0.0,0.0,128.0,556.0
1290488.0,0.0,-3.1324,0.177,0.00994,0.0,0.0,1.6687,0.0,0.0,128.0,571.0
1290528.0,0.0,-3.1339,0.012,0.00994,0.0,0.0,1.6687,0.0,0.0,128.0,550.0
1290569.0,0.0,-3.1416,-0.144,0.00994,0.0,0.0,1.6687,0.0,0.0,128.0,556.0
1290609.0,0.0,3.1339,-0.176,0.00994,0.0,0.0,1.6687,0.0,0.0,128.0,550.0
1290649.0,0.0,3.1324,-0.079,0.00994,0.0,0.0,1.6687,0.0,0.0,128.0,556.0
1290690.0,0.0,3.1355,0.064,0.00994,0.0,0.0,1.6687,0.0,0.0,128.0,549.0
1290730.0,0.0,-3.1401,0.151,0.00994,0.0,0.0,1.6687,0.0,0.0,128.0,556.0
1290770.0,0.0,-3.137,0.098,0.00994,0.0,0.0,1.6687,0.0,0.0,128.0,557.0
1290810.0,0.0,-3.1385,-0.018,0.00994,0.0,0.0,1.6687,0.0,0.0,128.0,564.0
1290851.0,0.0,3.1385,-0.118,0.00994,0.0,0.0,1.6687,0.0,0.0,128.0,557.0
1290891.0,0.0,3.1355,-0.102,0.00994,0.0,0.0,1.6687,0.0,0.0,128.0,558.0
1290931.0,0.0,3.1355,-0.021,0.00994,0.0,0.0,1.6687,0.0,0.0,128.0,570.0
1290971.0,0.0,3.1401,0.074,0.00994,0.0,0.0,1.6687,0.0,0.0,128.0,550.0
1291011.0,0.0,-3.1401,0.092,0.00994,0.0,0.0,1.6687,0.0,0.0,128.0,542.0
1291051.0,0.0,-3.1401,0.03,0.00994,0.0,0.0,1.6687,0.0,0.0,128.0,551.0
1291091.0,0.0,-3.1416,-0.048,0.00994,0.0,0.0,1.6687,0.0,0.0,128.0,562.0
1291132.0,0.0,3.1385,-0.076,0.00994,0.0,0.0,1.6687,0.0,0.0,128.0,550.0
1291172.0,0.0,3.137,-0.03,0.00994,0.0,0.0,1.6687,0.0,0.0,128.0,550.0
1291212.0,0.0,3.1385,0.025,0.00994,0.0,0.0,1.6687,0.0,0.0,128.0,550.0
1291252.0,0.0,-3.1416,0.069,0.00994,0.0,0.0,1.6687,0.0,0.0,128.0,562.0
1291293.0,0.0,-3.1401,0.032,0.00994,0.0,0.0,1.6687,0.0,0.0,128.0,556.0
1291333.0,0.0,-3.1416,-0.009,0.00994,0.0,0.0,1.6687,0.0,0.0,128.0,555.0
1291373.0,0.0,3.1385,-0.054,0.00994,0.0,0.0,1.6687,0.0,0.0,128.0,544.0
1291413.0,0.0,3.137,-0.022,0.00994,0.0,0.0,1.6687,0.0,0.0,128.0,558.0
1291454.0,0.0,3.1401,0.013,0.00994,0.0,0.0,1.6687,0.0,0.0,128.0,557.0
1291494.0,0.0,-3.1416,0.027,0.00994,0.0,0.0,1.6687,0.0,0.0,128.0,570.0
1291534.0,0.0,-3.1416,0.028,0.00994,0.0,0.0,1.6687,0.0,0.0,128.0,543.0
1291574.0,0.0,3.1401,-0.03,0.00994,0.0,0.0,1.6687,0.0,0.0,128.0,543.0
1291614.0,0.0,3.1401,-0.02,0.00994,0.0,0.0,1.6687,0.0,0.0,128.0,551.0
1291655.0,0.0,3.1385,-0.021,0.00994,0.0,0.0,1.6687,0.0,0.0,128.0,549.0
1291695.0,0.0,3.1401,0.02,0.00994,0.0,0.0,1.6687,0.0,0.0,128.0,556.0
1291735.0,0.0,3.1401,0.017,0.00994,0.0,0.0,1.6687,0.0,0.0,128.0,552.0
1291775.0,0.0,3.1401,0.006,0.00994,0.0,0.0,1.6687,0.0,0.0,128.0,550.0
1291816.0,0.0,3.1401,-0.011,0.00994,0.0,0.0,1.6687,0.0,0.0,128.0,558.0
1291856.0,0.0,3.1385,-0.031,0.00994,0.0,0.0,1.6687,0.0,0.0,128.0,564.0
1291896.0,0.0,3.1385,0.004,0.00994,0.0,0.0,1.6687,0.0,0.0,128.0,564.0
1291936.0,0.0,3.1401,0.016,0.00994,0.0,0.0,1.6687,0.0,0.0,128.0,557.0
1291976.0,0.0,3.1401,0.015,0.00994,0.0,0.0,1.6687,0.0,0.0,128.0,550.0
1292017.0,0.0,3.1401,-0.002,0.00994,0.0,0.0,1.6687,0.0,0.0,128.0,549.0
1292057.0,0.0,3.1401,-0.001,0.00994,0.0,0.0,1.6687,0.0,0.0,128.0,544.0
1292097.0,0.0,3.1401,-0.012,0.00994,0.0,0.0,1.6687,0.0,0.0,128.0,564.0
1292138.0,0.0,3.1401,0.003,0.00994,0.0,0.0,1.6687,0.0,0.0,128.0,564.0
1292178.0,0.0,3.1401,0.005,0.00994,0.0,0.0,1.6687,0.0,0.0,128.0,549.0
1292218.0,0.0,3.1401,-0.004,0.00994,0.0,0.0,1.6687,0.0,0.0,128.0,543.0
1292260.0,2.0,-3.1416,0.008,0.00994,-0.0004,-0.24,-1.0,0.0,0.0,128.0,789.0
1292300.0,2.0,-2.9913,3.662,0.01091,0.0776,4.08,-0.9015,0.0,0.0,128.0,730.0
1292340.0,2.0,-2.89,2.06,0.0183,0.3392,8.88,-0.9518,0.0,0.0,128.0,736.0
1292381.0,5.0,-2.8317,0.477,0.0387,0.6468,5.16,-0.8813,0.0,0.0,128.0,702.0
1292421.0,5.0,-2.6676,2.616,0.0669,0.7548,0.36,-0.8813,0.0,0.0,128.0,690.0
1292462.0,5.0,-2.5173,3.817,0.0963,0.6662,-4.56,-0.8813,0.0,0.0,128.0,680.0
1292502.0,5.0,-2.485,1.72,0.11786,0.3854,-9.36,-0.8813,0.0,0.0,128.0,679.0
1292543.0,5.0,-2.7305,-3.393,0.12694,0.0998,-4.8,-0.8813,0.0,0.0,128.0,673.0
1292583.0,5.0,-3.0204,-6.553,0.1284,0.0004,-0.275,-0.8813,0.0,0.0,128.0,677.0
1292623.0,2.0,2.8854,-9.056,0.12731,-0.0901,-4.595,-0.454,0.0,0.0,128.0,723.0
1292663.0,2.0,2.5587,-8.726,0.11902,-0.3723,-9.395,-0.3395,0.0,0.0,128.0,737.0
1292704.0,2.0,2.2319,-7.84,0.09544,-0.8104,-9.515,-0.2324,0.0,0.0,128.0,744.0
1292744.0,2.0,1.9712,-7.115,0.05741,-1.0966,-4.955,-0.0534,0.0,0.0,128.0,740.0
1292784.0,2.0,1.7349,-6.156,0.0117,-1.1986,-0.395,0.096,0.0,0.0,128.0,746.0
1292825.0,5.0,1.6598,-2.588,-0.03649,-1.1747,2.4,0.0442,0.0,0.0,128.0,695.0
1292865.0,5.0,1.7211,1.073,-0.07976,-0.9803,7.2,0.0442,0.0,0.0,128.0,690.0
1292906.0,5.0,1.7917,2.168,-0.11235,-0.5822,11.82,0.0442,0.0,0.0,128.0,683.0
1292946.0,5.0,2.0601,5.714,-0.1275,-0.2078,7.02,0.0442,0.0,0.0,128.0,682.0
1292987.0,5.0,2.3455,5.887,-0.13155,-0.0214,2.223,0.0442,0.0,0.0,128.0,681.0
1293027.0,6.0,3.0542,14.649,-0.13159,0.0183,1.5,0.0442,0.0,0.0,128.0,718.0
1293071.0,2.0,-2.594,16.692,-0.12949,0.0862,2.34,0.9323,0.0,0.0,128.0,748.0
1293111.0,2.0,-1.8132,21.269,-0.12281,0.2722,4.86,2.6499,0.0,0.0,128.0,744.0
1293152.0,2.0,-1.3959,10.815,-0.10811,0.485,6.847,0.901,0.0,0.0,128.0,737.0
1293193.0,2.0,-1.1336,7.087,-0.08213,0.8028,6.247,0.7766,0.0,0.0,128.0,739.0
1293234.0,2.0,-0.991,4.277,-0.04605,0.9557,1.327,0.676,0.0,0.0,128.0,727.0
1293274.0,2.0,-1.0339,0.228,-0.00866,0.9118,-2.753,0.5383,0.0,0.0,128.0,743.0
1293315.0,2.0,-1.2502,-4.647,0.02726,0.8923,0.505,0.4371,0.0,0.0,128.0,703.0
1293355.0,2.0,-1.2118,0.049,0.06225,0.8536,-3.126,0.3595,0.0,0.0,128.0,787.0
1293396.0,2.0,-1.2548,-0.691,0.0936,0.6952,-4.967,0.2854,0.0,0.0,128.0,752.0
1293436.0,2.0,-1.4895,-4.862,0.11655,0.4527,-7.511,0.1284,0.0,0.0,128.0,756.0
1293476.0,2.0,-2.6384,-20.459,0.12743,0.07,-9.645,1.7989,0.0,0.0,128.0,745.0
1293517.0,2.0,2.8593,-20.069,0.12379,-0.235,-6.057,1.5803,0.0,0.0,128.0,739.0
1293557.0,2.0,2.1138,-19.144,0.11111,-0.3846,-1.834,1.8281,0.0,0.0,128.0,744.0
1293598.0,2.0,1.5186,-15.794,0.09352,-0.4998,-3.763,1.6509,0.0,0.0,128.0,731.0
1293638.0,2.0,1.083,-12.044,0.06971,-0.7455,-7.444,1.4134,0.0,0.0,128.0,743.0
1293679.0,2.0,0.7118,-9.604,0.03484,-0.9671,-3.693,1.3542,0.0,0.0,128.0,723.0
1293719.0,2.0,0.3973,-7.87,-0.00484,-1.0214,0.013,1.3021,0.0,0.0,128.0,746.0
1293760.0,5.0,-0.092,-11.001,-0.04673,-1.0399,1.333,2.0823,0.0,0.0,128.0,661.0
1293800.0,5.0,-0.0169,-0.802,-0.0855,-0.8882,6.133,2.0823,0.0,0.0,128.0,647.0
1293840.0,5.0,-0.2945,-5.471,-0.1146,-0.5445,10.933,2.0823,0.0,0.0,128.0,653.0
1293881.0,5.0,-0.6105,-7.883,-0.12863,-0.1866,6.613,2.0823,0.0,0.0,128.0,660.0
1293921.0,5.0,-0.9679,-8.555,-0.13215,-0.0154,1.816,2.0823,0.0,0.0,128.0,668.0
1293961.0,6.0,-1.6598,-14.824,-0.13204,0.0248,1.5,2.0823,0.0,0.0,128.0,716.0
1294006.0,2.0,-2.8655,-25.366,-0.12949,0.0957,2.34,3.1073,0.0,0.0,128.0,727.0
1294047.0,2.0,2.4897,-23.824,-0.1224,0.295,7.26,2.8252,0.0,0.0,128.0,730.0
1294087.0,2.0,1.9666,-16.147,-0.10402,0.6686,9.513,1.2995,0.0,0.0,128.0,731.0
1294127.0,2.0,1.5831,-10.86,-0.07178,0.9507,4.713,0.7568,0.0,0.0,128.0,735.0
1294168.0,2.0,1.2655,-8.352,-0.03008,1.0937,2.034,0.7736,0.0,0.0,128.0,736.0
1294208.0,2.0,1.1443,-3.977,0.0141,1.1422,0.309,0.5339,0.0,0.0,128.0,735.0
1294248.0,2.0,0.7961,-7.432,0.05809,1.0579,-4.446,1.1075,0.0,0.0,128.0,745.0
1294288.0,2.0,0.9465,1.177,0.09544,0.8066,-8.378,0.619,0.0,0.0,128.0,750.0
1294329.0,2.0,1.175,4.979,0.11989,0.3598,-13.298,0.5545,0.0,0.0,128.0,737.0
1294370.0,2.0,1.537,8.025,0.12319,-0.211,-13.076,0.4629,0.0,0.0,128.0,733.0
1294410.0,2.0,2.0187,11.498,0.10616,-0.6356,-8.276,0.4085,0.0,0.0,128.0,737.0
1294451.0,2.0,2.5955,13.611,0.07523,-0.8716,-3.356,0.3202,0.0,0.0,128.0,733.0
1294492.0,2.0,-2.913,17.056,0.03874,-0.908,0.676,0.8573,0.0,0.0,128.0,745.0
1294533.0,2.0,-2.0586,19.015,0.00143,-0.9593,-1.782,1.7543,0.0,0.0,128.0,730.0
1294574.0,5.0,-1.7181,12.377,-0.0381,-1.0316,0.138,2.2624,0.0,0.0,128.0,667.0
1294614.0,5.0,-1.2471,11.153,-0.07841,-0.9226,5.058,2.2624,0.0,0.0,128.0,692.0
1294654.0,5.0,-1.1858,3.467,-0.10969,-0.6219,9.858,2.2624,0.0,0.0,128.0,681.0
1294694.0,5.0,-1.1351,1.327,-0.12645,-0.2398,7.58,2.2624,0.0,0.0,128.0,660.0
1294735.0,5.0,-1.1965,-0.759,-0.1314,-0.0322,2.781,2.2624,0.0,0.0,128.0,695.0
1294775.0,6.0,-1.4312,-4.753,-0.13159,0.0142,1.5,2.2624,0.0,0.0,128.0,715.0
1294821.0,2.0,-1.7119,-5.659,-0.12949,0.0851,2.34,0.0454,0.0,0.0,128.0,871.0
1294861.0,2.0,-2.3838,-14.165,-0.1236,0.24,5.667,0.5228,0.0,0.0,128.0,749.0
1294902.0,2.0,-2.9544,-14.232,-0.11051,0.393,2.411,0.2939,0.0,0.0,128.0,728.0
1294943.0,2.0,2.7259,-14.868,-0.09304,0.4838,2.464,0.4966,0.0,0.0,128.0,723.0
1294983.0,2.0,2.3562,-10.675,-0.07331,0.484,-2.336,0.0061,0.0,0.0,128.0,768.0
1295024.0,2.0,2.1368,-6.644,-0.05599,0.3497,-5.225,-0.2201,0.0,0.0,128.0,751.0
1295065.0,2.0,1.853,-6.283,-0.04639,0.128,-4.697,-0.0201,0.0,0.0,128.0,760.0
1295106.0,2.0,1.8254,-2.172,-0.04519,-0.0695,-3.684,-0.2042,0.0,0.0,128.0,744.0
1295146.0,2.0,1.8423,0.045,-0.04965,-0.1311,0.696,-0.2494,0.0,0.0,128.0,764.0
1295187.0,2.0,1.9834,2.781,-0.05302,0.0007,5.616,-0.3333,0.0,0.0,128.0,730.0
1295228.0,2.0,2.2979,6.765,-0.04714,0.3343,10.536,-0.363,0.0,0.0,128.0,743.0
1295269.0,5.0,2.778,10.314,-0.02497,0.7505,8.016,-0.3589,0.0,0.0,128.0,668.0
1295309.0,5.0,-3.0726,12.224,0.00953,0.9728,3.216,-0.3589,0.0,0.0,128.0,683.0
1295349.0,5.0,-2.2688,18.62,0.04913,1.003,-1.584,-0.3589,0.0,0.0,128.0,683.0
1295390.0,5.0,-1.5278,17.131,0.08704,0.8347,-6.504,-0.3589,0.0,0.0,128.0,687.0
1295430.0,5.0,-1.31,8.629,0.11374,0.4775,-10.705,-0.3589,0.0,0.0,128.0,679.0
1295471.0,5.0,-1.2134,3.67,0.12562,0.1477,-5.905,-0.3589,0.0,0.0,128.0,666.0
1295511.0,5.0,-1.1474,1.876,0.12818,0.0063,-1.108,-0.3589,0.0,0.0,128.0,659.0
1295551.0,2.0,-0.9771,3.983,0.12765,-0.0543,-3.558,0.6774,0.0,0.0,128.0,714.0
1295591.0,2.0,-1.0247,-0.105,0.12158,-0.295,-8.358,0.5357,0.0,0.0,128.0,753.0
1295632.0,2.0,-1.2839,-5.047,0.10418,-0.5382,-3.532,0.4747,0.0,0.0,128.0,753.0
1295672.0,2.0,-1.3837,-3.578,0.08134,-0.6049,-0.473,0.2271,0.0,0.0,128.0,717.0
1295712.0,2.0,-1.669,-4.641,0.05651,-0.6782,-2.178,0.1886,0.0,0.0,128.0,731.0
1295752.0,2.0,-2.2626,-16.352,0.02775,-0.8011,-3.087,1.0688,0.0,0.0,128.0,723.0
1295793.0,2.0,-3.0219,-16.724,-0.00581,-0.8395,-0.327,0.7882,0.0,0.0,128.0,723.0
1295833.0,2.0,2.7857,-13.736,-0.0384,-0.8261,-1.287,0.2484,0.0,0.0,128.0,731.0
1295873.0,2.0,2.2181,-13.668,-0.07061,-0.7792,3.513,0.6397,0.0,0.0,128.0,752.0
1295913.0,2.0,1.7595,-11.093,-0.09893,-0.6427,5.114,0.5767,0.0,0.0,128.0,765.0
1295954.0,2.0,1.5048,-7.59,-0.1194,-0.3297,10.034,0.4592,0.0,0.0,128.0,743.0
1295995.0,2.0,1.2931,-6.128,-0.1233,0.1788,13.402,0.5154,0.0,0.0,128.0,744.0
1296036.0,2.0,1.2901,-1.274,-0.10579,0.6914,11.011,0.3032,0.0,0.0,128.0,723.0
1296076.0,2.0,1.2609,-0.493,-0.0714,1.0334,6.211,0.2946,0.0,0.0,128.0,723.0
1296116.0,2.0,1.2717,0.123,-0.02723,1.1875,1.651,0.3248,0.0,0.0,128.0,759.0
1296157.0,2.0,1.5355,4.715,0.02059,1.1519,-3.269,0.1801,0.0,0.0,128.0,754.0
1296198.0,5.0,1.8116,6.459,0.06386,1.0014,-3.426,0.0379,0.0,0.0,128.0,708.0
1296238.0,5.0,2.2826,10.746,0.09953,0.7659,-8.226,0.0379,0.0,0.0,128.0,673.0
1296278.0,5.0,2.62,9.335,0.12233,0.3679,-9.386,0.0379,0.0,0.0,128.0,674.0
1296319.0,5.0,3.091,11.189,0.13099,0.0864,-4.466,0.0379,0.0,0.0,128.0,674.0
1296359.0,5.0,-2.7351,12.243,0.13215,0.0001,-0.083,0.0379,0.0,0.0,128.0,673.0
1296399.0,6.0,-2.324,10.933,0.13125,-0.0522,-1.5,0.0379,0.0,0.0,128.0,709.0
1296439.0,2.0,-1.8623,12.025,0.12791,-0.1399,-4.02,0.6207,0.0,0.0,128.0,738.0
1296480.0,2.0,-2.0877,-1.809,0.11888,-0.3032,-4.38,-0.4854,0.0,0.0,128.0,743.0
1296521.0,2.0,-2.1905,-2.502,0.10181,-0.5861,-9.3,-0.5215,0.0,0.0,128.0,730.0
1296561.0,2.0,-2.3608,-3.44,0.07125,-0.959,-7.38,-0.6101,0.0,0.0,128.0,738.0
1296601.0,2.0,-2.9284,-9.942,0.02891,-1.1645,-2.82,-0.3469,0.0,0.0,128.0,745.0
1296642.0,5.0,2.7243,-14.423,-0.01916,-1.1974,0.72,0.3934,0.0,0.0,128.0,698.0
1296683.0,5.0,2.3777,-10.465,-0.06461,-1.0702,5.64,0.3934,0.0,0.0,128.0,705.0
1296723.0,5.0,2.2503,-5.465,-0.10208,-0.7406,10.44,0.3934,0.0,0.0,128.0,689.0
1296763.0,5.0,2.2688,-1.052,-0.12278,-0.317,8.7,0.3934,0.0,0.0,128.0,670.0
1296803.0,5.0,2.3639,1.673,-0.12986,-0.0674,3.9,0.3934,0.0,0.0,128.0,683.0
1296844.0,6.0,2.4037,0.624,-0.13069,0.0011,0.48,0.3934,0.0,0.0,128.0,713.0
1296885.0,2.0,2.8885,9.668,-0.12964,0.0616,2.46,-0.3802,0.0,0.0,128.0,810.0
1296925.0,2.0,-2.8685,12.543,-0.12383,0.2658,7.38,0.0192,0.0,0.0,128.0,726.0
1296965.0,2.0,-2.4252,13.534,-0.10646,0.657,11.22,0.4111,0.0,0.0,128.0,759.0
1297006.0,2.0,-1.9037,12.81,-0.07226,1.0206,6.504,0.733,0.0,0.0,128.0,714.0
1297047.0,2.0,-1.3438,13.184,-0.02719,1.1857,1.824,1.3915,0.0,0.0,128.0,732.0
1297087.0,2.0,-1.1351,6.682,0.01954,1.1602,-2.976,0.6961,0.0,0.0,128.0,747.0
1297128.0,2.0,-1.0446,2.943,0.06262,0.9349,-7.896,0.5768,0.0,0.0,128.0,729.0
1297169.0,2.0,-1.1305,-1.555,0.09304,0.5655,-7.676,0.4263,0.0,0.0,128.0,751.0
1297210.0,2.0,-0.9189,3.797,0.10954,0.2114,-10.914,0.707,0.0,0.0,128.0,729.0
1297250.0,2.0,-1.0462,-1.342,0.10913,-0.2378,-9.811,0.5536,0.0,0.0,128.0,743.0
1297291.0,2.0,-0.9695,0.54,0.093,-0.5414,-6.271,0.5386,0.0,0.0,128.0,732.0
1297331.0,2.0,-1.0477,-0.91,0.06608,-0.828,-5.716,0.5321,0.0,0.0,128.0,740.0
1297372.0,2.0,-1.106,-1.733,0.0294,-0.9591,-0.796,0.4423,0.0,0.0,128.0,733.0
1297412.0,2.0,-1.1305,-0.563,-0.00795,-0.9192,2.718,0.4452,0.0,0.0,128.0,765.0
1297453.0,2.0,-1.3622,-4.577,-0.04174,-0.7396,5.742,0.4243,0.0,0.0,128.0,760.0
1297494.0,2.0,-1.7012,-8.856,-0.06563,-0.4173,7.977,0.414,0.0,0.0,128.0,760.0
1297534.0,2.0,-2.482,-14.635,-0.07672,-0.1491,5.337,0.6413,0.0,0.0,128.0,759.0
1297575.0,2.0,-3.1217,-19.328,-0.07901,0.0276,4.593,1.3613,0.0,0.0,128.0,719.0
1297616.0,2.0,2.5986,-16.066,-0.07448,0.1852,3.862,0.7892,0.0,0.0,128.0,735.0
1297656.0,2.0,2.2734,-10.68,-0.06548,0.2429,-0.898,0.0878,0.0,0.0,128.0,760.0
1297697.0,2.0,2.0586,-7.266,-0.05768,0.1137,-4.405,-0.0978,0.0,0.0,128.0,764.0
1297738.0,2.0,1.9113,-3.844,-0.05677,-0.0744,-4.883,-0.2162,0.0,0.0,128.0,736.0
1297778.0,2.0,1.8715,-1.487,-0.06293,-0.2217,-1.843,-0.2676,0.0,0.0,128.0,757.0
1297819.0,2.0,1.9144,0.611,-0.072,-0.194,3.077,-0.3298,0.0,0.0,128.0,764.0
1297860.0,2.0,2.146,4.521,-0.07598,0.0355,7.997,-0.4022,0.0,0.0,128.0,744.0
1297903.0,5.0,2.5111,7.994,-0.0663,0.4783,12.317,-0.401,0.0,0.0,128.0,676.0
1297943.0,5.0,2.91,10.057,-0.0384,0.88,7.397,-0.401,0.0,0.0,128.0,673.0
1297984.0,5.0,-2.5295,16.777,0.00075,1.0774,2.597,-0.401,0.0,0.0,128.0,684.0
1298024.0,5.0,-1.7012,22.658,0.04504,1.0806,-2.323,-0.401,0.0,0.0,128.0,660.0
1298064.0,5.0,-1.3284,11.048,0.08467,0.8892,-7.123,-0.401,0.0,0.0,128.0,666.0
1298104.0,5.0,-1.0431,7.881,0.11306,0.5083,-10.963,-0.401,0.0,0.0,128.0,679.0
1298145.0,5.0,-0.9097,4.417,0.12593,0.1657,-6.285,-0.401,0.0,0.0,128.0,667.0
1298185.0,5.0,-0.8069,2.522,0.12893,0.0099,-1.488,-0.401,0.0,0.0,128.0,653.0
1298225.0,2.0,-0.4372,8.023,0.12859,-0.0435,-3.178,1.3204,0.0,0.0,128.0,716.0
1298266.0,2.0,-0.3007,4.611,0.12296,-0.2771,-8.098,1.1001,0.0,0.0,128.0,730.0
1298306.0,3.0,-0.2577,1.699,0.10568,-0.5915,-6.118,0.9852,0.0,0.0,128.0,690.0
1298346.0,3.0,0.201,9.18,0.07886,-0.7379,-1.318,1.5124,0.0,0.0,128.0,697.0
1298387.0,3.0,0.6872,11.611,0.04927,-0.6886,3.602,1.6171,0.0,0.0,128.0,744.0
1298427.0,2.0,1.1628,11.763,0.02479,-0.5693,1.311,1.233,0.0,0.0,128.0,744.0
1298467.0,2.0,1.557,10.53,0.00233,-0.5823,0.173,0.6817,0.0,0.0,128.0,756.0
1298508.0,2.0,2.255,15.464,-0.01973,-0.4804,3.436,0.8888,0.0,0.0,128.0,754.0
1298549.0,2.0,2.9698,17.058,-0.03566,-0.2832,5.386,0.8609,0.0,0.0,128.0,739.0
1298589.0,2.0,-2.255,25.187,-0.04395,-0.1662,0.586,3.4039,0.0,0.0,128.0,737.0
1298630.0,2.0,-1.4343,23.035,-0.05141,-0.2167,-0.734,3.6423,0.0,0.0,128.0,722.0
1298670.0,2.0,-0.8222,16.558,-0.05925,-0.1477,4.066,2.4486,0.0,0.0,128.0,729.0
1298711.0,2.0,-0.5262,9.145,-0.06056,0.1199,8.026,1.4125,0.0,0.0,128.0,717.0
1298752.0,2.0,-0.3252,5.564,-0.0504,0.3673,4.503,1.1496,0.0,0.0,128.0,736.0
1298792.0,2.0,-0.1902,4.244,-0.0333,0.4901,2.465,1.097,0.0,0.0,128.0,735.0
1298833.0,3.0,-0.2669,0.78,-0.01286,0.4899,-2.405,0.9716,0.0,0.0,128.0,731.0
1298873.0,3.0,0.0721,6.923,0.00566,0.4804,2.102,1.3003,0.0,0.0,128.0,705.0
1298914.0,5.0,0.0537,1.517,0.02745,0.6605,5.942,1.0284,0.0,0.0,128.0,666.0
1298954.0,5.0,0.1779,2.186,0.05756,0.8008,1.022,1.0284,0.0,0.0,128.0,638.0
1298994.0,5.0,0.3835,4.356,0.08869,0.7433,-3.778,1.0284,0.0,0.0,128.0,660.0
1299034.0,5.0,0.7455,7.868,0.11385,0.4938,-8.578,1.0284,0.0,0.0,128.0,669.0
1299075.0,5.0,1.241,11.015,0.12671,0.1578,-6.058,1.0284,0.0,0.0,128.0,674.0
1299115.0,5.0,1.784,13.084,0.12949,0.0095,-1.499,1.0284,0.0,0.0,128.0,674.0
1299155.0,2.0,2.3424,13.478,0.12919,-0.047,-3.31,0.463,0.0,0.0,128.0,737.0
1299196.0,2.0,3.114,17.749,0.12326,-0.286,-8.23,0.9914,0.0,0.0,128.0,716.0
1299236.0,2.0,-2.3378,19.47,0.10463,-0.6837,-10.63,1.6907,0.0,0.0,128.0,723.0
1299276.0,2.0,-1.9144,12.588,0.07043,-1.0298,-6.339,0.7364,0.0,0.0,128.0,743.0
1299316.0,2.0,-1.7119,6.289,0.02625,-1.1849,-1.539,0.1598,0.0,0.0,128.0,744.0
1299357.0,5.0,-1.5708,4.158,-0.02051,-1.185,0.621,0.3021,0.0,0.0,128.0,674.0
1299397.0,5.0,-1.5662,0.834,-0.06559,-1.0618,5.421,0.3021,0.0,0.0,128.0,679.0
1299437.0,5.0,-1.6766,-1.835,-0.10279,-0.7362,10.341,0.3021,0.0,0.0,128.0,688.0
1299477.0,5.0,-1.8791,-7.73,-0.12345,-0.3148,8.661,0.3021,0.0,0.0,128.0,675.0
1299517.0,5.0,-2.255,-10.006,-0.13046,-0.0663,3.983,0.3021,0.0,0.0,128.0,680.0
1299558.0,6.0,-2.5111,-5.862,-0.13125,0.0027,0.775,0.3021,0.0,0.0,128.0,709.0
1299600.0,2.0,-3.0434,-12.342,-0.12998,0.0624,1.62,-0.0347,0.0,0.0,128.0,823.0
1299639.0,2.0,2.8946,-10.544,-0.1272,0.0664,-0.013,-0.2571,0.0,0.0,128.0,758.0
1299680.0,2.0,2.4774,-10.089,-0.12578,-0.0081,-1.346,-0.1737,0.0,0.0,128.0,737.0
1299721.0,2.0,2.3593,-4.955,-0.12641,-0.0354,-2.286,-0.5581,0.0,0.0,128.0,738.0
1299761.0,2.0,2.1491,-5.436,-0.12911,-0.0946,-0.371,-0.3611,0.0,0.0,128.0,736.0
1299802.0,5.0,2.1046,-2.365,-0.1329,-0.0895,0.723,-0.374,0.0,0.0,128.0,661.0
1299842.0,5.0,2.1844,1.557,-0.13489,-0.0058,1.087,-0.374,0.0,0.0,128.0,676.0
1299883.0,6.0,2.3623,3.76,-0.13444,0.0367,1.5,-0.374,0.0,0.0,128.0,717.0
1299923.0,6.0,2.6584,6.671,-0.13185,0.0967,1.5,-0.374,0.0,0.0,128.0,715.0
1299963.0,2.0,2.867,4.751,-0.12668,0.1898,4.26,-0.8141,0.0,0.0,128.0,745.0
1300004.0,2.0,-2.7243,14.286,-0.11426,0.4678,9.18,0.3868,0.0,0.0,128.0,724.0
1300044.0,2.0,-2.0279,16.072,-0.08813,0.8661,8.933,1.1529,0.0,0.0,128.0,751.0
1300085.0,2.0,-1.4327,18.058,-0.04736,1.129,4.013,2.2352,0.0,0.0,128.0,738.0
1300125.0,2.0,-1.2287,8.742,-0.00113,1.1911,-0.787,0.8101,0.0,0.0,128.0,752.0
1300166.0,2.0,-0.9373,8.069,0.04496,1.0628,-5.228,1.0441,0.0,0.0,128.0,746.0
1300206.0,2.0,-0.991,0.466,0.0816,0.7556,-9.788,0.5796,0.0,0.0,128.0,765.0
1300247.0,2.0,-0.9235,1.49,0.10556,0.4463,-7.078,0.5663,0.0,0.0,128.0,753.0
1300288.0,2.0,-0.7563,4.295,0.11659,0.0639,-10.543,0.8666,0.0,0.0,128.0,757.0
1300328.0,2.0,-0.9143,-2.569,0.11093,-0.3511,-8.77,0.6714,0.0,0.0,128.0,744.0
1300369.0,2.0,-0.7102,3.034,0.09086,-0.6474,-7.63,0.8,0.0,0.0,128.0,722.0
1300410.0,2.0,-0.6366,2.467,0.05978,-0.8782,-4.201,0.854,0.0,0.0,128.0,738.0
1300450.0,2.0,-0.7378,-1.333,0.0228,-0.972,-0.079,0.7382,0.0,0.0,128.0,737.0
1300491.0,2.0,-0.6397,1.777,-0.01601,-0.942,1.839,0.8327,0.0,0.0,128.0,759.0
1300532.0,2.0,-0.8314,-3.098,-0.05153,-0.7804,6.307,0.7561,0.0,0.0,128.0,723.0
1300572.0,2.0,-0.9004,-2.613,-0.07624,-0.4418,9.808,0.648,0.0,0.0,128.0,757.0
1300612.0,2.0,-1.0109,-1.618,-0.08606,-0.0445,10.087,0.5946,0.0,0.0,128.0,757.0
1300653.0,2.0,-1.5969,-12.428,-0.08032,0.3139,6.486,0.9121,0.0,0.0,128.0,726.0
1300693.0,2.0,-2.4513,-17.211,-0.06413,0.4947,3.441,1.1825,0.0,0.0,128.0,719.0
1300734.0,2.0,3.0664,-20.132,-0.04001,0.7376,7.628,1.5731,0.0,0.0,128.0,723.0
1300774.0,2.0,2.4559,-17.183,-0.00638,0.9443,2.828,1.1582,0.0,0.0,128.0,722.0
1300814.0,2.0,2.0954,-9.883,0.03169,0.959,-1.972,0.1685,0.0,0.0,128.0,765.0
1300855.0,2.0,1.6981,-8.728,0.0675,0.7748,-6.892,0.37,0.0,0.0,128.0,758.0
1300896.0,2.0,1.5708,-4.63,0.0921,0.432,-7.387,0.1659,0.0,0.0,128.0,762.0
1300937.0,2.0,1.5186,-1.624,0.10444,0.1693,-7.206,0.0804,0.0,0.0,128.0,737.0
1300977.0,2.0,1.6076,1.342,0.10508,-0.1537,-7.701,-0.0084,0.0,0.0,128.0,743.0
1301018.0,2.0,1.83,4.69,0.09405,-0.3661,-2.781,-0.1083,0.0,0.0,128.0,726.0
1301058.0,2.0,2.0693,5.787,0.07875,-0.379,2.019,-0.2765,0.0,0.0,128.0,752.0
1301098.0,2.0,2.6108,12.037,0.06645,-0.2347,2.849,0.0573,0.0,0.0,128.0,763.0
1301139.0,2.0,-3.117,12.81,0.05925,-0.1031,3.957,0.0372,0.0,0.0,128.0,740.0
1301179.0,2.0,-2.2688,18.982,0.05696,-0.0433,-0.843,1.6086,0.0,0.0,128.0,725.0
1301220.0,2.0,-1.5999,17.251,0.05321,-0.1811,-5.763,1.8272,0.0,0.0,128.0,744.0
1301261.0,2.0,-1.4711,6.332,0.04211,-0.3648,-5.074,0.3977,0.0,0.0,128.0,723.0
1301301.0,2.0,-1.2441,5.555,0.02363,-0.5594,-3.772,0.5934,0.0,0.0,128.0,730.0
1301342.0,2.0,-1.3116,-0.42,-0.00206,-0.6945,-1.135,0.2845,0.0,0.0,128.0,724.0
1301382.0,2.0,-1.33,-0.721,-0.02895,-0.6415,3.665,0.2164,0.0,0.0,128.0,754.0
1301423.0,2.0,-1.2318,2.206,-0.0525,-0.5528,0.792,0.3826,0.0,0.0,128.0,751.0
1301463.0,2.0,-1.3913,-1.644,-0.07241,-0.4256,5.52,0.2261,0.0,0.0,128.0,754.0
1301503.0,2.0,-2.0632,-13.412,-0.0843,-0.1843,4.401,0.6599,0.0,0.0,128.0,760.0
1301543.0,2.0,-2.5219,-10.656,-0.08865,-0.0568,1.052,-0.0579,0.0,0.0,128.0,765.0
1301583.0,2.0,3.1385,-16.946,-0.09079,-0.0405,2.037,0.8166,0.0,0.0,128.0,753.0
1301623.0,2.0,2.6875,-12.627,-0.09053,0.0661,2.625,0.1393,0.0,0.0,128.0,780.0
1301664.0,2.0,2.255,-9.246,-0.08659,0.1168,-0.364,-0.0903,0.0,0.0,128.0,765.0
1301705.0,2.0,2.0018,-6.866,-0.08287,0.0531,-2.271,-0.0988,0.0,0.0,128.0,774.0
1301746.0,2.0,1.8883,-3.65,-0.08295,-0.0618,-2.715,-0.2143,0.0,0.0,128.0,751.0
1301786.0,2.0,1.8684,-1.155,-0.08689,-0.1172,0.623,-0.2687,0.0,0.0,128.0,759.0
1301827.0,2.0,1.9466,1.348,-0.08978,0.0116,5.543,-0.3407,0.0,0.0,128.0,732.0
1301867.0,2.0,2.2273,5.567,-0.08385,0.3317,10.343,-0.3916,0.0,0.0,128.0,739.0
1301908.0,5.0,2.5878,8.441,-0.06135,0.7811,9.263,-0.3875,0.0,0.0,128.0,690.0
1301948.0,5.0,3.0557,10.446,-0.02468,1.0532,4.463,-0.3875,0.0,0.0,128.0,660.0
1301988.0,5.0,-2.235,21.446,0.01905,1.1334,-0.337,-0.3875,0.0,0.0,128.0,682.0
1302029.0,5.0,-1.8162,14.653,0.06338,1.0162,-5.257,-0.3875,0.0,0.0,128.0,669.0
1302069.0,5.0,-1.4864,8.428,0.09825,0.7076,-10.057,-0.3875,0.0,0.0,128.0,682.0
1302110.0,5.0,-1.2931,5.455,0.11824,0.2893,-8.257,-0.3875,0.0,0.0,128.0,671.0
1302150.0,5.0,-1.2425,1.964,0.12454,0.0547,-3.578,-0.3875,0.0,0.0,128.0,665.0
1302193.0,2.0,-1.1428,2.26,0.1251,-0.0071,-1.256,0.4503,0.0,0.0,128.0,731.0
1302233.0,2.0,-1.1934,-0.335,0.12263,-0.1557,-6.056,0.3875,0.0,0.0,128.0,733.0
1302273.0,2.0,-1.3683,-3.572,0.11228,-0.349,-3.154,0.2948,0.0,0.0,128.0,743.0
1302314.0,2.0,-1.5232,-4.0,0.09563,-0.4969,-5.245,0.1269,0.0,0.0,128.0,721.0
1302354.0,2.0,-1.7365,-6.446,0.07196,-0.7319,-7.849,-0.0077,0.0,0.0,128.0,752.0
1302395.0,2.0,-2.9376,-22.701,0.036,-1.0374,-5.313,2.2776,0.0,0.0,128.0,715.0
1302435.0,2.0,2.6001,-20.533,-0.00765,-1.1515,-0.513,1.8146,0.0,0.0,128.0,723.0
1302475.0,2.0,2.0586,-15.736,-0.05212,-1.0736,4.287,1.1537,0.0,0.0,128.0,761.0
1302516.0,5.0,1.6383,-11.4,-0.09075,-0.8658,6.927,0.5944,0.0,0.0,128.0,656.0
1302556.0,5.0,1.264,-9.886,-0.11835,-0.4928,10.647,0.5944,0.0,0.0,128.0,653.0
1302596.0,5.0,0.7823,-10.12,-0.13072,-0.1564,6.087,0.5944,0.0,0.0,128.0,655.0
1302636.0,5.0,0.6305,-6.082,-0.1335,-0.0079,1.289,0.5944,0.0,0.0,128.0,654.0
1302676.0,6.0,0.5277,-2.529,-0.13328,0.0303,1.5,0.5944,0.0,0.0,128.0,707.0
1302717.0,6.0,0.023,-10.374,-0.13084,0.0918,1.5,0.5944,0.0,0.0,128.0,722.0
1302757.0,2.0,0.0215,-3.163,-0.12544,0.2152,5.34,1.0614,0.0,0.0,128.0,714.0
1302797.0,3.0,-0.089,-2.122,-0.11194,0.4768,5.34,1.0245,0.0,0.0,128.0,689.0
1302838.0,3.0,-0.3559,-5.876,-0.0897,0.5924,0.42,1.1528,0.0,0.0,128.0,708.0
1302878.0,3.0,-0.7547,-8.978,-0.06724,0.5108,-4.38,1.2378,0.0,0.0,128.0,730.0
1302918.0,2.0,-1.1443,-10.021,-0.05006,0.3884,-0.78,1.0174,0.0,0.0,128.0,747.0
1302959.0,2.0,-1.3116,-7.279,-0.03368,0.4597,4.14,0.5185,0.0,0.0,128.0,737.0
1302999.0,2.0,-2.1614,-18.643,-0.01196,0.6351,3.808,1.6532,0.0,0.0,128.0,741.0
1303040.0,2.0,-3.0204,-21.736,0.01609,0.7503,3.333,1.9954,0.0,0.0,128.0,725.0
1303081.0,5.0,2.6415,-17.73,0.04849,0.8776,1.173,2.3629,0.0,0.0,128.0,652.0
1303121.0,5.0,2.1384,-11.142,0.08355,0.8223,-3.747,2.3629,0.0,0.0,128.0,689.0
1303161.0,5.0,1.6904,-11.262,0.11183,0.574,-8.547,2.3629,0.0,0.0,128.0,681.0
1303202.0,5.0,1.3652,-8.544,0.12735,0.2178,-7.228,2.3629,0.0,0.0,128.0,661.0
1303242.0,5.0,1.2226,-4.548,0.1317,0.0246,-2.43,2.3629,0.0,0.0,128.0,696.0
1303282.0,6.0,1.2364,-0.374,0.13178,-0.0194,-1.5,2.3629,0.0,0.0,128.0,696.0
1303329.0,2.0,1.2195,0.382,0.1293,-0.0953,-2.58,0.3881,0.0,0.0,128.0,784.0
1303369.0,2.0,1.5202,5.884,0.12233,-0.2969,-7.38,0.2768,0.0,0.0,128.0,737.0
1303409.0,2.0,1.8837,8.439,0.10466,-0.5899,-5.353,0.1902,0.0,0.0,128.0,747.0
1303450.0,2.0,2.3823,11.708,0.07793,-0.7061,-0.433,0.1466,0.0,0.0,128.0,732.0
1303490.0,2.0,2.9115,12.512,0.05108,-0.625,4.367,0.0343,0.0,0.0,128.0,759.0
1303531.0,2.0,-2.7044,14.968,0.0282,-0.5362,1.029,0.5308,0.0,0.0,128.0,759.0
1303571.0,2.0,-2.0831,12.817,0.00754,-0.5046,2.229,0.509,0.0,0.0,128.0,758.0
1303612.0,2.0,-1.4419,16.025,-0.01151,-0.4373,2.829,1.8987,0.0,0.0,128.0,736.0
1303652.0,2.0,-1.1582,8.444,-0.0267,-0.3451,1.878,0.881,0.0,0.0,128.0,739.0
1303693.0,2.0,-0.9495,6.26,-0.03889,-0.2435,2.697,0.8807,0.0,0.0,128.0,745.0
1303734.0,2.0,-0.8667,2.543,-0.04699,-0.155,1.85,0.7217,0.0,0.0,128.0,755.0
1303775.0,2.0,-1.0523,-3.012,-0.05104,-0.0106,5.876,0.5755,0.0,0.0,128.0,737.0
1303816.0,2.0,-1.1873,-3.362,-0.04586,0.2868,7.744,0.4083,0.0,0.0,128.0,753.0
1303857.0,2.0,-1.2379,-1.09,-0.02899,0.5405,5.45,0.3552,0.0,0.0,128.0,740.0
1303897.0,2.0,-1.8791,-12.905,-0.00379,0.7247,2.531,0.7763,0.0,0.0,128.0,733.0
1303938.0,2.0,-2.4743,-14.845,0.0261,0.7251,-2.389,0.607,0.0,0.0,128.0,744.0
1303979.0,2.0,2.9284,-20.281,0.05318,0.6245,-0.999,1.635,0.0,0.0,128.0,744.0
1304019.0,2.0,2.281,-15.659,0.07643,0.5444,-3.455,0.8981,0.0,0.0,128.0,750.0
1304060.0,2.0,1.8101,-12.975,0.09428,0.2994,-8.375,0.8656,0.0,0.0,128.0,751.0
1304101.0,2.0,1.3775,-10.753,0.09956,-0.0326,-7.472,0.9447,0.0,0.0,128.0,729.0
1304142.0,2.0,1.149,-6.75,0.09307,-0.2752,-4.644,0.7173,0.0,0.0,128.0,724.0
1304183.0,2.0,1.0416,-3.393,0.07875,-0.4226,-2.266,0.6003,0.0,0.0,128.0,737.0
1304224.0,2.0,0.8161,-5.63,0.06034,-0.4996,-2.954,0.8901,0.0,0.0,128.0,726.0
1304264.0,2.0,1.0615,3.626,0.03934,-0.5617,-2.311,0.5935,0.0,0.0,128.0,719.0
1304304.0,2.0,1.3269,6.164,0.01444,-0.7157,-3.772,0.4928,0.0,0.0,128.0,744.0
1304345.0,2.0,1.6383,7.278,-0.01684,-0.8125,-0.332,0.2823,0.0,0.0,128.0,741.0
1304385.0,2.0,2.1813,12.147,-0.04778,-0.7274,4.468,0.3563,0.0,0.0,128.0,759.0
1304426.0,2.0,2.8118,14.773,-0.07219,-0.4409,9.388,0.4542,0.0,0.0,128.0,744.0
1304467.0,2.0,-2.5188,22.485,-0.0834,-0.1399,4.948,2.3816,0.0,0.0,128.0,751.0
1304508.0,2.0,-1.4389,26.948,-0.0864,-0.0337,1.708,4.7676,0.0,0.0,128.0,749.0
1304549.0,2.0,-0.9695,16.706,-0.08505,0.1397,6.628,2.387,0.0,0.0,128.0,743.0
1304590.0,2.0,-0.586,10.367,-0.07275,0.5041,9.405,1.5362,0.0,0.0,128.0,719.0
1304630.0,2.0,-0.385,5.893,-0.04695,0.7819,4.605,1.1534,0.0,0.0,128.0,731.0
1304670.0,2.0,-0.2378,3.99,-0.01388,0.8678,-0.072,1.0692,0.0,0.0,128.0,742.0
1304711.0,3.0,-0.3283,0.431,0.02006,0.7785,-4.512,0.9488,0.0,0.0,128.0,732.0
1304751.0,3.0,0.069,7.848,0.04856,0.6942,0.233,1.3869,0.0,0.0,128.0,715.0
1304792.0,5.0,0.2746,5.907,0.07699,0.7412,-0.247,1.3815,0.0,0.0,128.0,693.0
1304832.0,5.0,0.3237,2.652,0.10541,0.6278,-5.167,1.3815,0.0,0.0,128.0,655.0
1304872.0,5.0,0.8989,11.266,0.12499,0.3263,-8.767,1.3815,0.0,0.0,128.0,661.0
1304912.0,5.0,1.4082,12.221,0.13238,0.0711,-4.089,1.3815,0.0,0.0,128.0,660.0
1304953.0,6.0,2.0678,15.391,0.13324,-0.0014,-0.555,1.3815,0.0,0.0,128.0,729.0
1304993.0,6.0,2.8348,18.442,0.13215,-0.0582,-1.5,1.3815,0.0,0.0,128.0,725.0
1305035.0,2.0,-2.64,20.901,0.12855,-0.1306,-3.06,1.9081,0.0,0.0,128.0,766.0
1305075.0,2.0,-1.7089,21.821,0.11947,-0.3594,-7.98,2.9363,0.0,0.0,128.0,737.0
1305116.0,2.0,-1.1382,16.036,0.09904,-0.63,-4.26,2.0718,0.0,0.0,128.0,745.0
1305157.0,2.0,-0.925,7.143,0.07091,-0.7788,-4.944,0.9098,0.0,0.0,128.0,694.0
1305197.0,2.0,-0.859,3.219,0.03731,-0.9195,-3.194,0.7448,0.0,0.0,128.0,745.0
1305237.0,2.0,-0.9388,-1.641,-0.00064,-0.9841,0.479,0.5934,0.0,0.0,128.0,746.0
1305278.0,2.0,-0.6458,5.714,-0.03908,-0.9057,3.509,1.0032,0.0,0.0,128.0,757.0
1305319.0,2.0,-0.678,0.862,-0.07181,-0.6965,5.744,0.8001,0.0,0.0,128.0,758.0
1305360.0,2.0,-0.8161,-2.501,-0.09398,-0.359,10.346,0.7384,0.0,0.0,128.0,743.0
1305401.0,2.0,-1.0109,-3.734,-0.10001,0.0749,10.719,0.644,0.0,0.0,128.0,708.0
1305441.0,2.0,-1.5647,-11.878,-0.08963,0.4355,6.819,0.8941,0.0,0.0,128.0,726.0
1305482.0,2.0,-2.3117,-16.899,-0.0678,0.6361,5.134,1.1535,0.0,0.0,128.0,745.0
1305522.0,5.0,-3.1324,-20.98,-0.03773,0.9156,7.046,1.909,0.0,0.0,128.0,683.0
1305563.0,5.0,2.7136,-12.695,0.00353,1.1011,2.126,1.909,0.0,0.0,128.0,674.0
1305603.0,5.0,2.1108,-13.283,0.04736,1.0878,-2.674,1.909,0.0,0.0,128.0,682.0
1305643.0,5.0,1.8945,-7.41,0.08692,0.8824,-7.474,1.909,0.0,0.0,128.0,695.0
1305684.0,5.0,1.6306,-6.974,0.11471,0.4901,-10.834,1.909,0.0,0.0,128.0,669.0
1305724.0,5.0,1.5846,-2.177,0.12716,0.1492,-5.914,1.909,0.0,0.0,128.0,670.0
1305764.0,5.0,1.626,0.399,0.12975,0.0077,-1.364,1.909,0.0,0.0,128.0,686.0
1305804.0,2.0,1.7994,3.448,0.12937,-0.0478,-2.461,-0.133,0.0,0.0,128.0,756.0
1305845.0,2.0,2.0954,6.584,0.12649,-0.0837,-0.185,-0.2209,0.0,0.0,128.0,724.0
1305885.0,2.0,2.3194,5.716,0.12326,-0.0657,1.91,-0.5005,0.0,0.0,128.0,767.0
1305925.0,2.0,2.9928,13.41,0.1221,-0.0119,-0.534,0.1567,0.0,0.0,128.0,731.0
1305966.0,2.0,-2.6369,14.097,0.11992,-0.116,-3.004,0.35,0.0,0.0,128.0,750.0
1306007.0,2.0,-2.3102,9.385,0.11216,-0.2582,-1.684,-0.1584,0.0,0.0,128.0,740.0
1306048.0,2.0,-1.626,15.069,0.09979,-0.3927,-5.644,1.3432,0.0,0.0,128.0,743.0
1306089.0,2.0,-1.7702,0.873,0.0795,-0.606,-3.668,-0.1575,0.0,0.0,128.0,762.0
1306130.0,2.0,-1.807,-0.912,0.05164,-0.8049,-6.324,-0.22,0.0,0.0,128.0,759.0
1306171.0,5.0,-1.9098,-2.405,0.0138,-1.0567,-4.107,-0.2444,0.0,0.0,128.0,694.0
1306211.0,5.0,-2.1338,-3.821,-0.02981,-1.1226,0.693,-0.2444,0.0,0.0,128.0,689.0
1306252.0,5.0,-2.4022,-7.003,-0.07327,-0.9909,5.613,-0.2444,0.0,0.0,128.0,694.0
1306292.0,5.0,-2.8256,-9.704,-0.1068,-0.668,10.412,-0.2444,0.0,0.0,128.0,669.0
1306332.0,5.0,2.9468,-13.033,-0.12499,-0.2662,7.965,-0.2444,0.0,0.0,128.0,674.0
1306373.0,5.0,3.0894,-0.683,-0.13061,-0.0453,3.289,-0.2444,0.0,0.0,128.0,659.0
1306413.0,6.0,3.045,-0.194,-0.13103,0.0098,1.493,-0.2444,0.0,0.0,128.0,708.0
1306453.0,2.0,3.0971,0.893,-0.12949,0.0752,2.58,-0.9936,0.0,0.0,128.0,790.0
1306493.0,2.0,3.0511,-0.246,-0.1233,0.2761,6.9,-0.9976,0.0,0.0,128.0,751.0
1306533.0,2.0,-3.025,3.97,-0.10815,0.5005,6.719,-0.8962,0.0,0.0,128.0,744.0
1306574.0,2.0,-2.6032,8.773,-0.08126,0.8622,8.999,-0.3752,0.0,0.0,128.0,737.0
1306615.0,2.0,-2.2948,7.024,-0.04054,1.1278,4.079,-0.3451,0.0,0.0,128.0,745.0
1306656.0,2.0,-2.0908,4.322,0.00686,1.1999,0.12,-0.3172,0.0,0.0,128.0,745.0
1306697.0,5.0,-1.7825,6.651,0.05441,1.12,-4.32,-0.4178,0.0,0.0,128.0,670.0
1306737.0,5.0,-1.7273,1.912,0.09409,0.8488,-9.12,-0.4178,0.0,0.0,128.0,677.0
1306778.0,5.0,-1.9497,-2.88,0.11947,0.4193,-10.02,-0.4178,0.0,0.0,128.0,673.0
1306818.0,5.0,-2.1215,-4.183,0.12956,0.1169,-5.22,-0.4178,0.0,0.0,128.0,673.0
1306858.0,5.0,-2.8931,-14.293,0.13136,0.0016,-0.548,-0.4178,0.0,0.0,128.0,671.0
1306898.0,6.0,3.0403,-11.98,0.1308,-0.0408,-1.5,-0.4178,0.0,0.0,128.0,702.0
1306938.0,2.0,2.4605,-14.313,0.1278,-0.1368,-4.38,0.5788,0.0,0.0,128.0,742.0
1306979.0,2.0,2.1123,-8.252,0.11741,-0.4197,-9.3,-0.0871,0.0,0.0,128.0,733.0
1307019.0,2.0,1.7181,-10.006,0.09285,-0.8385,-9.3,0.5208,0.0,0.0,128.0,741.0
1307060.0,2.0,1.5478,-5.341,0.05306,-1.1165,-4.38,0.2217,0.0,0.0,128.0,730.0
1307100.0,2.0,1.4557,-2.896,0.00713,-1.1933,0.42,0.1857,0.0,0.0,128.0,766.0
1307141.0,2.0,1.4343,-0.582,-0.03934,-1.0727,5.34,0.1145,0.0,0.0,128.0,755.0
1307182.0,2.0,1.6598,3.614,-0.07766,-0.8118,7.55,0.0344,0.0,0.0,128.0,772.0
1307223.0,2.0,1.9083,6.029,-0.10301,-0.3989,12.47,-0.1,0.0,0.0,128.0,751.0
1307264.0,2.0,2.3792,10.641,-0.10778,0.2067,15.437,0.0054,0.0,0.0,128.0,751.0
1307305.0,2.0,3.0051,13.383,-0.08839,0.7363,10.517,0.1539,0.0,0.0,128.0,733.0
1307346.0,2.0,-2.2181,23.075,-0.05164,1.0642,5.597,2.7374,0.0,0.0,128.0,730.0
1307386.0,2.0,-1.2885,23.594,-0.00668,1.1933,1.037,3.8335,0.0,0.0,128.0,737.0
1307427.0,5.0,-0.7424,15.109,0.04136,1.1609,-3.0,3.2101,0.0,0.0,128.0,690.0
1307467.0,5.0,-0.359,11.339,0.08351,0.9425,-7.8,3.2101,0.0,0.0,128.0,676.0
1307507.0,5.0,0.1258,11.747,0.11348,0.5361,-11.339,3.2101,0.0,0.0,128.0,646.0
1307547.0,5.0,0.9204,18.052,0.1272,0.1809,-6.539,3.2101,0.0,0.0,128.0,659.0
1307587.0,5.0,1.695,19.018,0.13054,0.0155,-1.863,3.2101,0.0,0.0,128.0,666.0
1307627.0,6.0,2.6415,22.075,0.13046,-0.0228,-1.5,3.2101,0.0,0.0,128.0,716.0
1307668.0,2.0,-2.3715,29.901,0.12799,-0.1297,-4.74,4.9424,0.0,0.0,128.0,730.0
1307708.0,2.0,-1.3652,26.095,0.11824,-0.3766,-5.22,4.6206,0.0,0.0,128.0,719.0
1307748.0,2.0,-0.7409,16.929,0.10069,-0.487,-0.42,2.5914,0.0,0.0,128.0,725.0
1307789.0,2.0,-0.2899,11.612,0.08175,-0.4397,0.876,1.8169,0.0,0.0,128.0,743.0
1307829.0,2.0,0.1795,11.571,0.06532,-0.3834,2.176,1.8289,0.0,0.0,128.0,733.0
1307870.0,2.0,0.8069,14.554,0.05235,-0.2377,4.505,2.0261,0.0,0.0,128.0,737.0
1307911.0,2.0,1.3162,13.113,0.04511,-0.1505,-0.27,1.329,0.0,0.0,128.0,735.0
1307951.0,2.0,1.9267,14.605,0.03791,-0.2362,-2.632,1.0082,0.0,0.0,128.0,737.0
1307991.0,2.0,2.6783,17.479,0.02681,-0.3136,-1.636,1.0504,0.0,0.0,128.0,739.0
1308032.0,2.0,-2.617,23.924,0.01148,-0.4841,-6.556,2.7685,0.0,0.0,128.0,730.0
1308072.0,5.0,-1.646,25.863,-0.01286,-0.7537,-5.904,3.0634,0.0,0.0,128.0,674.0
1308113.0,5.0,-1.4404,10.264,-0.04586,-0.8914,-1.104,3.0634,0.0,0.0,128.0,680.0
1308153.0,5.0,-1.0063,10.086,-0.08153,-0.8334,3.816,3.0634,0.0,0.0,128.0,697.0
1308193.0,5.0,-0.8376,5.263,-0.11021,-0.5823,8.616,3.0634,0.0,0.0,128.0,667.0
1308233.0,5.0,-0.8452,0.325,-0.126,-0.2224,7.299,3.0634,0.0,0.0,128.0,655.0
1308273.0,5.0,-0.9618,-2.198,-0.13046,-0.0286,2.619,3.0634,0.0,0.0,128.0,666.0
1308313.0,6.0,-1.1781,-4.836,-0.13061,0.0155,1.5,3.0634,0.0,0.0,128.0,703.0
1308354.0,2.0,-1.4036,-4.512,-0.12863,0.1047,4.02,0.3655,0.0,0.0,128.0,730.0
1308394.0,2.0,-1.7058,-7.883,-0.1203,0.3351,5.22,0.2188,0.0,0.0,128.0,742.0
1308434.0,2.0,-2.5525,-17.162,-0.10384,0.5175,6.18,1.0217,0.0,0.0,128.0,731.0
1308475.0,2.0,2.9943,-15.306,-0.07703,0.8187,6.06,0.4839,0.0,0.0,128.0,721.0
1308515.0,2.0,2.5433,-12.777,-0.0414,0.9627,1.26,0.206,0.0,0.0,128.0,753.0
1308556.0,2.0,2.2197,-9.483,-0.00293,0.9111,-3.66,-0.0206,0.0,0.0,128.0,771.0
1308597.0,2.0,2.0279,-5.975,0.02951,0.6577,-8.58,-0.2064,0.0,0.0,128.0,760.0
1308638.0,2.0,1.8623,-3.894,0.04785,0.2026,-13.5,-0.1981,0.0,0.0,128.0,750.0
1308679.0,2.0,1.7702,-3.066,0.04594,-0.2876,-9.973,-0.1071,0.0,0.0,128.0,731.0
1308719.0,2.0,1.8638,1.275,0.02827,-0.5882,-5.173,-0.2692,0.0,0.0,128.0,747.0
1308759.0,2.0,1.9926,2.907,0.0024,-0.6967,-0.373,-0.3499,0.0,0.0,128.0,737.0
1308799.0,2.0,2.2365,5.301,-0.02404,-0.6132,4.427,-0.4299,0.0,0.0,128.0,750.0
1308842.0,0.0,2.5127,6.448,-0.04395,0.0,0.0,-0.5514,0.0,0.0,128.0,587.0
1308882.0,0.0,-3.0756,14.798,-0.04395,0.0,0.0,-0.5514,0.0,0.0,128.0,558.0
1308922.0,0.0,-2.5081,14.775,-0.04395,0.0,0.0,-0.5514,0.0,0.0,128.0,571.0
1308962.0,0.0,-1.6582,17.194,-0.04395,0.0,0.0,-0.5514,0.0,0.0,128.0,550.0
1309003.0,0.0,-1.2287,12.168,-0.04395,0.0,0.0,-0.5514,0.0,0.0,128.0,549.0
1309043.0,0.0,-1.1873,3.164,-0.04395,0.0,0.0,-0.5514,0.0,0.0,128.0,550.0
1309083.0,0.0,-1.0968,2.628,-0.04395,0.0,0.0,-0.5514,0.0,0.0,128.0,549.0
1309124.0,0.0,-1.2441,-2.366,-0.04395,0.0,0.0,-0.5514,0.0,0.0,128.0,550.0
1309164.0,0.0,-1.4005,-3.626,-0.04395,0.0,0.0,-0.5514,0.0,0.0,128.0,550.0
1309204.0,0.0,-1.3852,-0.477,-0.04395,0.0,0.0,-0.5514,0.0,0.0,128.0,551.0
1309244.0,0.0,-1.7487,-4.192,-0.04395,0.0,0.0,-0.5514,0.0,0.0,128.0,563.0
1309285.0,0.0,-2.5341,-18.992,-0.04395,0.0,0.0,-0.5514,0.0,0.0,128.0,564.0
1309325.0,0.0,-3.0403,-15.83,-0.04395,0.0,0.0,-0.5514,0.0,0.0,128.0,556.0
1309365.0,0.0,2.5127,-16.708,-0.04395,0.0,0.0,-0.5514,0.0,0.0,128.0,550.0
1309406.0,0.0,2.2365,-10.558,-0.04395,0.0,0.0,-0.5514,0.0,0.0,128.0,556.0
1309446.0,0.0,1.8377,-9.843,-0.04395,0.0,0.0,-0.5514,0.0,0.0,128.0,557.0
1309486.0,0.0,1.6291,-5.835,-0.04395,0.0,0.0,-0.5514,0.0,0.0,128.0,565.0
1309526.0,0.0,1.5202,-3.455,-0.04395,0.0,0.0,-0.5514,0.0,0.0,128.0,551.0
1309567.0,0.0,1.5232,-0.572,-0.04395,0.0,0.0,-0.5514,0.0,0.0,128.0,558.0
1309607.0,0.0,1.6858,3.287,-0.04395,0.0,0.0,-0.5514,0.0,0.0,128.0,564.0
1309647.0,0.0,1.9543,6.082,-0.04395,0.0,0.0,-0.5514,0.0,0.0,128.0,549.0
1309687.0,0.0,2.2488,7.429,-0.04395,0.0,0.0,-0.5514,0.0,0.0,128.0,577.0
1309727.0,0.0,2.8639,13.688,-0.04395,0.0,0.0,-0.5514,0.0,0.0,128.0,550.0
1309768.0,0.0,-2.8777,12.66,-0.04395,0.0,0.0,-0.5514,0.0,0.0,128.0,551.0
1309808.0,0.0,-2.3869,12.919,-0.04395,0.0,0.0,-0.5514,0.0,0.0,128.0,557.0
1309848.0,0.0,-1.8899,13.271,-0.04395,0.0,0.0,-0.5514,0.0,0.0,128.0,556.0
1309888.0,0.0,-1.5048,9.907,-0.04395,0.0,0.0,-0.5514,0.0,0.0,128.0,557.0
1309929.0,0.0,-1.2931,6.783,-0.04395,0.0,0.0,-0.5514,0.0,0.0,128.0,551.0
1309969.0,0.0,-1.3775,0.241,-0.04395,0.0,0.0,-0.5514,0.0,0.0,128.0,557.0
1310009.0,0.0,-1.4557,-1.637,-0.04395,0.0,0.0,-0.5514,0.0,0.0,128.0,543.0
1310049.0,0.0,-1.58,-2.647,-0.04395,0.0,0.0,-0.5514,0.0,0.0,128.0,549.0
1310089.0,0.0,-1.9343,-9.625,-0.04395,0.0,0.0,-0.5514,0.0,0.0,128.0,557.0
1310130.0,0.0,-2.5648,-13.223,-0.04395,0.0,0.0,-0.5514,0.0,0.0,128.0,556.0
1310170.0,0.0,3.1217,-14.877,-0.04395,0.0,0.0,-0.5514,0.0,0.0,128.0,571.0
1310210.0,0.0,2.5587,-14.285,-0.04395,0.0,0.0,-0.5514,0.0,0.0,128.0,557.0
1310251.0,0.0,2.2105,-10.223,-0.04395,0.0,0.0,-0.5514,0.0,0.0,128.0,549.0
1310291.0,0.0,1.9558,-6.659,-0.04395,0.0,0.0,-0.5514,0.0,0.0,128.0,555.0
1310331.0,0.0,1.8055,-4.407,-0.04395,0.0,0.0,-0.5514,0.0,0.0,128.0,557.0
1310371.0,0.0,1.7503,-2.005,-0.04395,0.0,0.0,-0.5514,0.0,0.0,128.0,551.0
1310412.0,0.0,1.8331,1.171,-0.04395,0.0,0.0,-0.5514,0.0,0.0,128.0,556.0
1310452.0,0.0,2.0463,4.442,-0.04395,0.0,0.0,-0.5514,0.0,0.0,128.0,552.0
1310492.0,0.0,2.3317,6.788,-0.04395,0.0,0.0,-0.5514,0.0,0.0,128.0,557.0
1310532.0,0.0,2.6062,7.144,-0.04395,0.0,0.0,-0.5514,0.0,0.0,128.0,564.0
1310573.0,0.0,-3.045,14.011,-0.04395,0.0,0.0,-0.5514,0.0,0.0,128.0,564.0
1310613.0,0.0,-2.4789,14.655,-0.04395,0.0,0.0,-0.5514,0.0,0.0,128.0,550.0
1310653.0,0.0,-2.077,10.156,-0.04395,0.0,0.0,-0.5514,0.0,0.0,128.0,556.0
1310694.0,0.0,-1.7656,8.971,-0.04395,0.0,0.0,-0.5514,0.0,0.0,128.0,555.0
1310734.0,0.0,-1.6214,4.348,-0.04395,0.0,0.0,-0.5514,0.0,0.0,128.0,570.0
1310774.0,0.0,-1.5769,1.523,-0.04395,0.0,0.0,-0.5514,0.0,0.0,128.0,544.0
1310814.0,0.0,-1.6414,-1.043,-0.04395,0.0,0.0,-0.5514,0.0,0.0,128.0,555.0
1310855.0,0.0,-1.8899,-5.813,-0.04395,0.0,0.0,-0.5514,0.0,0.0,128.0,550.0
1310895.0,0.0,-2.2519,-7.95,-0.04395,0.0,0.0,-0.5514,0.0,0.0,128.0,557.0
1310935.0,0.0,-2.8057,-13.268,-0.04395,0.0,0.0,-0.5514,0.0,0.0,128.0,557.0
1310976.0,0.0,3.0542,-11.683,-0.04395,0.0,0.0,-0.5514,0.0,0.0,128.0,557.0
1311016.0,0.0,2.5234,-13.278,-0.04395,0.0,0.0,-0.5514,0.0,0.0,128.0,550.0
1311056.0,0.0,2.2411,-9.217,-0.04395,0.0,0.0,-0.5514,0.0,0.0,128.0,556.0
1311096.0,0.0,2.0647,-5.04,-0.04395,0.0,0.0,-0.5514,0.0,0.0,128.0,556.0
1311137.0,0.0,1.9543,-2.959,-0.04395,0.0,0.0,-0.5514,0.0,0.0,128.0,555.0
1311177.0,0.0,1.9604,-0.635,-0.04395,0.0,0.0,-0.5514,0.0,0.0,128.0,555.0
1311217.0,0.0,2.0724,2.083,-0.04395,0.0,0.0,-0.5514,0.0,0.0,128.0,557.0
1311257.0,0.0,2.2979,4.897,-0.04395,0.0,0.0,-0.5514,0.0,0.0,128.0,564.0
1311298.0,0.0,2.5019,5.882,-0.04395,0.0,0.0,-0.5514,0.0,0.0,128.0,565.0
1311338.0,0.0,2.9974,10.089,-0.04395,0.0,0.0,-0.5514,0.0,0.0,128.0,558.0
1311378.0,0.0,-2.7872,12.792,-0.04395,0.0,0.0,-0.5514,0.0,0.0,128.0,550.0
1311418.0,0.0,-2.4145,10.458,-0.04395,0.0,0.0,-0.5514,0.0,0.0,128.0,556.0
1311459.0,0.0,-1.8423,13.906,-0.04395,0.0,0.0,-0.5514,0.0,0.0,128.0,550.0
1311499.0,0.0,-1.7687,5.571,-0.04395,0.0,0.0,-0.5514,0.0,0.0,128.0,555.0
1311539.0,0.0,-1.7533,1.121,-0.04395,0.0,0.0,-0.5514,0.0,0.0,128.0,556.0
1311579.0,0.0,-1.7472,0.427,-0.04395,0.0,0.0,-0.5514,0.0,0.0,128.0,555.0
1311619.0,0.0,-2.0157,-5.544,-0.04395,0.0,0.0,-0.5514,0.0,0.0,128.0,550.0
1311659.0,0.0,-2.2335,-5.205,-0.04395,0.0,0.0,-0.5514,0.0,0.0,128.0,558.0
1311700.0,0.0,-2.7857,-12.326,-0.04395,0.0,0.0,-0.5514,0.0,0.0,128.0,551.0
1311740.0,0.0,3.1109,-9.922,-0.04395,0.0,0.0,-0.5514,0.0,0.0,128.0,555.0
1311780.0,0.0,2.6891,-10.619,-0.04395,0.0,0.0,-0.5514,0.0,0.0,128.0,556.0
1311820.0,0.0,2.4314,-6.42,-0.04395,0.0,0.0,-0.5514,0.0,0.0,128.0,558.0
1311860.0,0.0,2.1154,-7.439,-0.04395,0.0,0.0,-0.5514,0.0,0.0,128.0,571.0
1311900.0,0.0,2.1092,-2.222,-0.04395,0.0,0.0,-0.5514,0.0,0.0,128.0,556.0
1311941.0,0.0,2.1031,-0.596,-0.04395,0.0,0.0,-0.5514,0.0,0.0,128.0,549.0
1311981.0,0.0,2.2013,1.809,-0.04395,0.0,0.0,-0.5514,0.0,0.0,128.0,549.0
1312021.0,0.0,2.4068,4.46,-0.04395,0.0,0.0,-0.5514,0.0,0.0,128.0,556.0
1312061.0,0.0,2.5571,4.377,-0.04395,0.0,0.0,-0.5514,0.0,0.0,128.0,557.0
1312101.0,0.0,3.1063,10.712,-0.04395,0.0,0.0,-0.5514,0.0,0.0,128.0,556.0
1312141.0,0.0,-2.8793,8.44,-0.04395,0.0,0.0,-0.5514,0.0,0.0,128.0,550.0
1312182.0,0.0,-2.5433,7.513,-0.04395,0.0,0.0,-0.5514,0.0,0.0,128.0,556.0
1312222.0,0.0,-1.8883,13.714,-0.04395,0.0,0.0,-0.5514,0.0,0.0,128.0,557.0
1312262.0,0.0,-2.0049,2.377,-0.04395,0.0,0.0,-0.5514,0.0,0.0,128.0,556.0
1312302.0,0.0,-1.9129,1.206,-0.04395,0.0,0.0,-0.5514,0.0,0.0,128.0,563.0
1312343.0,0.0,-1.9942,-1.454,-0.04395,0.0,0.0,-0.5514,0.0,0.0,128.0,564.0
1312383.0,0.0,-2.1476,-3.27,-0.04395,0.0,0.0,-0.5514,0.0,0.0,128.0,550.0
1312423.0,0.0,-2.5633,-8.84,-0.04395,0.0,0.0,-0.5514,0.0,0.0,128.0,556.0
1312464.0,0.0,-2.9176,-9.231,-0.04395,0.0,0.0,-0.5514,0.0,0.0,128.0,556.0
1312504.0,0.0,3.0143,-9.231,-0.04395,0.0,0.0,-0.5514,0.0,0.0,128.0,551.0
1312544.0,0.0,2.6093,-9.674,-0.04395,0.0,0.0,-0.5514,0.0,0.0,128.0,571.0
1312584.0,0.0,2.4682,-4.419,-0.04395,0.0,0.0,-0.5514,0.0,0.0,128.0,556.0
1312625.0,0.0,2.2028,-5.994,-0.04395,0.0,0.0,-0.5514,0.0,0.0,128.0,557.0
1312665.0,0.0,2.1583,-2.7,-0.04395,0.0,0.0,-0.5514,0.0,0.0,128.0,556.0
1312705.0,0.0,2.2534,1.298,-0.04395,0.0,0.0,-0.5514,0.0,0.0,128.0,571.0
1312745.0,0.0,2.3899,2.954,-0.04395,0.0,0.0,-0.5514,0.0,0.0,128.0,557.0
1312786.0,0.0,2.617,5.124,-0.04395,0.0,0.0,-0.5514,0.0,0.0,128.0,549.0
1312826.0,0.0,2.7382,3.535,-0.04395,0.0,0.0,-0.5514,0.0,0.0,128.0,551.0
1312866.0,0.0,-2.9836,11.273,-0.04395,0.0,0.0,-0.5514,0.0,0.0,128.0,557.0
1312906.0,0.0,-2.6185,9.031,-0.04395,0.0,0.0,-0.5514,0.0,0.0,128.0,557.0
1312946.0,0.0,-2.5725,2.691,-0.04395,0.0,0.0,-0.5514,0.0,0.0,128.0,564.0
1312987.0,0.0,-2.1629,7.816,-0.04395,0.0,0.0,-0.5514,0.0,0.0,128.0,564.0
1313027.0,0.0,-1.9083,6.503,-0.04395,0.0,0.0,-0.5514,0.0,0.0,128.0,549.0
1313067.0,0.0,-2.0617,-1.723,-0.04395,0.0,0.0,-0.5514,0.0,0.0,128.0,549.0
1313107.0,0.0,-2.2642,-4.038,-0.04395,0.0,0.0,-0.5514,0.0,0.0,128.0,557.0
1313148.0,0.0,-2.482,-5.116,-0.04395,0.0,0.0,-0.5514,0.0,0.0,128.0,556.0
1313188.0,0.0,-2.8133,-7.722,-0.04395,0.0,0.0,-0.5514,0.0,0.0,128.0,557.0
1313228.0,0.0,-3.1217,-7.662,-0.04395,0.0,0.0,-0.5514,0.0,0.0,128.0,558.0
1313269.0,0.0,2.8317,-8.549,-0.04395,0.0,0.0,-0.5514,0.0,0.0,128.0,564.0
1313309.0,0.0,2.62,-5.622,-0.04395,0.0,0.0,-0.5514,0.0,0.0,128.0,550.0
1313349.0,0.0,2.416,-4.523,-0.04395,0.0,0.0,-0.5514,0.0,0.0,128.0,556.0
1313389.0,0.0,2.347,-1.573,-0.04395,0.0,0.0,-0.5514,0.0,0.0,128.0,556.0
1313430.0,0.0,2.3516,-0.371,-0.04395,0.0,0.0,-0.5514,0.0,0.0,128.0,556.0
1313470.0,0.0,2.4329,1.558,-0.04395,0.0,0.0,-0.5514,0.0,0.0,128.0,557.0
1313510.0,0.0,2.5786,3.29,-0.04395,0.0,0.0,-0.5514,0.0,0.0,128.0,564.0
1313551.0,0.0,2.7658,4.181,-0.04395,0.0,0.0,-0.5514,0.0,0.0,128.0,565.0
1313591.0,2.0,2.9836,4.413,-0.04388,0.0163,1.92,-0.8691,0.0,0.0,128.0,724.0
1313632.0,2.0,-2.6523,13.933,-0.04031,0.1984,6.84,0.352,0.0,0.0,128.0,745.0
1313672.0,2.0,-2.235,10.809,-0.02617,0.5441,8.768,0.1056,0.0,0.0,128.0,761.0
1313713.0,2.0,-1.9251,7.841,0.0015,0.8114,5.037,0.0487,0.0,0.0,128.0,724.0
1313754.0,2.0,-1.6183,6.649,0.0369,0.9147,0.117,0.3599,0.0,0.0,128.0,730.0
1313794.0,2.0,-1.3208,6.337,0.07166,0.8209,-4.683,0.4989,0.0,0.0,128.0,748.0
1313834.0,2.0,-1.5263,-1.797,0.09919,0.5397,-8.611,0.0844,0.0,0.0,128.0,753.0
1313874.0,2.0,-1.6045,-2.111,0.11325,0.1499,-9.938,-0.0358,0.0,0.0,128.0,752.0
1313915.0,2.0,-1.7441,-2.855,0.11149,-0.2522,-10.473,-0.1118,0.0,0.0,128.0,732.0
1313955.0,2.0,-2.0923,-8.973,0.09352,-0.6872,-11.088,-0.0306,0.0,0.0,128.0,730.0
1313996.0,2.0,-3.0005,-18.868,0.05824,-1.039,-6.196,1.2661,0.0,0.0,128.0,752.0
1314036.0,2.0,2.5219,-19.773,0.01388,-1.1885,-1.396,1.6714,0.0,0.0,128.0,747.0
1314076.0,2.0,2.0187,-15.229,-0.0327,-1.1459,3.404,1.0875,0.0,0.0,128.0,759.0
1314117.0,2.0,1.537,-11.878,-0.07485,-0.9052,7.949,0.9442,0.0,0.0,128.0,754.0
1314158.0,2.0,1.2272,-8.369,-0.1044,-0.5295,10.831,0.808,0.0,0.0,128.0,759.0
1314199.0,2.0,0.6611,-13.585,-0.11681,-0.0916,8.793,1.9502,0.0,0.0,128.0,756.0
1314240.0,2.0,0.5798,-4.668,-0.11445,0.2184,8.787,0.9836,0.0,0.0,128.0,725.0
1314280.0,2.0,0.2178,-7.606,-0.10005,0.4908,4.501,1.3389,0.0,0.0,128.0,735.0
1314320.0,2.0,-0.27,-11.383,-0.07852,0.5724,-0.299,1.78,0.0,0.0,128.0,737.0
1314360.0,2.0,-0.7854,-13.298,-0.05726,0.4819,-2.952,1.7832,0.0,0.0,128.0,752.0
1314401.0,2.0,-0.9189,-5.896,-0.03881,0.4642,1.968,0.7905,0.0,0.0,128.0,709.0
1314441.0,2.0,-1.2517,-7.607,-0.01823,0.5871,2.351,0.713,0.0,0.0,128.0,731.0
1314481.0,2.0,-2.1046,-20.657,0.00585,0.6272,1.463,2.1659,0.0,0.0,128.0,746.0
1314522.0,2.0,-3.0971,-25.476,0.0324,0.6951,3.016,3.1025,0.0,0.0,128.0,738.0
1314562.0,5.0,2.5173,-19.833,0.06229,0.8026,0.616,2.468,0.0,0.0,128.0,696.0
1314603.0,5.0,1.9159,-15.113,0.09394,0.7245,-4.304,2.468,0.0,0.0,128.0,680.0
1314643.0,5.0,1.4496,-11.964,0.11798,0.4539,-9.104,2.468,0.0,0.0,128.0,695.0
1314683.0,5.0,1.1505,-8.369,0.12923,0.1364,-5.679,2.468,0.0,0.0,128.0,672.0
1314724.0,5.0,1.017,-4.624,0.13148,0.0053,-1.004,2.468,0.0,0.0,128.0,668.0
1314764.0,6.0,0.6228,-9.444,0.13106,-0.0386,-1.5,2.468,0.0,0.0,128.0,703.0
1314804.0,2.0,0.7578,0.026,0.12825,-0.1238,-3.9,0.77,0.0,0.0,128.0,751.0
1314844.0,2.0,0.9817,4.85,0.11914,-0.3782,-8.7,0.7107,0.0,0.0,128.0,727.0
1314885.0,2.0,1.3238,7.813,0.09611,-0.7665,-8.363,0.636,0.0,0.0,128.0,721.0
1314925.0,2.0,1.7702,10.352,0.06068,-1.0149,-3.915,0.5163,0.0,0.0,128.0,730.0
1314965.0,2.0,2.2442,11.706,0.01901,-1.0731,0.885,0.2322,0.0,0.0,128.0,736.0
1315005.0,2.0,2.9943,17.49,-0.02138,-0.9484,4.081,0.9409,0.0,0.0,128.0,757.0
1315045.0,2.0,-2.2688,22.121,-0.05558,-0.811,1.28,2.3999,0.0,0.0,128.0,760.0
1315086.0,5.0,-1.5555,19.738,-0.08704,-0.7674,2.96,3.3399,0.0,0.0,128.0,676.0
1315126.0,5.0,-0.991,13.584,-0.11434,-0.5428,7.88,3.3399,0.0,0.0,128.0,682.0
1315167.0,5.0,-0.6888,8.439,-0.12896,-0.2011,6.92,3.3399,0.0,0.0,128.0,659.0
1315207.0,5.0,-0.5706,3.904,-0.13286,-0.0215,2.243,3.3399,0.0,0.0,128.0,665.0
1315247.0,6.0,-0.6412,0.501,-0.1329,0.0198,1.5,3.3399,0.0,0.0,128.0,694.0
1315287.0,6.0,-0.5983,0.91,-0.13095,0.0798,1.5,3.3399,0.0,0.0,128.0,701.0
1315327.0,2.0,-0.6259,0.029,-0.12623,0.192,4.98,0.8301,0.0,0.0,128.0,742.0
1315368.0,2.0,-0.7762,-2.967,-0.1131,0.4988,9.506,0.7716,0.0,0.0,128.0,730.0
1315408.0,2.0,-0.8038,-1.177,-0.0867,0.8314,6.566,0.682,0.0,0.0,128.0,732.0
1315448.0,2.0,-1.0753,-4.255,-0.04969,1.0399,4.207,0.6448,0.0,0.0,128.0,734.0
1315488.0,2.0,-1.8546,-15.235,-0.00679,1.1133,-0.007,1.2195,0.0,0.0,128.0,752.0
1315528.0,2.0,-2.5295,-16.483,0.03638,1.05,-3.89,0.9484,0.0,0.0,128.0,766.0
1315569.0,5.0,2.7029,-24.16,0.07627,0.9254,-4.327,2.6661,0.0,0.0,128.0,689.0
1315609.0,5.0,1.9865,-19.214,0.10823,0.6539,-9.127,2.6661,0.0,0.0,128.0,668.0
1315650.0,5.0,1.3683,-16.193,0.12634,0.2685,-7.927,2.6661,0.0,0.0,128.0,672.0
1315690.0,5.0,0.9311,-12.177,0.13207,0.0427,-3.13,2.6661,0.0,0.0,128.0,683.0
1315730.0,6.0,0.517,-10.423,0.13245,-0.0088,-1.405,2.6661,0.0,0.0,128.0,737.0
1315770.0,6.0,0.0552,-10.961,0.13095,-0.0688,-1.5,2.6661,0.0,0.0,128.0,704.0
1315810.0,2.0,-0.4878,-12.977,0.12668,-0.1775,-4.86,1.924,0.0,0.0,128.0,746.0
1315851.0,2.0,-0.589,-4.02,0.11426,-0.4693,-7.62,0.9123,0.0,0.0,128.0,738.0
1315892.0,2.0,-0.7655,-3.798,0.09015,-0.715,-4.491,0.8154,0.0,0.0,128.0,702.0
1315932.0,2.0,-1.0032,-5.455,0.05944,-0.8272,-1.169,0.7321,0.0,0.0,128.0,737.0
1315973.0,2.0,-1.33,-6.502,0.0261,-0.7999,2.103,0.5771,0.0,0.0,128.0,750.0
1316013.0,2.0,-1.807,-10.764,-0.00368,-0.7156,0.967,0.6038,0.0,0.0,128.0,753.0
1316053.0,2.0,-2.6292,-17.011,-0.03045,-0.6195,3.215,0.9846,0.0,0.0,128.0,763.0
1316094.0,2.0,3.0173,-16.211,-0.05175,-0.4245,3.87,0.6719,0.0,0.0,128.0,757.0
1316134.0,2.0,2.4022,-13.985,-0.06506,-0.2396,3.903,0.5154,0.0,0.0,128.0,773.0
1316174.0,2.0,1.9773,-12.172,-0.07268,-0.1567,2.463,0.571,0.0,0.0,128.0,761.0
1316215.0,2.0,1.8055,-5.886,-0.07762,-0.0924,2.06,0.0099,0.0,0.0,128.0,756.0
1316256.0,2.0,1.669,-3.876,-0.0786,0.0764,5.325,0.0396,0.0,0.0,128.0,727.0
1316296.0,2.0,1.646,-1.229,-0.07163,0.2833,4.91,-0.0419,0.0,0.0,128.0,745.0
1316337.0,2.0,1.784,2.603,-0.05636,0.4897,5.893,-0.1568,0.0,0.0,128.0,747.0
1316377.0,2.0,2.0064,4.786,-0.03229,0.7547,8.008,-0.2469,0.0,0.0,128.0,752.0
1316418.0,5.0,2.3224,7.885,0.00364,0.9991,3.568,-0.241,0.0,0.0,128.0,674.0
1316458.0,5.0,2.9652,13.758,0.04455,1.0435,-1.232,-0.241,0.0,0.0,128.0,676.0
1316499.0,5.0,-2.7581,15.999,0.08438,0.8896,-6.152,-0.241,0.0,0.0,128.0,675.0
1316539.0,5.0,-2.0172,18.919,0.11355,0.5452,-10.952,-0.241,0.0,0.0,128.0,681.0
1316579.0,5.0,-2.0387,5.288,0.12754,0.1865,-6.632,-0.241,0.0,0.0,128.0,665.0
1316620.0,5.0,-1.9727,1.83,0.13106,0.0171,-1.954,-0.241,0.0,0.0,128.0,672.0
1316660.0,6.0,-1.8883,2.228,0.13095,-0.0264,-1.5,-0.241,0.0,0.0,128.0,704.0
1316700.0,2.0,-2.2611,-7.107,0.12866,-0.1069,-3.66,-0.3241,0.0,0.0,128.0,731.0
1316741.0,2.0,-2.6477,-10.816,0.12008,-0.3603,-8.58,-0.109,0.0,0.0,128.0,749.0
1316782.0,2.0,3.0373,-14.021,0.09742,-0.7866,-9.9,0.2477,0.0,0.0,128.0,739.0
1316823.0,2.0,2.5142,-14.13,0.05914,-1.0892,-4.98,0.4822,0.0,0.0,128.0,737.0
1316863.0,2.0,1.9819,-13.368,0.01361,-1.1982,-0.471,0.7437,0.0,0.0,128.0,750.0
1316904.0,2.0,1.5923,-10.886,-0.0345,-1.1676,2.726,0.7576,0.0,0.0,128.0,748.0
1316945.0,2.0,1.3146,-7.286,-0.07804,-0.9525,7.646,0.616,0.0,0.0,128.0,743.0
1316985.0,2.0,0.9449,-9.35,-0.10849,-0.5569,10.526,1.1222,0.0,0.0,128.0,755.0
1317026.0,2.0,0.9081,-2.983,-0.12326,-0.1506,11.606,0.7083,0.0,0.0,128.0,738.0
1317067.0,2.0,0.6918,-4.24,-0.12023,0.3054,10.063,0.8628,0.0,0.0,128.0,737.0
1317108.0,2.0,0.2439,-10.436,-0.10118,0.6146,5.143,1.6756,0.0,0.0,128.0,751.0
1317149.0,3.0,0.2454,-1.692,-0.07256,0.8058,3.735,0.9881,0.0,0.0,128.0,701.0
1317189.0,3.0,-0.0583,-6.02,-0.03915,0.8568,-1.065,1.2274,0.0,0.0,128.0,728.0
1317230.0,3.0,-0.54,-11.222,-0.00675,0.7098,-5.985,1.6536,0.0,0.0,128.0,744.0
1317270.0,3.0,-0.5737,-2.997,0.01541,0.3719,-10.785,0.8967,0.0,0.0,128.0,715.0
1317311.0,5.0,-0.7563,-3.704,0.02044,-0.1604,-13.305,0.8285,0.0,0.0,128.0,686.0
1317351.0,5.0,-0.8069,-1.986,0.00518,-0.5942,-8.505,0.8285,0.0,0.0,128.0,665.0
1317391.0,5.0,-0.8115,-0.241,-0.02351,-0.836,-3.705,0.8285,0.0,0.0,128.0,662.0
1317431.0,5.0,-0.8652,-1.527,-0.05813,-0.8858,1.095,0.8285,0.0,0.0,128.0,681.0
1317472.0,5.0,-0.8744,-0.269,-0.09172,-0.7376,6.015,0.8285,0.0,0.0,128.0,681.0
1317512.0,5.0,-1.0063,-2.118,-0.11498,-0.4013,9.811,0.8285,0.0,0.0,128.0,659.0
1317552.0,5.0,-1.3775,-8.053,-0.12454,-0.1073,5.011,0.8285,0.0,0.0,128.0,652.0
1317592.0,5.0,-1.9972,-14.324,-0.12615,-0.0012,0.464,0.8285,0.0,0.0,128.0,674.0
1317632.0,2.0,-2.8471,-20.639,-0.1254,0.0713,4.08,1.7513,0.0,0.0,128.0,727.0
1317673.0,2.0,2.7259,-19.807,-0.11786,0.3419,9.0,1.5986,0.0,0.0,128.0,753.0
1317714.0,2.0,2.258,-13.045,-0.09731,0.6544,5.28,0.4812,0.0,0.0,128.0,727.0
1317754.0,2.0,2.0003,-7.154,-0.06874,0.7672,0.48,-0.0641,0.0,0.0,128.0,752.0
1317794.0,2.0,1.83,-4.688,-0.03945,0.6967,-2.747,-0.1018,0.0,0.0,128.0,769.0
1317835.0,2.0,1.7503,-2.631,-0.01324,0.6066,-1.906,-0.1081,0.0,0.0,128.0,773.0
1317876.0,2.0,1.804,0.577,0.00979,0.5378,-1.263,-0.2119,0.0,0.0,128.0,753.0
1317917.0,2.0,1.9942,3.81,0.03142,0.5673,2.965,-0.306,0.0,0.0,128.0,758.0
1317958.0,5.0,2.3025,6.975,0.05677,0.7235,2.626,-0.3472,0.0,0.0,128.0,673.0
1317998.0,5.0,2.5909,6.864,0.0861,0.7301,-2.174,-0.3472,0.0,0.0,128.0,677.0
1318038.0,5.0,3.0051,9.599,0.11194,0.5448,-6.974,-0.3472,0.0,0.0,128.0,680.0
1318078.0,5.0,-2.5878,15.453,0.12731,0.2072,-7.032,-0.3472,0.0,0.0,128.0,668.0
1318118.0,5.0,-2.4436,6.642,0.13136,0.0235,-2.356,-0.3472,0.0,0.0,128.0,673.0
1318158.0,6.0,-2.3485,3.702,0.13144,-0.0185,-1.5,-0.3472,0.0,0.0,128.0,715.0
1318200.0,2.0,-2.1537,4.35,0.12953,-0.0767,-0.66,-0.4444,0.0,0.0,128.0,735.0
1318240.0,2.0,-2.4099,-3.689,0.12499,-0.1844,-5.007,-0.6697,0.0,0.0,128.0,733.0
1318280.0,2.0,-2.5802,-3.959,0.11265,-0.4831,-9.807,-0.7182,0.0,0.0,128.0,746.0
1318320.0,2.0,-3.0434,-11.421,0.08554,-0.891,-8.607,-0.1751,0.0,0.0,128.0,753.0
1318361.0,2.0,2.6538,-13.079,0.04403,-1.1406,-3.687,0.1978,0.0,0.0,128.0,745.0
1318401.0,2.0,2.1844,-11.598,-0.00262,-1.1999,0.0,0.2775,0.0,0.0,128.0,745.0
1318442.0,5.0,1.9512,-7.693,-0.0504,-1.1326,3.96,0.0919,0.0,0.0,128.0,688.0
1318482.0,5.0,1.7043,-6.817,-0.09082,-0.8758,8.76,0.0919,0.0,0.0,128.0,690.0
1318523.0,5.0,1.6076,-3.152,-0.11794,-0.4394,10.259,0.0919,0.0,0.0,128.0,682.0
1318563.0,5.0,1.6736,0.296,-0.12866,-0.1274,5.459,0.0919,0.0,0.0,128.0,675.0
1318604.0,5.0,1.8116,2.923,-0.13069,-0.0028,0.788,0.0919,0.0,0.0,128.0,676.0
1318644.0,6.0,2.0264,5.023,-0.13027,0.0378,1.5,0.0919,0.0,0.0,128.0,722.0
1318685.0,2.0,2.5188,10.632,-0.12671,0.1749,5.7,-0.0977,0.0,0.0,128.0,738.0
1318726.0,2.0,3.0542,12.633,-0.11374,0.5119,10.62,0.0157,0.0,0.0,128.0,736.0
1318766.0,2.0,-2.3117,20.026,-0.08543,0.9164,7.99,1.8273,0.0,0.0,128.0,748.0
1318806.0,2.0,-1.488,21.632,-0.04455,1.1422,3.67,3.1161,0.0,0.0,128.0,737.0
1318846.0,2.0,-0.9403,15.275,0.00206,1.1999,0.0,2.1038,0.0,0.0,128.0,737.0
1318887.0,5.0,-0.6197,9.741,0.04988,1.1365,-3.84,1.6801,0.0,0.0,128.0,675.0
1318927.0,5.0,-0.4096,5.906,0.09049,0.8845,-8.64,1.6801,0.0,0.0,128.0,659.0
1318967.0,5.0,-0.1473,5.391,0.1176,0.46,-10.499,1.6801,0.0,0.0,128.0,666.0
1319007.0,5.0,0.6995,17.902,0.12893,0.1385,-5.699,1.6801,0.0,0.0,128.0,660.0
1319048.0,5.0,1.422,18.434,0.13125,0.0055,-1.148,1.6801,0.0,0.0,128.0,660.0
1319088.0,6.0,2.1077,17.531,0.13084,-0.0348,-1.5,1.6801,0.0,0.0,128.0,715.0
1319128.0,2.0,3.0971,21.783,0.12814,-0.1252,-4.14,1.9994,0.0,0.0,128.0,745.0
1319169.0,2.0,-2.0018,28.659,0.11843,-0.3982,-9.06,4.8456,0.0,0.0,128.0,737.0
1319210.0,2.0,-1.2318,20.916,0.09431,-0.801,-8.22,3.1626,0.0,0.0,128.0,739.0
1319251.0,2.0,-0.8621,10.904,0.05674,-1.0347,-3.3,1.4197,0.0,0.0,128.0,731.0
1319291.0,2.0,-0.4985,9.147,0.0147,-1.0683,1.5,1.4195,0.0,0.0,128.0,755.0
1319332.0,2.0,-0.3114,5.515,-0.02588,-0.9148,5.096,1.1498,0.0,0.0,128.0,751.0
1319373.0,2.0,-0.1626,4.641,-0.05824,-0.6608,7.015,1.1301,0.0,0.0,128.0,746.0
1319414.0,3.0,-0.2961,-0.989,-0.08051,-0.4706,2.253,0.9627,0.0,0.0,128.0,730.0
1319454.0,3.0,-0.0491,4.857,-0.09814,-0.4125,2.977,1.1479,0.0,0.0,128.0,725.0
1319495.0,3.0,-0.2132,-1.915,-0.11186,-0.2779,1.417,1.0005,0.0,0.0,128.0,729.0
1319535.0,5.0,-0.1718,-0.26,-0.12274,-0.2785,0.937,1.0092,0.0,0.0,128.0,669.0
1319576.0,5.0,-0.2408,-1.411,-0.13189,-0.137,5.617,1.0092,0.0,0.0,128.0,676.0
1319616.0,5.0,-0.2823,-1.14,-0.13418,-0.0051,1.065,1.0092,0.0,0.0,128.0,652.0
1319656.0,6.0,-0.3835,-2.107,-0.13376,0.0354,1.5,1.0092,0.0,0.0,128.0,683.0
1319697.0,6.0,-0.4955,-2.762,-0.13121,0.0954,1.5,1.0092,0.0,0.0,128.0,689.0
1319737.0,2.0,-0.6458,-3.176,-0.1257,0.2091,4.98,0.8699,0.0,0.0,128.0,737.0
1319777.0,2.0,-0.7639,-3.024,-0.11242,0.5061,9.423,0.7766,0.0,0.0,128.0,707.0
1319818.0,2.0,-0.7716,-1.612,-0.0852,0.8344,6.556,0.699,0.0,0.0,128.0,735.0
1319858.0,2.0,-1.5018,-14.089,-0.04796,1.0386,3.025,1.3363,0.0,0.0,128.0,740.0
1319898.0,2.0,-2.2519,-15.574,-0.00491,1.1423,1.345,1.0078,0.0,0.0,128.0,747.0
1319939.0,5.0,3.1247,-24.094,0.04125,1.1262,-2.095,1.7576,0.0,0.0,128.0,688.0
1319979.0,5.0,2.2488,-20.836,0.0828,0.944,-6.895,1.7576,0.0,0.0,128.0,668.0
1320020.0,5.0,1.6306,-16.636,0.11355,0.5698,-11.694,1.7576,0.0,0.0,128.0,681.0
1320060.0,5.0,1.1183,-13.216,0.12851,0.1937,-6.774,1.7576,0.0,0.0,128.0,659.0
1320100.0,5.0,0.7148,-10.648,0.13223,0.0192,-2.094,1.7576,0.0,0.0,128.0,654.0
1320140.0,6.0,0.3835,-8.601,0.13219,-0.0198,-1.5,1.7576,0.0,0.0,128.0,697.0
1320181.0,6.0,-0.2485,-14.154,0.1302,-0.0813,-1.5,1.7576,0.0,0.0,128.0,696.0
1320221.0,2.0,-0.2669,-2.495,0.12476,-0.2302,-6.06,0.9978,0.0,0.0,128.0,737.0
1320262.0,2.0,-0.4357,-3.557,0.1095,-0.5479,-7.577,0.9861,0.0,0.0,128.0,716.0
1320303.0,2.0,-0.6473,-4.836,0.08209,-0.7966,-4.603,0.9505,0.0,0.0,128.0,723.0
1320343.0,2.0,-0.9465,-6.91,0.0477,-0.9367,-1.745,0.856,0.0,0.0,128.0,730.0
1320383.0,2.0,-0.9235,-1.109,0.01061,-0.9188,1.992,0.6155,0.0,0.0,128.0,758.0
1320424.0,2.0,-1.1183,-2.754,-0.02378,-0.7713,4.896,0.5617,0.0,0.0,128.0,750.0
1320464.0,2.0,-1.6828,-13.698,-0.0495,-0.5321,5.441,1.0841,0.0,0.0,128.0,762.0
1320504.0,2.0,-2.2642,-11.958,-0.06604,-0.3075,4.235,0.3437,0.0,0.0,128.0,760.0
1320544.0,2.0,-3.1232,-22.086,-0.0759,-0.1955,3.755,2.0835,0.0,0.0,128.0,756.0
1320585.0,2.0,2.6231,-16.879,-0.0795,0.0594,7.715,0.9869,0.0,0.0,128.0,746.0
1320626.0,2.0,2.2105,-10.089,-0.07223,0.2724,2.795,0.0731,0.0,0.0,128.0,724.0
1320666.0,2.0,1.942,-7.248,-0.06064,0.2857,-2.005,-0.0164,0.0,0.0,128.0,751.0
1320707.0,2.0,1.7917,-4.535,-0.05051,0.2354,0.147,-0.059,0.0,0.0,128.0,722.0
1320747.0,2.0,1.8147,-0.404,-0.04061,0.2801,2.27,-0.2148,0.0,0.0,128.0,730.0
1320787.0,2.0,1.9589,3.065,-0.02734,0.4151,4.958,-0.2981,0.0,0.0,128.0,745.0
1320828.0,5.0,2.1506,4.913,-0.00533,0.7085,7.478,-0.3653,0.0,0.0,128.0,680.0
1320868.0,5.0,2.4651,7.382,0.02708,0.9092,2.678,-0.3653,0.0,0.0,128.0,669.0
1320908.0,5.0,2.8747,9.531,0.06383,0.9179,-2.122,-0.3653,0.0,0.0,128.0,694.0
1320948.0,5.0,-2.7857,15.846,0.09716,0.7346,-6.922,-0.3653,0.0,0.0,128.0,688.0
1320989.0,5.0,-2.3945,9.567,0.11996,0.3625,-9.323,-0.3653,0.0,0.0,128.0,668.0
1321029.0,5.0,-2.1813,5.869,0.1284,0.088,-4.523,-0.3653,0.0,0.0,128.0,676.0
1321069.0,5.0,-2.0555,3.539,0.1296,0.0002,-0.101,-0.3653,0.0,0.0,128.0,673.0
1321109.0,2.0,-1.9788,1.966,0.12855,-0.0889,-4.56,-0.4818,0.0,0.0,128.0,730.0
1321149.0,2.0,-2.5219,-8.359,0.12188,-0.2773,-6.72,-0.3394,0.0,0.0,128.0,746.0
1321189.0,2.0,-2.933,-10.145,0.10455,-0.6445,-11.52,-0.321,0.0,0.0,128.0,744.0
1321230.0,2.0,2.7964,-11.956,0.07057,-1.0135,-6.6,-0.0533,0.0,0.0,128.0,752.0
1321271.0,2.0,2.2994,-13.066,0.02569,-1.1839,-1.92,0.4264,0.0,0.0,128.0,751.0
1321312.0,5.0,1.8684,-10.969,-0.02145,-1.1955,0.96,0.3263,0.0,0.0,128.0,702.0
1321352.0,5.0,1.5693,-8.723,-0.06769,-1.0528,5.88,0.3263,0.0,0.0,128.0,698.0
1321393.0,5.0,1.5355,-2.581,-0.10421,-0.7084,10.8,0.3263,0.0,0.0,128.0,673.0
1321433.0,5.0,1.2839,-4.406,-0.12371,-0.2915,8.339,0.3263,0.0,0.0,128.0,672.0
1321474.0,5.0,1.2962,-0.381,-0.13009,-0.056,3.662,0.3263,0.0,0.0,128.0,672.0
1321514.0,6.0,1.3744,1.183,-0.13069,0.0033,0.84,0.3263,0.0,0.0,128.0,710.0
1321554.0,2.0,1.626,5.109,-0.12945,0.0697,2.82,0.1532,0.0,0.0,128.0,721.0
1321595.0,2.0,1.9696,8.234,-0.123,0.2887,7.74,0.0409,0.0,0.0,128.0,721.0
1321635.0,2.0,2.3485,8.082,-0.10451,0.6899,10.86,-0.255,0.0,0.0,128.0,735.0
1321675.0,2.0,3.1355,17.563,-0.0702,1.0329,6.3,0.9495,0.0,0.0,128.0,751.0
1321716.0,2.0,-2.4252,18.62,-0.02483,1.1879,1.38,1.5107,0.0,0.0,128.0,743.0
1321756.0,2.0,-1.5156,24.532,0.02175,1.1555,-1.26,4.02,0.0,0.0,128.0,744.0
1321797.0,5.0,-0.9587,14.497,0.06679,1.0384,-5.22,3.2735,0.0,0.0,128.0,696.0
1321837.0,5.0,-0.5568,11.436,0.10245,0.7312,-10.02,3.2735,0.0,0.0,128.0,653.0
1321877.0,5.0,-0.4341,5.305,0.12308,0.3157,-8.701,3.2735,0.0,0.0,128.0,666.0
1321918.0,5.0,-0.0491,8.244,0.13009,0.066,-3.901,3.2735,0.0,0.0,128.0,652.0
1321958.0,6.0,0.8023,18.088,0.13088,-0.0018,-0.616,3.2735,0.0,0.0,128.0,708.0
1322001.0,2.0,1.4527,16.003,0.12964,-0.0653,-2.34,1.7266,0.0,0.0,128.0,759.0
1322041.0,2.0,2.1813,17.003,0.12379,-0.2645,-7.26,1.2792,0.0,0.0,128.0,728.0
1322082.0,2.0,2.9207,18.621,0.10609,-0.6406,-9.619,1.2069,0.0,0.0,128.0,729.0
1322122.0,2.0,-2.3685,25.018,0.07463,-0.9561,-7.459,3.2682,0.0,0.0,128.0,741.0
1322162.0,2.0,-1.669,20.958,0.0324,-1.1636,-2.95,2.7574,0.0,0.0,128.0,750.0
1322203.0,2.0,-1.4189,8.737,-0.01549,-1.1813,1.832,0.7022,0.0,0.0,128.0,747.0
1322243.0,2.0,-1.1505,6.327,-0.05981,-1.0412,4.746,0.7002,0.0,0.0,128.0,758.0
1322283.0,2.0,-1.0661,2.617,-0.09679,-0.8074,7.264,0.5362,0.0,0.0,128.0,754.0
1322324.0,5.0,-1.0815,0.323,-0.12188,-0.4309,10.049,0.5349,0.0,0.0,128.0,668.0
1322364.0,5.0,-1.2149,-2.525,-0.13245,-0.1172,5.25,0.5349,0.0,0.0,128.0,659.0
1322404.0,5.0,-1.5861,-7.814,-0.13425,-0.0022,0.7,0.5349,0.0,0.0,128.0,667.0
1322444.0,6.0,-2.0433,-11.154,-0.13373,0.0393,1.5,0.5349,0.0,0.0,128.0,717.0
1322485.0,6.0,-2.6645,-15.21,-0.13095,0.1008,1.5,0.5349,0.0,0.0,128.0,708.0
1322525.0,2.0,2.9483,-17.019,-0.12525,0.2203,5.22,0.8577,0.0,0.0,128.0,731.0
1322565.0,2.0,2.5602,-11.669,-0.11209,0.4458,4.224,0.0769,0.0,0.0,128.0,749.0
1322605.0,2.0,2.1875,-8.887,-0.09255,0.5164,-0.576,-0.0587,0.0,0.0,128.0,750.0
1322645.0,2.0,2.0049,-4.715,-0.07343,0.4372,-2.584,-0.2689,0.0,0.0,128.0,770.0
1322686.0,2.0,1.9251,-2.468,-0.05726,0.3818,-0.296,-0.3003,0.0,0.0,128.0,765.0
1322727.0,2.0,1.9558,-0.008,-0.04144,0.4226,2.459,-0.3616,0.0,0.0,128.0,749.0
1322768.0,2.0,2.1138,3.005,-0.02126,0.6195,7.186,-0.4418,0.0,0.0,128.0,726.0
1322808.0,5.0,2.4176,6.75,0.00874,0.8863,4.546,-0.4536,0.0,0.0,128.0,684.0
1322849.0,5.0,2.7213,8.974,0.04597,0.9698,-0.254,-0.4536,0.0,0.0,128.0,697.0
1322889.0,5.0,-3.0112,11.23,0.08363,0.8561,-5.174,-0.4536,0.0,0.0,128.0,689.0
1322929.0,5.0,-2.6461,10.703,0.11213,0.5507,-9.974,-0.4536,0.0,0.0,128.0,674.0
1322970.0,5.0,-2.324,5.43,0.1266,0.185,-6.627,-0.4536,0.0,0.0,128.0,669.0
1323010.0,5.0,-2.2013,3.388,0.13009,0.0166,-1.95,-0.4536,0.0,0.0,128.0,661.0
1323050.0,6.0,-2.2166,1.216,0.13001,-0.0251,-1.5,-0.4536,0.0,0.0,128.0,723.0
1323091.0,2.0,-2.4068,-1.259,0.12645,-0.19,-6.42,-0.7133,0.0,0.0,128.0,724.0
1323132.0,2.0,-2.936,-10.565,0.11231,-0.5565,-11.34,-0.2772,0.0,0.0,128.0,739.0
1323173.0,2.0,2.9084,-11.999,0.08134,-0.9604,-7.561,-0.0371,0.0,0.0,128.0,717.0
1323213.0,2.0,2.4574,-8.86,0.03908,-1.1644,-2.761,-0.2772,0.0,0.0,128.0,751.0
1323254.0,2.0,1.9451,-11.005,-0.009,-1.1999,0.0,0.4303,0.0,0.0,128.0,736.0
1323295.0,5.0,1.6598,-7.944,-0.05636,-1.111,4.56,0.3879,0.0,0.0,128.0,668.0
1323335.0,5.0,1.534,-4.285,-0.09551,-0.8302,9.36,0.3879,0.0,0.0,128.0,688.0
1323376.0,5.0,1.3499,-4.118,-0.12045,-0.3899,9.659,0.3879,0.0,0.0,128.0,660.0
1323416.0,5.0,1.4404,0.848,-0.12968,-0.1019,4.859,0.3879,0.0,0.0,128.0,655.0
1323456.0,5.0,1.5662,2.696,-0.13117,-0.0009,0.308,0.3879,0.0,0.0,128.0,667.0
1323496.0,6.0,1.8331,5.858,-0.13058,0.0438,1.5,0.3879,0.0,0.0,128.0,707.0
1323536.0,2.0,2.2135,8.817,-0.12724,0.156,4.98,-0.1054,0.0,0.0,128.0,738.0
1323576.0,2.0,2.6108,9.457,-0.11606,0.4536,9.78,-0.2745,0.0,0.0,128.0,751.0
1323616.0,2.0,-2.8333,17.462,-0.09026,0.8525,8.1,0.9718,0.0,0.0,128.0,745.0
1323657.0,2.0,-1.8684,20.565,-0.0507,1.0813,3.18,2.3284,0.0,0.0,128.0,735.0
1323697.0,2.0,-1.221,16.562,-0.00596,1.1899,1.493,2.1032,0.0,0.0,128.0,744.0
1323738.0,5.0,-0.7317,12.575,0.04103,1.1651,-2.827,2.5835,0.0,0.0,128.0,681.0
1323778.0,5.0,-0.4034,8.975,0.08449,0.9459,-7.747,2.5835,0.0,0.0,128.0,689.0
1323818.0,5.0,-0.0706,8.25,0.1146,0.5412,-11.347,2.5835,0.0,0.0,128.0,659.0
1323858.0,5.0,0.6228,15.513,0.12848,0.1853,-6.667,2.5835,0.0,0.0,128.0,646.0
1323899.0,5.0,1.3852,18.404,0.13196,0.0167,-1.993,2.5835,0.0,0.0,128.0,660.0
1323939.0,6.0,2.1368,18.565,0.13189,-0.0243,-1.5,2.5835,0.0,0.0,128.0,707.0
1323984.0,2.0,-3.0281,23.66,0.12945,-0.0936,-2.34,2.5451,0.0,0.0,128.0,709.0
1324024.0,2.0,-1.8423,28.367,0.12244,-0.2929,-7.26,4.919,0.0,0.0,128.0,739.0
1324064.0,2.0,-1.0891,20.428,0.10553,-0.547,-4.14,3.1798,0.0,0.0,128.0,705.0
1324104.0,2.0,-0.6075,13.583,0.08205,-0.6142,0.66,2.0141,0.0,0.0,128.0,760.0
1324145.0,2.0,-0.2577,9.292,0.05813,-0.5772,0.636,1.5164,0.0,0.0,128.0,735.0
1324185.0,2.0,0.0966,8.923,0.03619,-0.5249,2.142,1.498,0.0,0.0,128.0,743.0
1324226.0,2.0,0.5844,11.166,0.01736,-0.3904,4.415,1.6268,0.0,0.0,128.0,744.0
1324267.0,2.0,1.0431,11.162,0.006,-0.1705,4.026,1.2423,0.0,0.0,128.0,739.0
1324308.0,2.0,1.5064,11.136,0.00101,-0.1077,-0.32,0.8622,0.0,0.0,128.0,732.0
1324349.0,2.0,2.0908,13.153,-0.00244,-0.0298,3.284,0.6397,0.0,0.0,128.0,740.0
1324390.0,2.0,2.8072,17.218,-0.00225,0.025,0.766,0.9202,0.0,0.0,128.0,730.0
1324430.0,2.0,-2.7136,19.373,-0.00011,0.0705,-0.645,1.484,0.0,0.0,128.0,774.0
1324471.0,2.0,-1.5723,25.495,0.0009,-0.0557,-4.365,4.1874,0.0,0.0,128.0,738.0
1324511.0,2.0,-1.1781,14.221,-0.00338,-0.1319,0.435,1.751,0.0,0.0,128.0,752.0
1324551.0,2.0,-0.744,10.47,-0.00698,-0.0211,4.132,1.4408,0.0,0.0,128.0,744.0
1324592.0,2.0,-0.5952,4.758,-0.00495,0.0985,0.756,0.9865,0.0,0.0,128.0,716.0
1324632.0,2.0,-0.5108,1.859,-0.00116,0.0866,-0.684,0.887,0.0,0.0,128.0,743.0
1324673.0,2.0,-0.6121,-1.088,0.00233,0.0977,0.3,0.7932,0.0,0.0,128.0,707.0
1324713.0,2.0,-0.3221,5.985,0.00577,0.0862,0.766,1.176,0.0,0.0,128.0,717.0
1324754.0,3.0,-0.3497,1.135,0.0093,0.0731,-1.686,0.9476,0.0,0.0,128.0,723.0
1324794.0,3.0,-0.5983,-5.293,0.00964,-0.0927,-6.486,1.0034,0.0,0.0,128.0,704.0
1324834.0,5.0,-0.5246,0.299,-0.00023,-0.4455,-9.846,0.8655,0.0,0.0,128.0,668.0
1324875.0,5.0,-0.4172,2.076,-0.02411,-0.7409,-5.046,0.8655,0.0,0.0,128.0,660.0
1324915.0,5.0,-0.2838,3.152,-0.05681,-0.8445,-0.126,0.8655,0.0,0.0,128.0,680.0
1324955.0,5.0,-0.1258,4.188,-0.08891,-0.7511,4.674,0.8655,0.0,0.0,128.0,668.0
1324995.0,5.0,-0.0782,1.829,-0.11377,-0.4657,9.474,0.8655,0.0,0.0,128.0,674.0
1325036.0,5.0,-0.1058,-0.163,-0.12533,-0.1423,5.8,0.8655,0.0,0.0,128.0,665.0
1325076.0,5.0,-0.2362,-2.278,-0.12773,-0.0053,1.003,0.8655,0.0,0.0,128.0,646.0
1325116.0,2.0,-0.3543,-2.802,-0.1272,0.0579,3.675,0.9872,0.0,0.0,128.0,726.0
1325156.0,2.0,-0.4433,-2.291,-0.12086,0.3033,8.475,0.94,0.0,0.0,128.0,737.0
1325197.0,2.0,-0.6213,-4.009,-0.10163,0.6492,7.489,0.9133,0.0,0.0,128.0,725.0
1325237.0,2.0,-0.7424,-3.795,-0.07088,0.9047,5.177,0.8143,0.0,0.0,128.0,736.0
1325278.0,2.0,-1.3744,-12.807,-0.03101,1.0443,1.217,1.3171,0.0,0.0,128.0,715.0
1325318.0,2.0,-1.9681,-13.596,0.01016,1.0402,-1.233,0.8625,0.0,0.0,128.0,751.0
1325359.0,5.0,-3.0894,-25.995,0.05104,0.9948,-1.264,2.8821,0.0,0.0,128.0,687.0
1325399.0,5.0,2.3869,-22.182,0.08801,0.8458,-6.064,2.8821,0.0,0.0,128.0,665.0
1325439.0,5.0,1.6674,-17.741,0.11546,0.5048,-10.864,2.8821,0.0,0.0,128.0,666.0
1325479.0,5.0,1.1198,-14.388,0.12821,0.1629,-6.208,2.8821,0.0,0.0,128.0,660.0
1325520.0,5.0,0.6565,-12.017,0.1311,0.0108,-1.531,2.8821,0.0,0.0,128.0,653.0
1325560.0,6.0,0.2255,-10.744,0.13091,-0.0288,-1.5,2.8821,0.0,0.0,128.0,709.0
1325600.0,2.0,-0.3528,-13.666,0.12851,-0.1116,-3.78,2.1216,0.0,0.0,128.0,718.0
1325641.0,2.0,-0.7839,-11.483,0.11959,-0.3699,-8.7,1.5145,0.0,0.0,128.0,740.0
1325681.0,2.0,-0.9143,-5.33,0.09814,-0.7119,-6.54,0.7649,0.0,0.0,128.0,739.0
1325722.0,2.0,-1.1029,-4.199,0.06544,-0.8767,-1.62,0.5623,0.0,0.0,128.0,737.0
1325762.0,2.0,-1.4235,-5.132,0.03071,-0.8744,1.121,0.4559,0.0,0.0,128.0,744.0
1325802.0,2.0,-2.1476,-18.02,-0.00251,-0.8158,1.88,1.5422,0.0,0.0,128.0,753.0
1325842.0,2.0,-2.7627,-18.14,-0.03221,-0.6794,4.28,1.1308,0.0,0.0,128.0,768.0
1325883.0,2.0,2.6737,-21.246,-0.05696,-0.547,4.4,1.974,0.0,0.0,128.0,746.0
1325924.0,2.0,2.255,-12.089,-0.07455,-0.3188,4.28,0.2923,0.0,0.0,128.0,758.0
1325964.0,2.0,1.9221,-9.763,-0.08456,-0.1892,2.696,0.3245,0.0,0.0,128.0,759.0
1326004.0,2.0,1.7227,-5.613,-0.0903,-0.0801,4.52,0.0564,0.0,0.0,128.0,769.0
1326044.0,2.0,1.7288,-0.558,-0.08929,0.1504,6.433,-0.1612,0.0,0.0,128.0,734.0
1326085.0,2.0,1.6398,-1.349,-0.07849,0.3884,5.311,-0.0249,0.0,0.0,128.0,732.0
1326125.0,2.0,1.8132,3.192,-0.05914,0.6142,6.743,-0.1625,0.0,0.0,128.0,729.0
1326166.0,5.0,2.1077,6.424,-0.02827,0.922,6.326,-0.2219,0.0,0.0,128.0,694.0
1326206.0,5.0,2.4682,9.332,0.0117,1.0766,1.526,-0.2219,0.0,0.0,128.0,684.0
1326246.0,5.0,3.0419,12.954,0.05408,1.0392,-3.274,-0.2219,0.0,0.0,128.0,688.0
1326287.0,5.0,-2.5142,18.136,0.0921,0.8016,-8.194,-0.2219,0.0,0.0,128.0,653.0
1326327.0,5.0,-2.1169,14.691,0.11633,0.3987,-9.773,-0.2219,0.0,0.0,128.0,661.0
1326367.0,5.0,-2.0663,6.226,0.12581,0.1062,-4.973,-0.2219,0.0,0.0,128.0,667.0
1326408.0,5.0,-2.1077,0.973,0.12739,0.0011,-0.415,-0.2219,0.0,0.0,128.0,686.0
1326448.0,2.0,-2.0709,1.474,0.12638,-0.0862,-4.495,-0.4602,0.0,0.0,128.0,736.0
1326488.0,2.0,-2.4943,-7.681,0.11828,-0.3644,-9.295,-0.4429,0.0,0.0,128.0,734.0
1326529.0,2.0,-3.0664,-12.012,0.09506,-0.8038,-9.748,-0.0791,0.0,0.0,128.0,728.0
1326569.0,2.0,2.7075,-14.137,0.05719,-1.0953,-4.948,0.3587,0.0,0.0,128.0,749.0
1326610.0,2.0,2.1644,-13.723,0.01031,-1.1989,-0.508,0.6474,0.0,0.0,128.0,715.0
1326650.0,5.0,1.8055,-10.459,-0.03675,-1.1722,2.52,0.4026,0.0,0.0,128.0,674.0
1326691.0,5.0,1.4956,-8.053,-0.07973,-0.973,7.32,0.4026,0.0,0.0,128.0,673.0
1326731.0,5.0,1.3039,-4.739,-0.11183,-0.5705,11.7,0.4026,0.0,0.0,128.0,666.0
1326771.0,5.0,1.2272,-3.226,-0.1266,-0.2009,6.9,0.4026,0.0,0.0,128.0,659.0
1326811.0,5.0,1.2318,-0.351,-0.1305,-0.0214,2.223,0.4026,0.0,0.0,128.0,652.0
1326851.0,6.0,1.2579,0.261,-0.13054,0.0183,1.5,0.4026,0.0,0.0,128.0,714.0
1326891.0,2.0,1.4373,3.402,-0.12848,0.1087,4.14,0.2246,0.0,0.0,128.0,722.0
1326932.0,2.0,1.8178,7.756,-0.11944,0.3817,9.06,0.1418,0.0,0.0,128.0,743.0
1326972.0,2.0,2.2611,10.461,-0.09649,0.8022,9.77,0.0583,0.0,0.0,128.0,733.0
1327012.0,2.0,2.959,16.52,-0.05873,1.0946,4.97,0.7616,0.0,0.0,128.0,746.0
1327052.0,2.0,-2.5541,19.561,-0.01305,1.195,0.17,1.5609,0.0,0.0,128.0,758.0
1327093.0,2.0,-1.9712,15.55,0.03401,1.099,-4.693,1.1165,0.0,0.0,128.0,765.0
1327134.0,5.0,-1.2778,15.059,0.07433,0.9063,-3.373,1.8771,0.0,0.0,128.0,800.0
1327174.0,5.0,-0.8974,10.137,0.10616,0.6729,-8.173,1.8771,0.0,0.0,128.0,695.0
1327215.0,5.0,-0.8805,3.719,0.12574,0.2856,-8.261,1.8771,0.0,0.0,128.0,666.0
1327255.0,5.0,-0.6657,4.74,0.13193,0.0535,-3.461,1.8771,0.0,0.0,128.0,660.0
1327295.0,6.0,-0.3497,8.0,0.13252,-0.0033,-0.84,1.8771,0.0,0.0,128.0,702.0
1327336.0,6.0,-0.2163,4.024,0.13125,-0.0633,-1.5,1.8771,0.0,0.0,128.0,711.0
1327376.0,2.0,-0.2485,0.352,0.12739,-0.1564,-4.26,0.986,0.0,0.0,128.0,733.0
1327417.0,2.0,0.1534,6.742,0.11633,-0.4212,-6.78,1.2802,0.0,0.0,128.0,723.0
1327457.0,2.0,0.6443,11.519,0.09581,-0.594,-1.98,1.6362,0.0,0.0,128.0,716.0
1327497.0,2.0,1.1259,11.975,0.07151,-0.6463,-1.902,1.3208,0.0,0.0,128.0,731.0
1327538.0,2.0,1.6659,12.909,0.04339,-0.7471,-1.774,0.9543,0.0,0.0,128.0,738.0
1327578.0,2.0,2.3332,15.746,0.01388,-0.7278,1.251,0.8961,0.0,0.0,128.0,775.0
1327618.0,2.0,3.1385,19.781,-0.01339,-0.6602,0.525,1.4734,0.0,0.0,128.0,772.0
1327660.0,5.0,-2.0095,24.108,-0.0417,-0.7451,-3.795,2.9093,0.0,0.0,128.0,801.0
1327701.0,5.0,-1.4665,17.35,-0.07271,-0.7985,1.005,2.9093,0.0,0.0,128.0,659.0
1327741.0,5.0,-0.8974,12.269,-0.1029,-0.654,5.925,2.9093,0.0,0.0,128.0,680.0
1327781.0,5.0,-0.6504,7.646,-0.12285,-0.3272,8.805,2.9093,0.0,0.0,128.0,666.0
1327821.0,5.0,-0.5553,3.489,-0.13027,-0.0717,4.126,2.9093,0.0,0.0,128.0,639.0
1327862.0,6.0,-0.7225,-2.035,-0.13114,0.0012,0.554,2.9093,0.0,0.0,128.0,710.0
1327902.0,6.0,-0.6458,0.512,-0.12998,0.0596,1.62,0.765,0.0,0.0,128.0,1466.0
1327942.0,2.0,-0.6473,0.595,-0.12517,0.2228,6.42,0.8257,0.0,0.0,128.0,730.0
1327982.0,2.0,-0.8115,-3.357,-0.11029,0.5645,9.228,0.7705,0.0,0.0,128.0,738.0
1328023.0,2.0,-1.0354,-4.907,-0.08066,0.8958,6.85,0.6853,0.0,0.0,128.0,729.0
1328063.0,2.0,-1.7518,-15.061,-0.04136,1.0792,2.953,1.2603,0.0,0.0,128.0,737.0
1328103.0,2.0,-2.5234,-18.316,0.00218,1.1053,-1.004,1.3728,0.0,0.0,128.0,743.0
1328144.0,5.0,2.8823,-22.24,0.04665,1.0832,-2.324,2.2502,0.0,0.0,128.0,673.0
1328184.0,5.0,2.1721,-18.205,0.0864,0.8919,-7.124,2.2502,0.0,0.0,128.0,688.0
1328225.0,5.0,1.6122,-14.886,0.11486,0.5109,-10.964,2.2502,0.0,0.0,128.0,674.0
1328265.0,5.0,1.1735,-11.647,0.12799,0.1604,-6.164,2.2502,0.0,0.0,128.0,673.0
1328305.0,5.0,0.8268,-9.071,0.1308,0.0102,-1.487,2.2502,0.0,0.0,128.0,656.0
1328345.0,6.0,0.5645,-6.393,0.13058,-0.0312,-1.5,2.2502,0.0,0.0,128.0,689.0
1328385.0,2.0,0.0568,-11.149,0.12788,-0.1333,-4.62,1.7855,0.0,0.0,128.0,723.0
1328426.0,3.0,0.1657,-0.382,0.11745,-0.4193,-7.86,0.9872,0.0,0.0,128.0,705.0
1328466.0,3.0,0.1641,0.393,0.09611,-0.6353,-3.06,0.9875,0.0,0.0,128.0,701.0
1328506.0,3.0,0.2393,1.057,0.0699,-0.6664,1.213,0.9786,0.0,0.0,128.0,730.0
1328547.0,3.0,0.5568,6.65,0.0453,-0.5133,6.133,1.1284,0.0,0.0,128.0,730.0
1328587.0,3.0,0.6872,4.165,0.03098,-0.1696,10.933,0.8826,0.0,0.0,128.0,708.0
1328628.0,5.0,0.8437,3.254,0.03334,0.2881,9.733,0.7713,0.0,0.0,128.0,666.0
1328668.0,5.0,1.0232,4.212,0.05149,0.5838,4.813,0.7713,0.0,0.0,128.0,674.0
1328708.0,5.0,1.3821,7.387,0.07699,0.678,0.013,0.7713,0.0,0.0,128.0,668.0
1328749.0,5.0,1.7687,9.37,0.10245,0.5801,-4.787,0.7713,0.0,0.0,128.0,675.0
1328789.0,5.0,2.2227,11.053,0.12075,0.2855,-8.267,0.7713,0.0,0.0,128.0,680.0
1328829.0,5.0,2.6354,11.197,0.1269,0.0533,-3.467,0.7713,0.0,0.0,128.0,653.0
1328873.0,2.0,-3.0986,11.98,0.1275,-0.0065,-1.2,-0.0907,0.0,0.0,128.0,890.0
1328913.0,2.0,-2.1844,20.203,0.12578,-0.1082,-4.697,1.9514,0.0,0.0,128.0,738.0
1328954.0,2.0,-1.9297,11.049,0.11633,-0.3956,-7.702,0.5137,0.0,0.0,128.0,745.0
1328995.0,2.0,-1.7564,5.282,0.09555,-0.6094,-3.346,0.019,0.0,0.0,128.0,705.0
1329035.0,2.0,-1.7349,1.562,0.069,-0.7409,-2.976,-0.1359,0.0,0.0,128.0,745.0
1329076.0,2.0,-1.7288,0.205,0.03724,-0.8266,-1.178,-0.1581,0.0,0.0,128.0,724.0
1329116.0,2.0,-1.9911,-3.885,0.00469,-0.8168,-0.026,-0.1693,0.0,0.0,128.0,735.0
1329157.0,5.0,-2.3102,-9.597,-0.02858,-0.8908,-2.906,-0.0892,0.0,0.0,128.0,822.0
1329197.0,5.0,-2.9299,-14.05,-0.06551,-0.9066,2.014,-0.0892,0.0,0.0,128.0,695.0
1329238.0,5.0,2.9406,-10.957,-0.09851,-0.7277,6.814,-0.0892,0.0,0.0,128.0,703.0
1329278.0,5.0,2.6768,-8.218,-0.12109,-0.3589,9.273,-0.0892,0.0,0.0,128.0,681.0
1329318.0,5.0,2.5878,-4.283,-0.12941,-0.0864,4.473,-0.0892,0.0,0.0,128.0,682.0
1329358.0,5.0,2.6615,0.192,-0.13058,-0.0001,0.08,-0.0892,0.0,0.0,128.0,675.0
1329400.0,2.0,2.7428,1.673,-0.1296,0.0606,2.58,-0.9008,0.0,0.0,128.0,743.0
1329440.0,2.0,2.8839,2.939,-0.12401,0.2622,7.38,-0.9096,0.0,0.0,128.0,748.0
1329481.0,2.0,-3.0511,7.698,-0.10616,0.6645,11.1,-0.6238,0.0,0.0,128.0,737.0
1329521.0,2.0,-2.5188,12.417,-0.07256,1.0194,6.54,0.1731,0.0,0.0,128.0,751.0
1329562.0,2.0,-1.9405,14.873,-0.02749,1.1849,1.663,1.0952,0.0,0.0,128.0,709.0
1329602.0,2.0,-1.5002,13.619,0.01954,1.1849,-0.865,1.3453,0.0,0.0,128.0,737.0
1329642.0,2.0,-1.3131,6.014,0.06428,1.0519,-5.665,0.4204,0.0,0.0,128.0,781.0
1329683.0,2.0,-1.445,-0.544,0.10088,0.7236,-9.265,0.148,0.0,0.0,128.0,760.0
1329724.0,2.0,-1.4619,-0.454,0.1224,0.3246,-10.338,0.075,0.0,0.0,128.0,736.0
1329765.0,2.0,-1.5417,-1.257,0.12709,-0.0997,-9.76,0.0579,0.0,0.0,128.0,720.0
1329806.0,2.0,-1.7671,-4.745,0.11531,-0.5036,-11.148,-0.0253,0.0,0.0,128.0,746.0
1329846.0,2.0,-2.1859,-11.835,0.08715,-0.9147,-8.268,0.21,0.0,0.0,128.0,751.0
1329886.0,2.0,3.1155,-20.041,0.04613,-1.147,-3.468,1.5389,0.0,0.0,128.0,745.0
1329927.0,2.0,2.571,-17.679,-0.00154,-1.1858,1.452,1.2078,0.0,0.0,128.0,766.0
1329967.0,2.0,1.9282,-14.456,-0.04646,-1.063,5.301,0.9847,0.0,0.0,128.0,759.0
1330008.0,2.0,1.5493,-10.964,-0.08505,-0.8381,6.744,0.7896,0.0,0.0,128.0,732.0
1330048.0,2.0,1.3698,-6.359,-0.11164,-0.4699,11.544,0.4942,0.0,0.0,128.0,736.0
1330089.0,2.0,0.9557,-9.835,-0.12086,0.0091,9.788,1.2313,0.0,0.0,128.0,724.0
1330130.0,2.0,0.8744,-3.493,-0.11273,0.4131,9.92,0.7396,0.0,0.0,128.0,714.0
1330170.0,2.0,0.6504,-4.796,-0.08963,0.7504,6.506,0.9244,0.0,0.0,128.0,725.0
1330211.0,2.0,0.1626,-10.839,-0.05546,0.9138,1.586,1.7356,0.0,0.0,128.0,745.0
1330251.0,3.0,0.2332,-1.417,-0.01894,0.9496,2.162,0.9856,0.0,0.0,128.0,695.0
1330292.0,3.0,0.0798,-2.933,0.02085,0.9861,-1.434,1.0512,0.0,0.0,128.0,715.0
1330332.0,3.0,-0.2838,-8.17,0.05753,0.8304,-6.234,1.3819,0.0,0.0,128.0,738.0
1330373.0,3.0,-0.2362,-0.836,0.08486,0.4907,-8.228,0.9763,0.0,0.0,128.0,722.0
1330413.0,3.0,-0.1856,0.859,0.09915,0.26,-3.428,0.9875,0.0,0.0,128.0,730.0
1330454.0,3.0,-0.0368,3.096,0.10804,0.2213,1.372,1.0599,0.0,0.0,128.0,722.0
1330494.0,5.0,0.1381,4.242,0.11876,0.2967,0.052,1.0707,0.0,0.0,128.0,652.0
1330534.0,5.0,0.3283,4.633,0.12926,0.2004,-4.748,1.0707,0.0,0.0,128.0,679.0
1330574.0,5.0,0.7793,9.995,0.13331,0.0243,-2.326,1.0707,0.0,0.0,128.0,653.0
1330614.0,6.0,1.2026,10.768,0.13339,-0.0192,-1.5,1.0707,0.0,0.0,128.0,702.0
1330654.0,6.0,1.626,10.519,0.13148,-0.0792,-1.5,1.0707,0.0,0.0,128.0,715.0
1330695.0,2.0,2.2166,13.181,0.12679,-0.1797,-4.5,0.486,0.0,0.0,128.0,723.0
1330735.0,2.0,2.9054,16.582,0.11569,-0.4106,-6.724,0.7593,0.0,0.0,128.0,750.0
1330775.0,2.0,-2.6875,16.438,0.09431,-0.7009,-7.423,0.8285,0.0,0.0,128.0,746.0
1330815.0,2.0,-1.9942,16.027,0.06128,-0.9961,-6.926,1.2808,0.0,0.0,128.0,757.0
1330856.0,2.0,-1.7625,6.706,0.01699,-1.1767,-2.006,0.1609,0.0,0.0,128.0,737.0
1330896.0,2.0,-1.6107,3.871,-0.02951,-1.1586,2.794,0.0778,0.0,0.0,128.0,758.0
1330937.0,2.0,-1.5831,0.546,-0.07279,-0.9613,6.794,0.0416,0.0,0.0,128.0,772.0
1330978.0,2.0,-1.4711,1.867,-0.10504,-0.6203,8.877,0.1455,0.0,0.0,128.0,722.0
1331018.0,2.0,-1.8024,-5.898,-0.12218,-0.2548,7.364,0.003,0.0,0.0,128.0,768.0
1331059.0,2.0,-2.1445,-8.253,-0.12791,-0.0562,2.444,-0.114,0.0,0.0,128.0,749.0
1331099.0,2.0,-2.4206,-7.277,-0.12937,-0.0386,-0.878,-0.4242,0.0,0.0,128.0,738.0
1331139.0,2.0,-2.9775,-12.169,-0.13144,-0.0467,1.772,-0.0454,0.0,0.0,128.0,766.0
1331180.0,2.0,2.8578,-11.661,-0.13159,0.0301,1.649,-0.1013,0.0,0.0,128.0,750.0
1331220.0,2.0,2.4912,-9.768,-0.12971,0.0424,-0.262,-0.2137,0.0,0.0,128.0,766.0
1331261.0,2.0,2.3224,-6.116,-0.12773,0.0432,-0.932,-0.4303,0.0,0.0,128.0,763.0
1331302.0,2.0,2.1261,-4.954,-0.12641,0.0337,0.722,-0.3613,0.0,0.0,128.0,731.0
1331342.0,2.0,2.1092,-1.461,-0.12375,0.1326,4.675,-0.4816,0.0,0.0,128.0,745.0
1331383.0,2.0,2.2289,2.061,-0.11332,0.4276,9.595,-0.5679,0.0,0.0,128.0,725.0
1331423.0,2.0,2.5065,6.05,-0.08839,0.8491,9.115,-0.5673,0.0,0.0,128.0,732.0
1331463.0,2.0,2.8379,9.595,-0.04924,1.1153,4.315,-0.3918,0.0,0.0,128.0,748.0
1331504.0,2.0,-2.8501,12.832,-0.00195,1.1997,0.115,0.0723,0.0,0.0,128.0,751.0
1331545.0,2.0,-2.301,13.912,0.04594,1.1437,-3.383,0.6551,0.0,0.0,128.0,765.0
1331586.0,5.0,-1.8853,8.337,0.08831,0.9115,-8.063,0.583,0.0,0.0,128.0,702.0
1331626.0,5.0,-1.7641,4.058,0.11685,0.4992,-10.941,0.583,0.0,0.0,128.0,683.0
1331666.0,5.0,-1.7472,1.238,0.12937,0.16,-6.141,0.583,0.0,0.0,128.0,668.0
1331707.0,5.0,-1.7503,-0.051,0.13223,0.0101,-1.466,0.583,0.0,0.0,128.0,666.0
1331747.0,6.0,-2.123,-9.032,0.13193,-0.0322,-1.5,0.583,0.0,0.0,128.0,711.0
1331790.0,2.0,-2.5832,-12.685,0.12923,-0.1021,-2.58,0.2075,0.0,0.0,128.0,832.0
1331830.0,2.0,3.0894,-15.273,0.12199,-0.3037,-7.38,0.4794,0.0,0.0,128.0,746.0
1331870.0,2.0,2.5035,-14.768,0.10316,-0.6937,-10.98,0.5697,0.0,0.0,128.0,760.0
1331911.0,2.0,2.0218,-13.255,0.06776,-1.0405,-6.06,0.7139,0.0,0.0,128.0,750.0
1331952.0,2.0,1.5309,-12.014,0.02228,-1.1904,-1.279,0.9707,0.0,0.0,128.0,733.0
1331992.0,2.0,1.221,-8.755,-0.02423,-1.1432,3.521,0.8509,0.0,0.0,128.0,759.0
1332032.0,2.0,0.9557,-6.715,-0.06536,-0.9041,8.187,0.8518,0.0,0.0,128.0,753.0
1332073.0,2.0,0.517,-10.245,-0.0966,-0.6684,3.81,1.5815,0.0,0.0,128.0,739.0
1332113.0,2.0,0.4617,-2.526,-0.11876,-0.4176,8.61,0.9331,0.0,0.0,128.0,749.0
1332154.0,2.0,0.1779,-5.862,-0.12791,-0.0278,8.718,1.1998,0.0,0.0,128.0,740.0
1332195.0,2.0,-0.4832,-14.582,-0.12319,0.2386,4.114,2.2046,0.0,0.0,128.0,723.0
1332236.0,2.0,-0.678,-7.308,-0.1104,0.4236,6.655,1.0718,0.0,0.0,128.0,727.0
1332277.0,2.0,-0.9771,-6.457,-0.08715,0.732,6.666,0.8502,0.0,0.0,128.0,757.0
1332318.0,2.0,-1.7288,-14.811,-0.05351,0.9287,4.468,1.1959,0.0,0.0,128.0,738.0
1332359.0,5.0,-2.9314,-24.948,-0.01211,1.1172,3.069,1.9199,0.0,0.0,128.0,700.0
1332399.0,5.0,2.5449,-21.969,0.03311,1.1416,-1.731,1.9199,0.0,0.0,128.0,693.0
1332440.0,5.0,1.8745,-17.269,0.07654,0.9673,-6.651,1.9199,0.0,0.0,128.0,683.0
1332480.0,5.0,1.3438,-13.608,0.10838,0.6028,-11.451,1.9199,0.0,0.0,128.0,669.0
1332521.0,5.0,0.9526,-10.352,0.12446,0.2137,-7.133,1.9199,0.0,0.0,128.0,688.0
1332561.0,5.0,0.7302,-6.521,0.12866,0.0256,-2.457,1.9199,0.0,0.0,128.0,666.0
1332601.0,2.0,0.1779,-12.513,0.1287,-0.022,-2.251,1.9704,0.0,0.0,128.0,706.0
1332641.0,2.0,0.2562,-2.191,0.12488,-0.2105,-7.051,1.0142,0.0,0.0,128.0,723.0
1332681.0,2.0,0.4142,3.328,0.11029,-0.5437,-7.814,0.9913,0.0,0.0,128.0,719.0
1332722.0,2.0,0.5706,4.189,0.08269,-0.8152,-5.378,0.9493,0.0,0.0,128.0,727.0
1332763.0,2.0,0.9633,7.765,0.0465,-0.9584,-2.183,0.952,0.0,0.0,128.0,733.0
1332803.0,2.0,1.511,11.948,0.00818,-0.9635,1.166,0.9555,0.0,0.0,128.0,750.0
1332844.0,2.0,2.1154,14.74,-0.0285,-0.8203,4.93,0.8749,0.0,0.0,128.0,760.0
1332884.0,2.0,2.6814,14.955,-0.0567,-0.5936,6.936,0.4937,0.0,0.0,128.0,752.0
1332925.0,2.0,-2.4314,24.001,-0.07485,-0.3212,4.549,2.8292,0.0,0.0,128.0,772.0
1332966.0,2.0,-1.5861,21.298,-0.0855,-0.2344,0.829,2.8943,0.0,0.0,128.0,751.0
1333007.0,2.0,-0.9004,16.912,-0.09296,-0.0971,5.749,2.5036,0.0,0.0,128.0,751.0
1333048.0,2.0,-0.4479,11.182,-0.09094,0.2419,10.669,1.7116,0.0,0.0,128.0,724.0
1333089.0,2.0,-0.2056,6.846,-0.07301,0.6263,7.045,1.2785,0.0,0.0,128.0,740.0
1333129.0,2.0,-0.0982,4.499,-0.04406,0.8242,3.173,1.1275,0.0,0.0,128.0,743.0
1333170.0,3.0,-0.046,1.883,-0.00941,0.8702,0.678,1.0221,0.0,0.0,128.0,716.0
1333210.0,5.0,0.2838,6.961,0.02655,0.9706,2.118,1.3352,0.0,0.0,128.0,673.0
1333250.0,5.0,0.3881,3.376,0.06518,0.9569,-2.682,1.3352,0.0,0.0,128.0,681.0
1333290.0,5.0,0.856,9.527,0.0996,0.7512,-7.482,1.3352,0.0,0.0,128.0,688.0
1333331.0,5.0,1.2793,11.705,0.12266,0.363,-9.282,1.3352,0.0,0.0,128.0,653.0
1333371.0,5.0,1.9297,15.031,0.13114,0.0888,-4.602,1.3352,0.0,0.0,128.0,666.0
1333411.0,5.0,2.4498,13.644,0.13234,0.0003,-0.074,1.3352,0.0,0.0,128.0,667.0
1333452.0,6.0,-2.8655,19.327,0.13144,-0.0535,-1.5,1.3352,0.0,0.0,128.0,723.0
1333492.0,2.0,-1.8454,23.078,0.12806,-0.1363,-3.78,2.9519,0.0,0.0,128.0,737.0
1333533.0,2.0,-1.5294,13.911,0.11884,-0.3118,-3.18,1.4256,0.0,0.0,128.0,738.0
1333574.0,2.0,-0.9449,13.214,0.1026,-0.5043,-3.772,1.7287,0.0,0.0,128.0,704.0
1333614.0,2.0,-0.7532,7.479,0.07973,-0.6785,-4.457,1.1016,0.0,0.0,128.0,723.0
1333654.0,2.0,-0.9035,-0.314,0.04943,-0.8581,-3.087,0.6794,0.0,0.0,128.0,733.0
1333695.0,2.0,-0.5706,5.807,0.01358,-0.9078,-0.227,1.0224,0.0,0.0,128.0,752.0
1333735.0,2.0,-0.4541,4.185,-0.02108,-0.8238,3.51,1.0221,0.0,0.0,128.0,759.0
1333776.0,3.0,-0.4771,0.299,-0.05141,-0.6875,1.713,0.8889,0.0,0.0,128.0,731.0
1333816.0,5.0,-0.8452,-7.537,-0.07838,-0.6987,-0.207,0.8855,0.0,0.0,128.0,669.0
1333856.0,5.0,-0.9097,-3.657,-0.10485,-0.6086,4.593,0.8855,0.0,0.0,128.0,674.0
1333897.0,5.0,-0.8468,0.908,-0.12443,-0.3186,8.742,0.8855,0.0,0.0,128.0,689.0
1333937.0,5.0,-1.2333,-6.753,-0.13155,-0.0673,3.942,0.8855,0.0,0.0,128.0,674.0
1333978.0,6.0,-1.8392,-12.806,-0.13234,0.0012,0.514,0.8855,0.0,0.0,128.0,696.0
1334018.0,6.0,-2.887,-23.412,-0.13121,0.0591,1.5,0.8855,0.0,0.0,128.0,715.0
1334058.0,2.0,2.7627,-18.198,-0.1275,0.1523,4.26,1.1825,0.0,0.0,128.0,738.0
1334099.0,2.0,2.189,-13.796,-0.11666,0.4148,6.576,0.6629,0.0,0.0,128.0,726.0
1334139.0,2.0,1.7825,-10.874,-0.09626,0.6149,4.104,0.5832,0.0,0.0,128.0,746.0
1334180.0,2.0,1.511,-7.469,-0.06821,0.7945,5.224,0.4347,0.0,0.0,128.0,733.0
1334221.0,2.0,1.3392,-4.788,-0.03263,0.9582,3.09,0.3539,0.0,0.0,128.0,729.0
1334261.0,2.0,1.353,-1.523,0.00675,1.0155,-0.726,0.2762,0.0,0.0,128.0,757.0
1334302.0,2.0,1.4849,2.574,0.04579,0.8825,-5.646,0.139,0.0,0.0,128.0,736.0
1334342.0,2.0,1.6766,4.101,0.07556,0.6187,-6.21,0.0332,0.0,0.0,128.0,768.0
1334382.0,2.0,2.0862,9.05,0.09641,0.4687,-1.41,0.0305,0.0,0.0,128.0,772.0
1334423.0,5.0,2.4406,8.32,0.1146,0.4287,-2.034,-0.1957,0.0,0.0,128.0,674.0
1334463.0,5.0,2.9867,13.019,0.1287,0.2489,-6.834,-0.1957,0.0,0.0,128.0,666.0
1334503.0,5.0,-2.7474,12.63,0.13387,0.0385,-2.954,-0.1957,0.0,0.0,128.0,679.0
1334543.0,6.0,-2.0939,14.986,0.13418,-0.0093,-1.44,-0.1957,0.0,0.0,128.0,707.0
1334584.0,6.0,-2.0555,3.692,0.13256,-0.0708,-1.5,-0.1957,0.0,0.0,128.0,716.0
1334624.0,2.0,-1.7763,5.886,0.12863,-0.1401,-2.94,0.045,0.0,0.0,128.0,744.0
1334664.0,2.0,-1.8392,0.427,0.11963,-0.3561,-7.74,-0.2376,0.0,0.0,128.0,750.0
1334704.0,2.0,-1.9696,-2.676,0.09851,-0.7524,-10.289,-0.3402,0.0,0.0,128.0,753.0
1334745.0,2.0,-2.1583,-4.22,0.06135,-1.0709,-5.369,-0.4371,0.0,0.0,128.0,737.0
1334785.0,2.0,-2.91,-14.601,0.01624,-1.1952,-0.809,0.3742,0.0,0.0,128.0,744.0
1334826.0,5.0,2.8409,-14.834,-0.03199,-1.1815,2.04,-0.4466,0.0,0.0,128.0,677.0
1334866.0,5.0,2.3884,-12.402,-0.07582,-1.0015,6.84,-0.4466,0.0,0.0,128.0,681.0
1334907.0,5.0,2.2365,-4.679,-0.10946,-0.6177,11.76,-0.4466,0.0,0.0,128.0,661.0
1334947.0,5.0,2.2335,-1.517,-0.12578,-0.2291,7.379,-0.4466,0.0,0.0,128.0,670.0
1334988.0,5.0,2.2734,0.335,-0.13039,-0.031,2.702,-0.4466,0.0,0.0,128.0,676.0
1335028.0,6.0,2.324,0.319,-0.13058,0.0138,1.5,-0.4466,0.0,0.0,128.0,707.0
1335068.0,2.0,2.7734,9.137,-0.12874,0.099,3.9,-0.4115,0.0,0.0,128.0,730.0
1335109.0,2.0,-2.9836,12.103,-0.12026,0.3622,8.82,-0.0653,0.0,0.0,128.0,745.0
1335150.0,2.0,-2.5295,12.682,-0.09739,0.7914,9.9,0.2167,0.0,0.0,128.0,735.0
1335191.0,2.0,-1.7365,17.842,-0.05884,1.094,4.98,1.8354,0.0,0.0,128.0,736.0
1335231.0,2.0,-1.3883,9.458,-0.01316,1.1948,0.18,0.7393,0.0,0.0,128.0,738.0
1335271.0,2.0,-0.9327,10.909,0.03277,1.1103,-2.937,1.3257,0.0,0.0,128.0,756.0
1335311.0,2.0,-0.8606,4.273,0.07421,0.9665,-5.756,0.7764,0.0,0.0,128.0,760.0
1335352.0,2.0,-1.0216,-2.046,0.10725,0.6358,-8.75,0.5837,0.0,0.0,128.0,735.0
1335392.0,2.0,-0.8191,2.74,0.12517,0.235,-12.127,0.722,0.0,0.0,128.0,744.0
1335433.0,2.0,-0.744,2.184,0.12517,-0.2373,-10.838,0.7588,0.0,0.0,128.0,723.0
1335473.0,2.0,-0.5231,4.717,0.10826,-0.6095,-7.431,1.0034,0.0,0.0,128.0,735.0
1335513.0,2.0,-0.1243,8.34,0.07973,-0.8094,-2.658,1.4279,0.0,0.0,128.0,731.0
1335553.0,2.0,0.3682,11.775,0.0471,-0.8173,2.142,1.7985,0.0,0.0,128.0,757.0
1335594.0,2.0,0.7179,9.102,0.01646,-0.6982,2.184,1.2632,0.0,0.0,128.0,741.0
1335635.0,2.0,1.0707,8.104,-0.0102,-0.6275,1.351,0.9062,0.0,0.0,128.0,746.0
1335675.0,2.0,1.5754,11.58,-0.03326,-0.5274,3.73,0.8449,0.0,0.0,128.0,767.0
1335716.0,2.0,2.1154,12.557,-0.05017,-0.2714,8.465,0.5114,0.0,0.0,128.0,747.0
1335757.0,2.0,2.8363,16.073,-0.05554,0.0004,7.01,0.6808,0.0,0.0,128.0,730.0
1335797.0,2.0,-2.4099,24.792,-0.05141,0.1824,2.21,3.1801,0.0,0.0,128.0,745.0
1335837.0,2.0,-1.3698,25.324,-0.04373,0.1911,0.29,4.3227,0.0,0.0,128.0,756.0
1335878.0,2.0,-0.8069,15.989,-0.03443,0.3063,5.21,2.3348,0.0,0.0,128.0,732.0
1335919.0,2.0,-0.474,9.769,-0.01684,0.5728,5.33,1.5072,0.0,0.0,128.0,737.0
1335959.0,2.0,-0.2056,7.249,0.00855,0.6876,0.53,1.3154,0.0,0.0,128.0,709.0
1336000.0,2.0,0.1028,7.239,0.0357,0.6399,-1.516,1.3283,0.0,0.0,128.0,725.0
1336041.0,2.0,0.3451,6.819,0.05951,0.5071,-3.999,1.2537,0.0,0.0,128.0,751.0
1336082.0,2.0,0.9649,14.42,0.07793,0.4328,-0.102,1.8675,0.0,0.0,128.0,751.0
1336123.0,2.0,1.5217,13.4,0.09398,0.3253,-5.022,1.1913,0.0,0.0,128.0,749.0
1336163.0,2.0,2.0985,14.297,0.10185,0.0546,-6.477,0.7755,0.0,0.0,128.0,756.0
1336204.0,2.0,2.9038,17.282,0.09832,-0.2451,-6.775,0.9232,0.0,0.0,128.0,722.0
1336244.0,2.0,-2.4881,21.943,0.08381,-0.4872,-6.354,2.2106,0.0,0.0,128.0,743.0
1336285.0,5.0,-1.7595,21.466,0.0588,-0.8133,-8.869,2.4996,0.0,0.0,128.0,673.0
1336325.0,5.0,-1.6368,7.848,0.02006,-1.0785,-4.069,2.4996,0.0,0.0,128.0,673.0
1336365.0,5.0,-1.3959,5.571,-0.02434,-1.1428,0.731,2.4996,0.0,0.0,128.0,668.0
1336406.0,5.0,-1.3837,1.55,-0.06765,-1.0152,5.651,2.4996,0.0,0.0,128.0,653.0
1336446.0,5.0,-1.4588,-1.514,-0.10286,-0.6851,10.451,2.4996,0.0,0.0,128.0,676.0
1336486.0,5.0,-1.5509,-2.95,-0.12169,-0.2789,8.172,2.4996,0.0,0.0,128.0,669.0
1336526.0,5.0,-1.7963,-5.277,-0.12765,-0.0504,3.372,2.4996,0.0,0.0,128.0,675.0
1336568.0,2.0,-2.1491,-7.969,-0.12814,0.0076,0.892,-0.2491,0.0,0.0,128.0,742.0
1336608.0,2.0,-2.8992,-13.586,-0.12731,0.057,3.198,0.2062,0.0,0.0,128.0,723.0
1336648.0,2.0,2.8777,-13.837,-0.12225,0.1926,2.958,0.2451,0.0,0.0,128.0,733.0
1336689.0,2.0,2.4866,-11.203,-0.11273,0.254,0.518,0.0017,0.0,0.0,128.0,740.0
1336729.0,2.0,2.2059,-9.05,-0.1032,0.2128,-0.936,-0.0658,0.0,0.0,128.0,756.0
1336769.0,2.0,2.0663,-5.743,-0.09608,0.1432,-1.253,-0.2493,0.0,0.0,128.0,750.0
1336810.0,2.0,2.0525,-1.948,-0.09049,0.1595,2.206,-0.4158,0.0,0.0,128.0,747.0
1336851.0,2.0,2.1123,0.777,-0.08093,0.3533,7.126,-0.5016,0.0,0.0,128.0,742.0
1336892.0,5.0,2.3654,4.862,-0.05966,0.7356,9.646,-0.5484,0.0,0.0,128.0,681.0
1336932.0,5.0,2.6937,7.53,-0.02449,1.023,4.846,-0.5484,0.0,0.0,128.0,676.0
1336973.0,5.0,3.0051,8.518,0.01837,1.1185,0.046,-0.5484,0.0,0.0,128.0,689.0
1337013.0,5.0,-2.6262,14.332,0.06229,1.017,-4.874,-0.5484,0.0,0.0,128.0,676.0
1337053.0,5.0,-1.9574,15.533,0.09746,0.7237,-9.674,-0.5484,0.0,0.0,128.0,668.0
1337094.0,5.0,-1.9788,2.927,0.1179,0.3122,-8.637,-0.5484,0.0,0.0,128.0,665.0
1337134.0,5.0,-1.9558,1.365,0.12491,0.0613,-3.837,-0.5484,0.0,0.0,128.0,682.0
1337179.0,2.0,-2.255,-5.345,0.12562,-0.0066,-1.221,-0.3543,0.0,0.0,128.0,755.0
1337219.0,2.0,-2.413,-6.476,0.12304,-0.16,-6.141,-0.4507,0.0,0.0,128.0,745.0
1337260.0,2.0,-3.0235,-11.612,0.11029,-0.5151,-11.061,-0.1363,0.0,0.0,128.0,744.0
1337301.0,2.0,2.663,-14.412,0.08081,-0.9291,-7.821,0.4316,0.0,0.0,128.0,752.0
1337342.0,2.0,2.097,-14.02,0.03829,-1.1564,-3.173,0.7495,0.0,0.0,128.0,751.0
1337382.0,2.0,1.695,-11.53,-0.00844,-1.1926,1.248,0.7459,0.0,0.0,128.0,788.0
1337423.0,2.0,1.3484,-8.991,-0.05411,-1.0381,6.168,0.7572,0.0,0.0,128.0,764.0
1337463.0,2.0,1.1397,-5.583,-0.08903,-0.693,10.968,0.6062,0.0,0.0,128.0,776.0
1337504.0,2.0,0.7931,-7.722,-0.10924,-0.3287,7.626,1.1349,0.0,0.0,128.0,748.0
1337545.0,2.0,0.7378,-2.188,-0.11513,0.0679,10.373,0.7588,0.0,0.0,128.0,735.0
1337585.0,2.0,0.1457,-11.901,-0.1053,0.4118,6.334,1.8704,0.0,0.0,128.0,723.0
1337626.0,2.0,0.1304,-3.991,-0.0849,0.5869,4.294,1.0986,0.0,0.0,128.0,734.0
1337667.0,3.0,-0.0522,-3.892,-0.05783,0.728,1.199,1.0941,0.0,0.0,128.0,723.0
1337707.0,3.0,-0.3743,-7.239,-0.02944,0.6776,-3.601,1.2619,0.0,0.0,128.0,723.0
1337747.0,2.0,-0.9004,-12.633,-0.00671,0.4387,-7.201,1.6317,0.0,0.0,128.0,745.0
1337787.0,2.0,-1.0615,-6.439,0.0063,0.2491,-2.401,0.7065,0.0,0.0,128.0,746.0
1337828.0,2.0,-1.0477,-0.689,0.01571,0.2359,-0.292,0.4651,0.0,0.0,128.0,744.0
1337868.0,2.0,-1.8515,-15.654,0.02483,0.2231,-0.571,1.2678,0.0,0.0,128.0,756.0
1337908.0,2.0,-2.594,-22.096,0.03203,0.1202,-2.842,2.2187,0.0,0.0,128.0,772.0
1337949.0,2.0,2.7474,-20.785,0.03593,0.0976,0.893,1.7833,0.0,0.0,128.0,736.0
1337990.0,2.0,2.1292,-17.919,0.04177,0.2135,2.87,1.5758,0.0,0.0,128.0,741.0
1338030.0,2.0,1.6368,-12.55,0.05111,0.2299,-1.93,0.9465,0.0,0.0,128.0,744.0
1338071.0,2.0,1.287,-9.307,0.05764,0.0715,-3.772,0.8624,0.0,0.0,128.0,754.0
1338112.0,2.0,1.06,-6.135,0.05786,-0.0556,-2.659,0.7454,0.0,0.0,128.0,723.0
1338152.0,2.0,0.8882,-4.061,0.05393,-0.1413,-2.024,0.6993,0.0,0.0,128.0,731.0
1338192.0,2.0,0.7547,-3.664,0.04583,-0.2804,-2.598,0.8556,0.0,0.0,128.0,733.0
1338233.0,2.0,1.037,4.825,0.03225,-0.4165,-4.012,0.6683,0.0,0.0,128.0,719.0
1338273.0,2.0,1.31,6.641,0.01309,-0.5513,-2.524,0.5369,0.0,0.0,128.0,728.0
1338313.0,2.0,1.6628,8.403,-0.00967,-0.5792,1.497,0.3702,0.0,0.0,128.0,767.0
1338354.0,2.0,2.1829,11.834,-0.03049,-0.4145,6.417,0.3036,0.0,0.0,128.0,765.0
1338395.0,2.0,2.9207,16.7,-0.0408,-0.072,8.067,0.8015,0.0,0.0,128.0,758.0
1338436.0,2.0,-2.3869,23.764,-0.03863,0.1554,3.147,2.8428,0.0,0.0,128.0,730.0
1338477.0,2.0,-1.4926,22.702,-0.03105,0.2064,1.587,3.4602,0.0,0.0,128.0,728.0
1338518.0,2.0,-0.9127,14.378,-0.0201,0.3748,6.507,1.9423,0.0,0.0,128.0,739.0
1338558.0,2.0,-0.5446,10.319,0.00023,0.655,5.46,1.5554,0.0,0.0,128.0,731.0
1338599.0,2.0,-0.3467,5.817,0.0297,0.7756,0.54,1.1601,0.0,0.0,128.0,730.0
1338639.0,2.0,-0.224,4.778,0.0594,0.6988,-4.26,1.1319,0.0,0.0,128.0,759.0
1338680.0,3.0,0.0215,5.556,0.08438,0.5636,-1.02,1.1949,0.0,0.0,128.0,729.0
1338721.0,5.0,0.543,11.587,0.10639,0.537,-2.46,1.4666,0.0,0.0,128.0,681.0
1338761.0,5.0,1.0723,12.694,0.12476,0.3328,-7.38,1.4666,0.0,0.0,128.0,679.0
1338801.0,5.0,1.6245,13.462,0.13241,0.0757,-4.206,1.4666,0.0,0.0,128.0,661.0
1338843.0,6.0,2.2841,15.77,0.13335,-0.0007,-0.39,1.4666,0.0,0.0,128.0,712.0
1338883.0,6.0,3.117,19.731,0.13226,-0.0576,-1.5,1.4666,0.0,0.0,128.0,708.0
1338924.0,2.0,-2.2503,21.346,0.12885,-0.1255,-2.82,2.2629,0.0,0.0,128.0,744.0
1338964.0,2.0,-1.4588,19.746,0.12037,-0.3034,-3.42,2.7267,0.0,0.0,128.0,736.0
1339004.0,2.0,-1.0324,11.982,0.10609,-0.4162,-2.22,1.4926,0.0,0.0,128.0,731.0
1339045.0,2.0,-0.7164,8.19,0.08659,-0.555,-3.754,1.2198,0.0,0.0,128.0,731.0
1339085.0,2.0,-0.6197,3.147,0.06128,-0.733,-4.171,0.8949,0.0,0.0,128.0,729.0
1339126.0,2.0,-0.5016,1.645,0.02918,-0.8389,-1.334,0.8592,0.0,0.0,128.0,725.0
1339166.0,2.0,-0.1396,7.941,-0.00371,-0.7982,3.358,1.3876,0.0,0.0,128.0,753.0
1339207.0,2.0,0.1887,8.132,-0.03195,-0.5651,6.857,1.3949,0.0,0.0,128.0,744.0
1339248.0,2.0,0.2148,2.26,-0.04999,-0.3381,4.693,1.0013,0.0,0.0,128.0,744.0
1339289.0,3.0,0.0966,-1.976,-0.0603,-0.1969,1.232,1.02,0.0,0.0,128.0,707.0
1339329.0,3.0,0.2531,2.828,-0.06701,-0.1135,4.288,1.0187,0.0,0.0,128.0,716.0
1339370.0,3.0,0.2439,0.382,-0.06683,0.1594,7.605,0.9713,0.0,0.0,128.0,698.0
1339410.0,3.0,0.3651,2.018,-0.05456,0.4999,10.725,0.9598,0.0,0.0,128.0,705.0
1339451.0,5.0,0.2945,-0.845,-0.02636,0.8742,6.765,0.9588,0.0,0.0,128.0,674.0
1339491.0,5.0,0.2684,-0.732,0.01204,1.0464,1.965,0.9588,0.0,0.0,128.0,659.0
1339531.0,5.0,0.3206,0.867,0.05351,1.0266,-2.835,0.9588,0.0,0.0,128.0,673.0
1339571.0,5.0,0.566,4.579,0.0906,0.8148,-7.635,0.9588,0.0,0.0,128.0,668.0
1339612.0,5.0,0.902,8.174,0.1161,0.4143,-9.915,0.9588,0.0,0.0,128.0,669.0
1339652.0,5.0,1.3714,10.431,0.12611,0.1148,-5.236,0.9588,0.0,0.0,128.0,667.0
1339692.0,5.0,1.9528,14.15,0.12788,0.002,-0.685,0.9588,0.0,0.0,128.0,682.0
1339732.0,2.0,2.5019,13.871,0.12705,-0.0746,-4.177,0.4131,0.0,0.0,128.0,730.0
1339773.0,2.0,-2.8839,19.266,0.11936,-0.3492,-9.097,1.3709,0.0,0.0,128.0,760.0
1339814.0,2.0,-2.1353,19.361,0.09683,-0.7879,-9.929,1.8733,0.0,0.0,128.0,726.0
1339854.0,2.0,-1.7395,10.468,0.05944,-1.0867,-5.129,0.5299,0.0,0.0,128.0,744.0
1339895.0,2.0,-1.6506,2.753,0.0129,-1.1937,-0.209,-0.0028,0.0,0.0,128.0,737.0
1339935.0,2.0,-1.4788,3.82,-0.033,-1.1154,3.391,0.2097,0.0,0.0,128.0,744.0
1339976.0,2.0,-1.646,-1.574,-0.07399,-0.8774,7.679,0.0141,0.0,0.0,128.0,754.0
1340017.0,2.0,-1.7135,-3.924,-0.10298,-0.5451,8.184,0.0015,0.0,0.0,128.0,770.0
1340058.0,2.0,-2.008,-5.997,-0.11974,-0.3129,3.264,-0.1847,0.0,0.0,128.0,766.0
1340099.0,5.0,-2.1844,-3.817,-0.13013,-0.2009,4.512,-0.0935,0.0,0.0,128.0,683.0
1340139.0,5.0,-2.7136,-9.404,-0.13432,-0.0237,2.294,-0.0935,0.0,0.0,128.0,670.0
1340179.0,6.0,-3.1278,-9.924,-0.1344,0.019,1.5,-0.0935,0.0,0.0,128.0,710.0
1340219.0,6.0,2.709,-11.605,-0.13252,0.079,1.5,-0.0935,0.0,0.0,128.0,711.0
1340259.0,2.0,2.4467,-8.496,-0.12833,0.1264,-0.18,-0.3163,0.0,0.0,128.0,751.0
1340299.0,2.0,2.2611,-5.832,-0.12416,0.0727,-1.224,-0.4385,0.0,0.0,128.0,771.0
1340339.0,2.0,2.3347,-0.548,-0.12165,0.0788,2.25,-0.6817,0.0,0.0,128.0,737.0
1340380.0,2.0,2.3838,0.721,-0.11531,0.2744,7.17,-0.7155,0.0,0.0,128.0,751.0
1340421.0,2.0,2.5786,3.819,-0.09716,0.6693,11.13,-0.7425,0.0,0.0,128.0,745.0
1340462.0,2.0,3.0235,9.24,-0.06262,1.0257,6.45,-0.447,0.0,0.0,128.0,751.0
1340503.0,2.0,-2.8394,10.789,-0.01736,1.1882,1.626,-0.218,0.0,0.0,128.0,738.0
1340544.0,5.0,-2.2059,15.821,0.03094,1.1836,-1.92,-0.1286,0.0,0.0,128.0,688.0
1340584.0,5.0,-1.9466,9.247,0.075,1.0084,-6.72,-0.1286,0.0,0.0,128.0,690.0
1340625.0,5.0,-1.7395,4.285,0.10838,0.6412,-11.52,-0.1286,0.0,0.0,128.0,693.0
1340665.0,5.0,-1.7411,-0.363,0.1257,0.2366,-7.499,-0.1286,0.0,0.0,128.0,681.0
1340705.0,5.0,-1.7656,-0.602,0.1305,0.0337,-2.823,-0.1286,0.0,0.0,128.0,667.0
1340746.0,6.0,-2.0003,-4.076,0.13072,-0.0123,-1.5,-0.1286,0.0,0.0,128.0,701.0
1340786.0,2.0,-2.4927,-12.375,0.12904,-0.0886,-3.42,0.2058,0.0,0.0,128.0,743.0
1340826.0,2.0,-3.1094,-15.098,0.12169,-0.3238,-8.22,0.4408,0.0,0.0,128.0,734.0
1340867.0,2.0,2.5817,-15.325,0.10076,-0.7464,-10.336,0.6406,0.0,0.0,128.0,724.0
1340907.0,2.0,2.0095,-14.752,0.06469,-1.0614,-5.536,0.9767,0.0,0.0,128.0,742.0
1340948.0,2.0,1.514,-12.705,0.01886,-1.185,-0.616,1.0928,0.0,0.0,128.0,738.0
1340988.0,2.0,1.175,-9.465,-0.02704,-1.1113,4.184,0.9739,0.0,0.0,128.0,752.0
1341028.0,2.0,0.8744,-7.646,-0.06638,-0.8671,6.992,1.0083,0.0,0.0,128.0,756.0
1341069.0,5.0,0.2684,-13.592,-0.09634,-0.6808,3.217,2.2783,0.0,0.0,128.0,681.0
1341109.0,5.0,0.2132,-3.919,-0.11992,-0.4455,8.137,2.2783,0.0,0.0,128.0,686.0
1341149.0,5.0,-0.1319,-7.433,-0.13106,-0.1355,5.665,2.2783,0.0,0.0,128.0,648.0
1341189.0,5.0,-0.5568,-10.01,-0.13331,-0.0051,0.988,2.2783,0.0,0.0,128.0,655.0
1341229.0,6.0,-0.9035,-9.378,-0.13286,0.0369,1.5,2.2783,0.0,0.0,128.0,710.0
1341269.0,6.0,-1.5493,-14.188,-0.13027,0.0969,1.5,2.2783,0.0,0.0,128.0,709.0
1341309.0,2.0,-2.4467,-20.594,-0.12424,0.2458,6.06,1.9518,0.0,0.0,128.0,744.0
1341350.0,2.0,2.844,-23.283,-0.10811,0.5976,10.98,2.4774,0.0,0.0,128.0,747.0
1341390.0,2.0,2.3562,-15.007,-0.0768,0.9754,7.14,0.7584,0.0,0.0,128.0,732.0
1341430.0,2.0,1.965,-10.278,-0.03427,1.1626,2.34,0.3334,0.0,0.0,128.0,747.0
1341470.0,2.0,1.7196,-6.443,0.012,1.1578,-2.46,0.1212,0.0,0.0,128.0,766.0
1341510.0,2.0,1.5938,-4.052,0.05438,0.9659,-6.347,0.1002,0.0,0.0,128.0,765.0
1341551.0,2.0,1.5892,-0.874,0.08775,0.6642,-8.368,0.0041,0.0,0.0,128.0,767.0
1341592.0,2.0,1.7165,2.335,0.10759,0.3136,-7.906,-0.0977,0.0,0.0,128.0,766.0
1341633.0,2.0,1.9037,4.008,0.1149,0.0669,-4.022,-0.2125,0.0,0.0,128.0,738.0
1341673.0,2.0,2.327,9.233,0.11573,0.0004,-0.181,-0.1391,0.0,0.0,128.0,767.0
1341713.0,0.0,2.7228,9.154,0.11573,0.0,0.0,-0.1915,0.0,0.0,128.0,542.0
1341754.0,0.0,-3.002,13.292,0.11573,0.0,0.0,-0.1915,0.0,0.0,128.0,549.0
1341794.0,0.0,-2.5219,11.511,0.11573,0.0,0.0,-0.1915,0.0,0.0,128.0,550.0
1341834.0,0.0,-1.9436,9.965,0.11573,0.0,0.0,-0.1915,0.0,0.0,128.0,556.0
1341874.0,0.0,-1.6076,8.199,0.11573,0.0,0.0,-0.1915,0.0,0.0,128.0,565.0
1341915.0,0.0,-1.4742,4.686,0.11573,0.0,0.0,-0.1915,0.0,0.0,128.0,557.0
1341955.0,0.0,-1.468,0.249,0.11573,0.0,0.0,-0.1915,0.0,0.0,128.0,551.0
1341995.0,0.0,-1.4956,-0.655,0.11573,0.0,0.0,-0.1915,0.0,0.0,128.0,549.0
1342035.0,0.0,-1.695,-3.838,0.11573,0.0,0.0,-0.1915,0.0,0.0,128.0,555.0
1342076.0,0.0,-1.8653,-6.334,0.11573,0.0,0.0,-0.1915,0.0,0.0,128.0,550.0
1342116.0,0.0,-2.775,-16.452,0.11573,0.0,0.0,-0.1915,0.0,0.0,128.0,557.0
1342156.0,0.0,3.0787,-13.172,0.11573,0.0,0.0,-0.1915,0.0,0.0,128.0,564.0
1342197.0,0.0,2.5648,-12.874,0.11573,0.0,0.0,-0.1915,0.0,0.0,128.0,564.0
1342237.0,0.0,2.1982,-9.213,0.11573,0.0,0.0,-0.1915,0.0,0.0,128.0,550.0
1342277.0,0.0,1.9804,-6.093,0.11573,0.0,0.0,-0.1915,0.0,0.0,128.0,555.0
1342318.0,0.0,1.8561,-3.626,0.11573,0.0,0.0,-0.1915,0.0,0.0,128.0,556.0
1342358.0,0.0,1.8454,-0.964,0.11573,0.0,0.0,-0.1915,0.0,0.0,128.0,557.0
1342398.0,0.0,1.9451,1.808,0.11573,0.0,0.0,-0.1915,0.0,0.0,128.0,556.0
1342438.0,0.0,2.1598,4.644,0.11573,0.0,0.0,-0.1915,0.0,0.0,128.0,564.0
1342479.0,0.0,2.4206,6.665,0.11573,0.0,0.0,-0.1915,0.0,0.0,128.0,564.0
1342519.0,0.0,2.8087,8.878,0.11573,0.0,0.0,-0.1915,0.0,0.0,128.0,556.0
1342559.0,0.0,-2.8379,15.134,0.11573,0.0,0.0,-0.1915,0.0,0.0,128.0,556.0
1342600.0,0.0,-2.3853,13.488,0.11573,0.0,0.0,-0.1915,0.0,0.0,128.0,557.0
1342640.0,0.0,-1.8178,13.515,0.11573,0.0,0.0,-0.1915,0.0,0.0,128.0,571.0
1342680.0,0.0,-1.7917,5.132,0.11573,0.0,0.0,-0.1915,0.0,0.0,128.0,555.0
1342721.0,0.0,-1.6674,2.506,0.11573,0.0,0.0,-0.1915,0.0,0.0,128.0,549.0
1342761.0,0.0,-1.6322,1.092,0.11573,0.0,0.0,-0.1915,0.0,0.0,128.0,559.0
1342801.0,0.0,-1.7856,-2.536,0.11573,0.0,0.0,-0.1915,0.0,0.0,128.0,570.0
1342841.0,0.0,-1.9359,-3.252,0.11573,0.0,0.0,-0.1915,0.0,0.0,128.0,555.0
1342882.0,0.0,-2.5756,-12.799,0.11573,0.0,0.0,-0.1915,0.0,0.0,128.0,550.0
1342922.0,0.0,-2.9452,-10.051,0.11573,0.0,0.0,-0.1915,0.0,0.0,128.0,571.0
1342962.0,0.0,2.8655,-10.619,0.11573,0.0,0.0,-0.1915,0.0,0.0,128.0,556.0
1343003.0,0.0,2.5219,-9.736,0.11573,0.0,0.0,-0.1915,0.0,0.0,128.0,556.0
1343043.0,0.0,2.1951,-7.332,0.11573,0.0,0.0,-0.1915,0.0,0.0,128.0,557.0
1343083.0,0.0,2.0371,-4.212,0.11573,0.0,0.0,-0.1915,0.0,0.0,128.0,556.0
1343123.0,0.0,2.0018,-1.55,0.11573,0.0,0.0,-0.1915,0.0,0.0,128.0,556.0
1343164.0,0.0,2.0647,0.861,0.11573,0.0,0.0,-0.1915,0.0,0.0,128.0,556.0
1343204.0,0.0,2.2243,3.351,0.11573,0.0,0.0,-0.1915,0.0,0.0,128.0,557.0
1343244.0,0.0,2.5142,6.374,0.11573,0.0,0.0,-0.1915,0.0,0.0,128.0,571.0
1343284.0,0.0,2.7857,6.509,0.11573,0.0,0.0,-0.1915,0.0,0.0,128.0,557.0
1343325.0,0.0,-2.9575,12.345,0.11573,0.0,0.0,-0.1915,0.0,0.0,128.0,556.0
1343365.0,0.0,-2.5096,10.978,0.11573,0.0,0.0,-0.1915,0.0,0.0,128.0,563.0
1343405.0,0.0,-2.3838,4.189,0.11573,0.0,0.0,-0.1915,0.0,0.0,128.0,557.0
1343445.0,0.0,-1.6552,15.403,0.11573,0.0,0.0,-0.1915,0.0,0.0,128.0,556.0
1343485.0,0.0,-1.8147,0.599,0.11573,0.0,0.0,-0.1915,0.0,0.0,128.0,564.0
1343526.0,0.0,-1.7963,0.74,0.11573,0.0,0.0,-0.1915,0.0,0.0,128.0,565.0
1343566.0,0.0,-1.988,-3.445,0.11573,0.0,0.0,-0.1915,0.0,0.0,128.0,563.0
1343606.0,0.0,-2.0985,-2.702,0.11573,0.0,0.0,-0.1915,0.0,0.0,128.0,556.0
1343647.0,0.0,-2.6707,-11.624,0.11573,0.0,0.0,-0.1915,0.0,0.0,128.0,556.0
1343687.0,0.0,-2.979,-8.663,0.11573,0.0,0.0,-0.1915,0.0,0.0,128.0,557.0
1343727.0,0.0,2.8348,-10.247,0.11573,0.0,0.0,-0.1915,0.0,0.0,128.0,564.0
1343768.0,0.0,2.5004,-9.399,0.11573,0.0,0.0,-0.1915,0.0,0.0,128.0,565.0
1343808.0,0.0,2.3071,-5.914,0.11573,0.0,0.0,-0.1915,0.0,0.0,128.0,550.0
1343848.0,0.0,2.143,-4.049,0.11573,0.0,0.0,-0.1915,0.0,0.0,128.0,556.0
1343889.0,0.0,2.1445,-0.44,0.11573,0.0,0.0,-0.1915,0.0,0.0,128.0,550.0
1343929.0,0.0,2.2227,1.446,0.11573,0.0,0.0,-0.1915,0.0,0.0,128.0,556.0
1343969.0,0.0,2.3961,3.707,0.11573,0.0,0.0,-0.1915,0.0,0.0,128.0,557.0
1344009.0,0.0,2.6569,6.032,0.11573,0.0,0.0,-0.1915,0.0,0.0,128.0,557.0
1344049.0,0.0,2.9913,7.603,0.11573,0.0,0.0,-0.1915,0.0,0.0,128.0,550.0
1344089.0,0.0,-2.7995,12.048,0.11573,0.0,0.0,-0.1915,0.0,0.0,128.0,557.0
1344130.0,0.0,-2.4114,10.05,0.11573,0.0,0.0,-0.1915,0.0,0.0,128.0,556.0
1344170.0,0.0,-2.3853,2.155,0.11573,0.0,0.0,-0.1915,0.0,0.0,128.0,557.0
1344210.0,0.0,-2.0387,6.273,0.11573,0.0,0.0,-0.1915,0.0,0.0,128.0,556.0
1344251.0,0.0,-1.9021,4.127,0.11573,0.0,0.0,-0.1915,0.0,0.0,128.0,555.0
1344291.0,0.0,-2.0341,-1.664,0.11573,0.0,0.0,-0.1915,0.0,0.0,128.0,556.0
1344331.0,0.0,-2.2181,-4.492,0.11573,0.0,0.0,-0.1915,0.0,0.0,128.0,571.0
1344371.0,0.0,-2.4666,-5.726,0.11573,0.0,0.0,-0.1915,0.0,0.0,128.0,556.0
1344412.0,0.0,-2.8471,-8.947,0.11573,0.0,0.0,-0.1915,0.0,0.0,128.0,550.0
1344452.0,0.0,3.0848,-9.095,0.11573,0.0,0.0,-0.1915,0.0,0.0,128.0,556.0
1344492.0,0.0,2.6676,-9.893,0.11573,0.0,0.0,-0.1915,0.0,0.0,128.0,552.0
1344532.0,0.0,2.4176,-6.816,0.11573,0.0,0.0,-0.1915,0.0,0.0,128.0,571.0
1344572.0,0.0,2.3056,-4.191,0.11573,0.0,0.0,-0.1915,0.0,0.0,128.0,556.0
1344613.0,0.0,2.2795,-1.898,0.11573,0.0,0.0,-0.1915,0.0,0.0,128.0,551.0
1344653.0,0.0,2.2948,0.049,0.11573,0.0,0.0,-0.1915,0.0,0.0,128.0,557.0
1344693.0,0.0,2.4083,2.269,0.11573,0.0,0.0,-0.1915,0.0,0.0,128.0,564.0
1344734.0,0.0,2.6032,4.336,0.11573,0.0,0.0,-0.1915,0.0,0.0,128.0,564.0
1344774.0,0.0,2.8287,5.05,0.11573,0.0,0.0,-0.1915,0.0,0.0,128.0,556.0
1344814.0,0.0,-3.0557,9.645,0.11573,0.0,0.0,-0.1915,0.0,0.0,128.0,556.0
1344855.0,0.0,-2.7136,9.664,0.11573,0.0,0.0,-0.1915,0.0,0.0,128.0,556.0
1344895.0,0.0,-2.4605,6.333,0.11573,0.0,0.0,-0.1915,0.0,0.0,128.0,551.0
1344935.0,0.0,-2.0049,11.708,0.11573,0.0,0.0,-0.1915,0.0,0.0,128.0,563.0
1344976.0,0.0,-2.1583,-0.7,0.11573,0.0,0.0,-0.1915,0.0,0.0,128.0,564.0
1345016.0,0.0,-2.1353,0.516,0.11573,0.0,0.0,-0.1915,0.0,0.0,128.0,550.0
1345056.0,0.0,-2.2488,-2.032,0.11573,0.0,0.0,-0.1915,0.0,0.0,128.0,556.0
1345097.0,0.0,-2.5234,-5.646,0.11573,0.0,0.0,-0.1915,0.0,0.0,128.0,557.0
1345137.0,0.0,-2.867,-8.256,0.11573,0.0,0.0,-0.1915,0.0,0.0,128.0,557.0
1345177.0,0.0,-3.068,-5.09,0.11573,0.0,0.0,-0.1915,0.0,0.0,128.0,556.0
1345218.0,0.0,2.7964,-8.927,0.11573,0.0,0.0,-0.1915,0.0,0.0,128.0,549.0
1345258.0,0.0,2.594,-6.149,0.11573,0.0,0.0,-0.1915,0.0,0.0,128.0,550.0
1345298.0,0.0,2.4329,-4.909,0.11573,0.0,0.0,-0.1915,0.0,0.0,128.0,556.0
1345338.0,0.0,2.3363,-3.165,0.11573,0.0,0.0,-0.1915,0.0,0.0,128.0,556.0
1345378.0,0.0,2.3869,0.716,0.11573,0.0,0.0,-0.1915,0.0,0.0,128.0,557.0
1345418.0,0.0,2.4897,2.318,0.11573,0.0,0.0,-0.1915,0.0,0.0,128.0,550.0
1345458.0,0.0,2.6661,3.96,0.11573,0.0,0.0,-0.1915,0.0,0.0,128.0,558.0
1345499.0,0.0,2.7765,3.235,0.11573,0.0,0.0,-0.1915,0.0,0.0,128.0,550.0
1345539.0,0.0,-3.091,8.676,0.11573,0.0,0.0,-0.1915,0.0,0.0,128.0,556.0
1345579.0,0.0,-2.7949,7.52,0.11573,0.0,0.0,-0.1915,0.0,0.0,128.0,557.0
1345619.0,0.0,-2.7136,3.159,0.11573,0.0,0.0,-0.1915,0.0,0.0,128.0,556.0
1345659.0,0.0,-2.3132,8.305,0.11573,0.0,0.0,-0.1915,0.0,0.0,128.0,550.0
1345699.0,0.0,-2.011,8.983,0.11573,0.0,0.0,-0.1915,0.0,0.0,128.0,555.0
1345740.0,0.0,-2.3178,-4.077,0.11573,0.0,0.0,-0.1915,0.0,0.0,128.0,556.0
1345780.0,0.0,-2.436,-3.439,0.11573,0.0,0.0,-0.1915,0.0,0.0,128.0,558.0
1345820.0,0.0,-2.5786,-3.528,0.11573,0.0,0.0,-0.1915,0.0,0.0,128.0,564.0
1345860.0,0.0,-2.8363,-5.905,0.11573,0.0,0.0,-0.1915,0.0,0.0,128.0,564.0
1345901.0,0.0,-3.0894,-6.204,0.11573,0.0,0.0,-0.1915,0.0,0.0,128.0,557.0
1345941.0,0.0,2.91,-6.761,0.11573,0.0,0.0,-0.1915,0.0,0.0,128.0,558.0
1345981.0,0.0,2.7121,-5.277,0.11573,0.0,0.0,-0.1915,0.0,0.0,128.0,550.0
1346021.0,0.0,2.4574,-6.308,0.11573,0.0,0.0,-0.1915,0.0,0.0,128.0,557.0
1346062.0,0.0,2.4636,-1.739,0.11573,0.0,0.0,-0.1915,0.0,0.0,128.0,556.0
1346102.0,0.0,2.5019,0.52,0.11573,0.0,0.0,-0.1915,0.0,0.0,128.0,552.0
1346142.0,0.0,2.5786,1.751,0.11573,0.0,0.0,-0.1915,0.0,0.0,128.0,571.0
1346182.0,0.0,2.7121,3.078,0.11573,0.0,0.0,-0.1915,0.0,0.0,128.0,556.0
1346223.0,0.0,2.8379,3.011,0.11573,0.0,0.0,-0.1915,0.0,0.0,128.0,556.0
1346263.0,0.0,-3.094,7.534,0.11573,0.0,0.0,-0.1915,0.0,0.0,128.0,557.0
1346303.0,0.0,-2.7796,7.683,0.11573,0.0,0.0,-0.1915,0.0,0.0,128.0,556.0
1346343.0,0.0,-2.755,2.158,0.11573,0.0,0.0,-0.1915,0.0,0.0,128.0,556.0
1346384.0,0.0,-2.4114,7.28,0.11573,0.0,0.0,-0.1915,0.0,0.0,128.0,557.0
1346424.0,0.0,-2.3531,2.499,0.11573,0.0,0.0,-0.1915,0.0,0.0,128.0,557.0
1346464.0,0.0,-2.4605,-1.233,0.11573,0.0,0.0,-0.1915,0.0,0.0,128.0,557.0
1346504.0,0.0,-2.551,-1.955,0.11573,0.0,0.0,-0.1915,0.0,0.0,128.0,556.0
1346544.0,0.0,-2.7274,-3.932,0.11573,0.0,0.0,-0.1915,0.0,0.0,128.0,550.0
1346585.0,0.0,-2.9222,-4.871,0.11573,0.0,0.0,-0.1915,0.0,0.0,128.0,556.0
1346625.0,0.0,3.1385,-5.336,0.11573,0.0,0.0,-0.1915,0.0,0.0,128.0,562.0
1346665.0,0.0,2.9038,-5.893,0.11573,0.0,0.0,-0.1915,0.0,0.0,128.0,557.0
1346705.0,0.0,2.729,-4.599,0.11573,0.0,0.0,-0.1915,0.0,0.0,128.0,556.0
1346745.0,0.0,2.5541,-4.636,0.11573,0.0,0.0,-0.1915,0.0,0.0,128.0,556.0
1346786.0,0.0,2.4636,-3.718,0.11573,0.0,0.0,-0.1915,0.0,0.0,128.0,556.0
1346826.0,0.0,2.6093,2.102,0.11573,0.0,0.0,-0.1915,0.0,0.0,128.0,556.0
1346866.0,0.0,2.7013,2.443,0.11573,0.0,0.0,-0.1915,0.0,0.0,128.0,571.0
1346906.0,0.0,2.8225,2.979,0.11573,0.0,0.0,-0.1915,0.0,0.0,128.0,556.0
1346947.0,0.0,2.9314,2.623,0.11573,0.0,0.0,-0.1915,0.0,0.0,128.0,556.0
1346987.0,0.0,-3.0726,6.091,0.11573,0.0,0.0,-0.1915,0.0,0.0,128.0,557.0
1347027.0,0.0,-2.8072,6.827,0.11573,0.0,0.0,-0.1915,0.0,0.0,128.0,550.0
1347068.0,0.0,-2.7059,2.933,0.11573,0.0,0.0,-0.1915,0.0,0.0,128.0,556.0
1347108.0,0.0,-2.4605,5.299,0.11573,0.0,0.0,-0.1915,0.0,0.0,128.0,552.0
1347148.0,0.0,-2.4513,0.978,0.11573,0.0,0.0,-0.1915,0.0,0.0,128.0,571.0
1347188.0,0.0,-2.6108,-3.219,0.11573,0.0,0.0,-0.1915,0.0,0.0,128.0,556.0
1347229.0,0.0,-2.7044,-2.881,0.11573,0.0,0.0,-0.1915,0.0,0.0,128.0,550.0
1347269.0,0.0,-2.8394,-3.245,0.11573,0.0,0.0,-0.1915,0.0,0.0,128.0,557.0
1347309.0,0.0,-2.9698,-3.003,0.11573,0.0,0.0,-0.1915,0.0,0.0,128.0,564.0
1347350.0,0.0,3.0465,-6.279,0.11573,0.0,0.0,-0.1915,0.0,0.0,128.0,564.0
1347390.0,0.0,2.8394,-5.625,0.11573,0.0,0.0,-0.1915,0.0,0.0,128.0,556.0
1347430.0,0.0,2.7627,-2.464,0.11573,0.0,0.0,-0.1915,0.0,0.0,128.0,556.0
1347471.0,0.0,2.6001,-3.829,0.11573,0.0,0.0,-0.1915,0.0,0.0,128.0,550.0
1347511.0,0.0,2.6032,-0.597,0.11573,0.0,0.0,-0.1915,0.0,0.0,128.0,557.0
1347551.0,0.0,2.7182,2.185,0.11573,0.0,0.0,-0.1915,0.0,0.0,128.0,557.0
1347591.0,0.0,2.8287,2.639,0.11573,0.0,0.0,-0.1915,0.0,0.0,128.0,556.0
1347631.0,0.0,2.9422,2.857,0.11573,0.0,0.0,-0.1915,0.0,0.0,128.0,556.0
1347672.0,0.0,2.9913,1.385,0.11573,0.0,0.0,-0.1915,0.0,0.0,128.0,556.0
1347712.0,0.0,-2.9851,6.216,0.11573,0.0,0.0,-0.1915,0.0,0.0,128.0,557.0
1347752.0,0.0,-2.7075,7.066,0.11573,0.0,0.0,-0.1915,0.0,0.0,128.0,556.0
1347793.0,0.0,-2.6354,2.553,0.11573,0.0,0.0,-0.1915,0.0,0.0,128.0,550.0
1347833.0,0.0,-2.5863,1.52,0.11573,0.0,0.0,-0.1915,0.0,0.0,128.0,571.0
1347873.0,0.0,-2.5019,1.8,0.11573,0.0,0.0,-0.1915,0.0,0.0,128.0,556.0
1347914.0,0.0,-2.7121,-3.923,0.11573,0.0,0.0,-0.1915,0.0,0.0,128.0,556.0
1347954.0,0.0,-2.844,-3.238,0.11573,0.0,0.0,-0.1915,0.0,0.0,128.0,556.0
1347994.0,0.0,-2.9729,-3.301,0.11573,0.0,0.0,-0.1915,0.0,0.0,128.0,571.0
1348034.0,0.0,-3.091,-2.73,0.11573,0.0,0.0,-0.1915,0.0,0.0,128.0,550.0
1348075.0,0.0,2.9637,-5.348,0.11573,0.0,0.0,-0.1915,0.0,0.0,128.0,556.0
1348115.0,0.0,2.7842,-4.905,0.11573,0.0,0.0,-0.1915,0.0,0.0,128.0,552.0
1348155.0,0.0,2.7949,-0.454,0.11573,0.0,0.0,-0.1915,0.0,0.0,128.0,564.0
1348196.0,0.0,2.6569,-2.564,0.11573,0.0,0.0,-0.1915,0.0,0.0,128.0,564.0
1348236.0,0.0,2.7029,0.575,0.11573,0.0,0.0,-0.1915,0.0,0.0,128.0,557.0
1348276.0,0.0,2.8486,2.915,0.11573,0.0,0.0,-0.1915,0.0,0.0,128.0,549.0
1348316.0,0.0,2.9744,3.081,0.11573,0.0,0.0,-0.1915,0.0,0.0,128.0,556.0
1348357.0,0.0,3.0327,1.985,0.11573,0.0,0.0,-0.1915,0.0,0.0,128.0,556.0
1348397.0,0.0,-3.0864,3.666,0.11573,0.0,0.0,-0.1915,0.0,0.0,128.0,562.0
1348437.0,0.0,-2.9115,4.742,0.11573,0.0,0.0,-0.1915,0.0,0.0,128.0,557.0
1348477.0,0.0,-2.6829,5.608,0.11573,0.0,0.0,-0.1915,0.0,0.0,128.0,556.0
1348517.0,0.0,-2.7642,-0.998,0.11573,0.0,0.0,-0.1915,0.0,0.0,128.0,550.0
1348557.0,0.0,-2.5817,3.517,0.11573,0.0,0.0,-0.1915,0.0,0.0,128.0,556.0
1348598.0,0.0,-2.6952,-1.785,0.11573,0.0,0.0,-0.1915,0.0,0.0,128.0,556.0
1348638.0,0.0,-2.8578,-4.133,0.11573,0.0,0.0,-0.1915,0.0,0.0,128.0,557.0
1348678.0,0.0,-2.9836,-3.33,0.11573,0.0,0.0,-0.1915,0.0,0.0,128.0,564.0
1348719.0,0.0,-3.068,-2.381,0.11573,0.0,0.0,-0.1915,0.0,0.0,128.0,557.0
1348759.0,0.0,3.0664,-3.497,0.11573,0.0,0.0,-0.1915,0.0,0.0,128.0,558.0
1348799.0,0.0,2.9069,-4.278,0.11573,0.0,0.0,-0.1915,0.0,0.0,128.0,556.0
1348839.0,0.0,2.7704,-3.847,0.11573,0.0,0.0,-0.1915,0.0,0.0,128.0,556.0
1348880.0,0.0,2.8363,0.993,0.11573,0.0,0.0,-0.1915,0.0,0.0,128.0,556.0
1348920.0,0.0,2.7259,-1.679,0.11573,0.0,0.0,-0.1915,0.0,0.0,128.0,556.0
1348960.0,0.0,2.8455,2.141,0.11573,0.0,0.0,-0.1915,0.0,0.0,128.0,556.0
1349000.0,0.0,2.9805,3.308,0.11573,0.0,0.0,-0.1915,0.0,0.0,128.0,571.0
1349040.0,0.0,3.0818,2.801,0.11573,0.0,0.0,-0.1915,0.0,0.0,128.0,556.0
1349081.0,0.0,3.0434,-0.234,0.11573,0.0,0.0,-0.1915,0.0,0.0,128.0,556.0
1349121.0,0.0,-2.9498,5.213,0.11573,0.0,0.0,-0.1915,0.0,0.0,128.0,551.0
1349161.0,0.0,-2.8716,2.42,0.11573,0.0,0.0,-0.1915,0.0,0.0,128.0,564.0
1349202.0,0.0,-2.7443,3.003,0.11573,0.0,0.0,-0.1915,0.0,0.0,128.0,564.0
1349242.0,0.0,-2.7382,0.266,0.11573,0.0,0.0,-0.1915,0.0,0.0,128.0,557.0
1349282.0,0.0,-2.6829,1.468,0.11573,0.0,0.0,-0.1915,0.0,0.0,128.0,577.0
1349322.0,0.0,-2.8823,-3.804,0.11573,0.0,0.0,-0.1915,0.0,0.0,128.0,550.0
1349363.0,0.0,-2.9959,-2.962,0.11573,0.0,0.0,-0.1915,0.0,0.0,128.0,556.0
1349403.0,0.0,-3.0787,-2.253,0.11573,0.0,0.0,-0.1915,0.0,0.0,128.0,558.0
1349443.0,0.0,-3.1124,-0.728,0.11573,0.0,0.0,-0.1915,0.0,0.0,128.0,557.0
1349483.0,0.0,2.9606,-4.39,0.11573,0.0,0.0,-0.1915,0.0,0.0,128.0,557.0
1349523.0,0.0,2.8962,-1.962,0.11573,0.0,0.0,-0.1915,0.0,0.0,128.0,564.0
1349564.0,0.0,2.9115,-0.286,0.11573,0.0,0.0,-0.1915,0.0,0.0,128.0,565.0
1349604.0,0.0,2.7903,-2.396,0.11573,0.0,0.0,-0.1915,0.0,0.0,128.0,563.0
1349644.0,0.0,2.8103,-0.575,0.11573,0.0,0.0,-0.1915,0.0,0.0,128.0,558.0
1349685.0,0.0,2.9913,3.563,0.11573,0.0,0.0,-0.1915,0.0,0.0,128.0,549.0
1349725.0,0.0,3.1017,2.964,0.11573,0.0,0.0,-0.1915,0.0,0.0,128.0,556.0
1349765.0,0.0,3.1094,0.743,0.11573,0.0,0.0,-0.1915,0.0,0.0,128.0,557.0
1349805.0,0.0,-3.0311,2.981,0.11573,0.0,0.0,-0.1915,0.0,0.0,128.0,556.0
1349846.0,0.0,-2.9146,3.439,0.11573,0.0,0.0,-0.1915,0.0,0.0,128.0,556.0
1349886.0,0.0,-2.7673,3.878,0.11573,0.0,0.0,-0.1915,0.0,0.0,128.0,557.0
1349926.0,0.0,-2.9775,-3.482,0.11573,0.0,0.0,-0.1915,0.0,0.0,128.0,556.0
1349966.0,0.0,-2.8072,2.092,0.11573,0.0,0.0,-0.1915,0.0,0.0,128.0,556.0
1350007.0,0.0,-2.9345,-1.972,0.11573,0.0,0.0,-0.1915,0.0,0.0,128.0,556.0
1350047.0,0.0,-3.0342,-2.764,0.11573,0.0,0.0,-0.1915,0.0,0.0,128.0,557.0
1350087.0,0.0,-3.0864,-1.601,0.11573,0.0,0.0,-0.1915,0.0,0.0,128.0,549.0
1350127.0,0.0,-3.0925,-0.317,0.11573,0.0,0.0,-0.1915,0.0,0.0,128.0,557.0
1350168.0,0.0,3.0388,-2.984,0.11573,0.0,0.0,-0.1915,0.0,0.0,128.0,556.0
1350208.0,0.0,2.9959,-1.456,0.11573,0.0,0.0,-0.1915,0.0,0.0,128.0,551.0
1350248.0,0.0,2.91,-1.915,0.11573,0.0,0.0,-0.1915,0.0,0.0,128.0,571.0
1350288.0,0.0,2.8256,-2.272,0.11573,0.0,0.0,-0.1915,0.0,0.0,128.0,556.0
1350329.0,0.0,2.913,1.174,0.11573,0.0,0.0,-0.1915,0.0,0.0,128.0,556.0
1350369.0,0.0,3.0557,2.907,0.11573,0.0,0.0,-0.1915,0.0,0.0,128.0,551.0
1350409.0,0.0,3.1401,2.481,0.11573,0.0,0.0,-0.1915,0.0,0.0,128.0,565.0
1350450.0,0.0,3.1217,0.252,0.11573,0.0,0.0,-0.1915,0.0,0.0,128.0,564.0
1350490.0,0.0,-3.0802,1.678,0.11573,0.0,0.0,-0.1915,0.0,0.0,128.0,556.0
1350530.0,0.0,-2.9498,3.375,0.11573,0.0,0.0,-0.1915,0.0,0.0,128.0,556.0
1350571.0,0.0,-2.8731,2.332,0.11573,0.0,0.0,-0.1915,0.0,0.0,128.0,557.0
1350611.0,0.0,-3.025,-2.397,0.11573,0.0,0.0,-0.1915,0.0,0.0,128.0,557.0
1350651.0,0.0,-2.7857,3.942,0.11573,0.0,0.0,-0.1915,0.0,0.0,128.0,556.0
1350691.0,0.0,-2.9008,-0.876,0.11573,0.0,0.0,-0.1915,0.0,0.0,128.0,556.0
1350732.0,0.0,-3.0649,-3.86,0.11573,0.0,0.0,-0.1915,0.0,0.0,128.0,556.0
1350772.0,0.0,-3.1278,-1.986,0.11573,0.0,0.0,-0.1915,0.0,0.0,128.0,557.0
1350812.0,0.0,-3.1048,0.061,0.11573,0.0,0.0,-0.1915,0.0,0.0,128.0,556.0
1350852.0,0.0,3.0695,-1.99,0.11573,0.0,0.0,-0.1915,0.0,0.0,128.0,556.0
1350893.0,0.0,3.0296,-1.314,0.11573,0.0,0.0,-0.1915,0.0,0.0,128.0,556.0
1350933.0,0.0,2.979,-1.153,0.11573,0.0,0.0,-0.1915,0.0,0.0,128.0,556.0
1350973.0,0.0,2.9406,-1.031,0.11573,0.0,0.0,-0.1915,0.0,0.0,128.0,557.0
1351013.0,0.0,2.9253,-0.55,0.11573,0.0,0.0,-0.1915,0.0,0.0,128.0,556.0
1351053.0,0.0,3.0419,2.265,0.11573,0.0,0.0,-0.1915,0.0,0.0,128.0,550.0
1351094.0,0.0,-3.117,3.032,0.11573,0.0,0.0,-0.1915,0.0,0.0,128.0,556.0
1351134.0,0.0,-3.1124,0.738,0.11573,0.0,0.0,-0.1915,0.0,0.0,128.0,557.0
1351174.0,0.0,-3.114,-0.212,0.11573,0.0,0.0,-0.1915,0.0,0.0,128.0,562.0
1351214.0,0.0,-2.979,2.933,0.11573,0.0,0.0,-0.1915,0.0,0.0,128.0,550.0
1351255.0,0.0,-2.9713,0.452,0.11573,0.0,0.0,-0.1915,0.0,0.0,128.0,556.0
1351295.0,0.0,-2.9192,1.182,0.11573,0.0,0.0,-0.1915,0.0,0.0,128.0,557.0
1351335.0,0.0,-2.8532,1.729,0.11573,0.0,0.0,-0.1915,0.0,0.0,128.0,556.0
1351375.0,0.0,-3.0066,-2.552,0.11573,0.0,0.0,-0.1915,0.0,0.0,128.0,556.0
1351416.0,0.0,-3.0833,-2.524,0.11573,0.0,0.0,-0.1915,0.0,0.0,128.0,550.0
1351456.0,0.0,-3.1201,-1.562,0.11573,0.0,0.0,-0.1915,0.0,0.0,128.0,556.0
1351496.0,0.0,-3.1124,-0.267,0.11573,0.0,0.0,-0.1915,0.0,0.0,128.0,557.0
1351536.0,0.0,3.1002,-1.43,0.11573,0.0,0.0,-0.1915,0.0,0.0,128.0,557.0
1351577.0,0.0,3.0649,-0.897,0.11573,0.0,0.0,-0.1915,0.0,0.0,128.0,556.0
1351617.0,0.0,3.0112,-1.234,0.11573,0.0,0.0,-0.1915,0.0,0.0,128.0,557.0
1351657.0,0.0,3.0158,-0.156,0.11573,0.0,0.0,-0.1915,0.0,0.0,128.0,559.0
1351697.0,0.0,3.002,-0.196,0.11573,0.0,0.0,-0.1915,0.0,0.0,128.0,557.0
1351737.0,0.0,3.0465,0.815,0.11573,0.0,0.0,-0.1915,0.0,0.0,128.0,564.0
1351778.0,0.0,-3.1109,2.824,0.11573,0.0,0.0,-0.1915,0.0,0.0,128.0,565.0
1351818.0,0.0,3.1278,-0.265,0.11573,0.0,0.0,-0.1915,0.0,0.0,128.0,564.0
1351858.0,0.0,-3.071,1.513,0.11573,0.0,0.0,-0.1915,0.0,0.0,128.0,556.0
1351898.0,0.0,-3.0756,0.45,0.11573,0.0,0.0,-0.1915,0.0,0.0,128.0,556.0
1351939.0,0.0,-2.9943,1.55,0.11573,0.0,0.0,-0.1915,0.0,0.0,128.0,557.0
1351979.0,0.0,-2.9882,0.461,0.11573,0.0,0.0,-0.1915,0.0,0.0,128.0,557.0
1352019.0,0.0,-2.9897,0.015,0.11573,0.0,0.0,-0.1915,0.0,0.0,128.0,556.0
1352059.0,0.0,-2.9775,0.195,0.11573,0.0,0.0,-0.1915,0.0,0.0,128.0,556.0
1352100.0,0.0,-3.0986,-2.229,0.11573,0.0,0.0,-0.1915,0.0,0.0,128.0,556.0
1352140.0,0.0,3.1032,-2.086,0.11573,0.0,0.0,-0.1915,0.0,0.0,128.0,557.0
1352180.0,0.0,-3.137,0.441,0.11573,0.0,0.0,-0.1915,0.0,0.0,128.0,556.0
1352221.0,0.0,3.0802,-1.157,0.11573,0.0,0.0,-0.1915,0.0,0.0,128.0,551.0
1352261.0,0.0,3.0848,-0.245,0.11573,0.0,0.0,-0.1915,0.0,0.0,128.0,556.0
1352301.0,0.0,3.0588,-0.5,0.11573,0.0,0.0,-0.1915,0.0,0.0,128.0,556.0
1352341.0,0.0,3.0434,-0.379,0.11573,0.0,0.0,-0.1915,0.0,0.0,128.0,557.0
1352381.0,0.0,3.0388,-0.17,0.11573,0.0,0.0,-0.1915,0.0,0.0,128.0,556.0
1352421.0,0.0,3.0986,1.073,0.11573,0.0,0.0,-0.1915,0.0,0.0,128.0,550.0
1352462.0,0.0,-3.0818,2.345,0.11573,0.0,0.0,-0.1915,0.0,0.0,128.0,556.0
1352502.0,0.0,-3.0634,0.929,0.11573,0.0,0.0,-0.1915,0.0,0.0,128.0,557.0
1352542.0,0.0,-3.0557,0.349,0.11573,0.0,0.0,-0.1915,0.0,0.0,128.0,550.0
1352582.0,0.0,-3.0741,-0.272,0.11573,0.0,0.0,-0.1915,0.0,0.0,128.0,557.0
1352623.0,0.0,-3.0496,0.356,0.11573,0.0,0.0,-0.1915,0.0,0.0,128.0,556.0
1352663.0,0.0,-3.0496,0.145,0.11573,0.0,0.0,-0.1915,0.0,0.0,128.0,557.0
1352703.0,0.0,-3.0772,-0.442,0.11573,0.0,0.0,-0.1915,0.0,0.0,128.0,550.0
1352744.0,0.0,-3.1324,-1.208,0.11573,0.0,0.0,-0.1915,0.0,0.0,128.0,550.0
1352784.0,0.0,3.0925,-1.447,0.11573,0.0,0.0,-0.1915,0.0,0.0,128.0,556.0
1352824.0,0.0,3.0894,-0.409,0.11573,0.0,0.0,-0.1915,0.0,0.0,128.0,556.0
1352864.0,0.0,3.1186,0.497,0.11573,0.0,0.0,-0.1915,0.0,0.0,128.0,550.0
1352904.0,0.0,-3.1247,0.868,0.11573,0.0,0.0,-0.1915,0.0,0.0,128.0,550.0
1352945.0,0.0,-3.0925,0.838,0.11573,0.0,0.0,-0.1915,0.0,0.0,128.0,556.0
1352985.0,0.0,-3.0756,0.491,0.11573,0.0,0.0,-0.1915,0.0,0.0,128.0,552.0
1353025.0,0.0,-3.0756,0.117,0.11573,0.0,0.0,-0.1915,0.0,0.0,128.0,550.0
1353066.0,0.0,-3.1017,-0.489,0.11573,0.0,0.0,-0.1915,0.0,0.0,128.0,550.0
1353106.0,0.0,-3.1401,-0.895,0.11573,0.0,0.0,-0.1915,0.0,0.0,128.0,564.0
1353146.0,0.0,3.1124,-0.818,0.11573,0.0,0.0,-0.1915,0.0,0.0,128.0,570.0
1353186.0,0.0,3.1048,-0.32,0.11573,0.0,0.0,-0.1915,0.0,0.0,128.0,550.0
1353226.0,0.0,3.1232,0.299,0.11573,0.0,0.0,-0.1915,0.0,0.0,128.0,557.0
1353267.0,0.0,-3.1278,0.725,0.11573,0.0,0.0,-0.1915,0.0,0.0,128.0,556.0
1353307.0,0.0,-3.1002,0.731,0.11573,0.0,0.0,-0.1915,0.0,0.0,128.0,557.0
1353347.0,0.0,-3.0879,0.386,0.11573,0.0,0.0,-0.1915,0.0,0.0,128.0,549.0
1353387.0,0.0,-3.0986,-0.127,0.11573,0.0,0.0,-0.1915,0.0,0.0,128.0,556.0
1353428.0,0.0,-3.1247,-0.562,0.11573,0.0,0.0,-0.1915,0.0,0.0,128.0,556.0
1353468.0,0.0,3.1293,-0.681,0.11573,0.0,0.0,-0.1915,0.0,0.0,128.0,551.0
1353508.0,0.0,3.114,-0.451,0.11573,0.0,0.0,-0.1915,0.0,0.0,128.0,571.0
1353548.0,0.0,3.1217,0.036,0.11573,0.0,0.0,-0.1915,0.0,0.0,128.0,556.0
1353588.0,0.0,-3.1385,0.441,0.11573,0.0,0.0,-0.1915,0.0,0.0,128.0,562.0
1353629.0,0.0,-3.1155,0.582,0.11573,0.0,0.0,-0.1915,0.0,0.0,128.0,544.0
1353669.0,0.0,-3.1032,0.381,0.11573,0.0,0.0,-0.1915,0.0,0.0,128.0,557.0
1353709.0,0.0,-3.1048,0.021,0.11573,0.0,0.0,-0.1915,0.0,0.0,128.0,557.0
1353749.0,0.0,-3.1232,-0.344,0.11573,0.0,0.0,-0.1915,0.0,0.0,128.0,557.0
1353789.0,0.0,3.1401,-0.49,0.11573,0.0,0.0,-0.1915,0.0,0.0,128.0,564.0
1353830.0,0.0,3.1263,-0.378,0.11573,0.0,0.0,-0.1915,0.0,0.0,128.0,558.0
1353870.0,0.0,3.1278,-0.055,0.11573,0.0,0.0,-0.1915,0.0,0.0,128.0,565.0
1353910.0,0.0,-3.1416,0.273,0.11573,0.0,0.0,-0.1915,0.0,0.0,128.0,565.0
1353950.0,0.0,-3.1247,0.389,0.11573,0.0,0.0,-0.1915,0.0,0.0,128.0,569.0
1353990.0,0.0,-3.114,0.271,0.11573,0.0,0.0,-0.1915,0.0,0.0,128.0,550.0
1354031.0,0.0,-3.1155,0.021,0.11573,0.0,0.0,-0.1915,0.0,0.0,128.0,556.0
1354071.0,0.0,-3.1293,-0.242,0.11573,0.0,0.0,-0.1915,0.0,0.0,128.0,558.0
1354111.0,0.0,3.1401,-0.33,0.11573,0.0,0.0,-0.1915,0.0,0.0,128.0,565.0
1354152.0,0.0,3.1339,-0.21,0.11573,0.0,0.0,-0.1915,0.0,0.0,128.0,557.0
1354192.0,0.0,3.137,0.025,0.11573,0.0,0.0,-0.1915,0.0,0.0,128.0,556.0
1354232.0,0.0,-3.1355,0.214,0.11573,0.0,0.0,-0.1915,0.0,0.0,128.0,556.0
1354273.0,0.0,-3.1247,0.25,0.11573,0.0,0.0,-0.1915,0.0,0.0,128.0,556.0
1354313.0,0.0,-3.1232,0.109,0.11573,0.0,0.0,-0.1915,0.0,0.0,128.0,557.0
1354353.0,0.0,-3.1278,-0.067,0.11573,0.0,0.0,-0.1915,0.0,0.0,128.0,557.0
1354393.0,0.0,-3.137,-0.194,0.11573,0.0,0.0,-0.1915,0.0,0.0,128.0,556.0
1354433.0,0.0,-3.1416,-0.177,0.11573,0.0,0.0,-0.1915,0.0,0.0,128.0,562.0
1354474.0,0.0,3.1401,-0.047,0.11573,0.0,0.0,-0.1915,0.0,0.0,128.0,558.0
1354514.0,0.0,-3.137,0.116,0.11573,0.0,0.0,-0.1915,0.0,0.0,128.0,557.0
1354554.0,0.0,-3.1309,0.161,0.11573,0.0,0.0,-0.1915,0.0,0.0,128.0,550.0
1354595.0,0.0,-3.1278,0.095,0.11573,0.0,0.0,-0.1915,0.0,0.0,128.0,556.0
1354635.0,0.0,-3.1309,-0.036,0.11573,0.0,0.0,-0.1915,0.0,0.0,128.0,556.0
1354675.0,0.0,-3.1355,-0.13,0.11573,0.0,0.0,-0.1915,0.0,0.0,128.0,557.0
1354715.0,0.0,-3.1401,-0.111,0.11573,0.0,0.0,-0.1915,0.0,0.0,128.0,549.0
1354756.0,0.0,-3.1401,-0.03,0.11573,0.0,0.0,-0.1915,0.0,0.0,128.0,551.0
1354796.0,0.0,-3.1355,0.072,0.11573,0.0,0.0,-0.1915,0.0,0.0,128.0,556.0
1354836.0,0.0,-3.1324,0.093,0.11573,0.0,0.0,-0.1915,0.0,0.0,128.0,556.0
1354876.0,0.0,-3.1309,0.045,0.11573,0.0,0.0,-0.1915,0.0,0.0,128.0,557.0
1354916.0,0.0,-3.1339,-0.037,0.11573,0.0,0.0,-0.1915,0.0,0.0,128.0,564.0
1354957.0,0.0,-3.1355,-0.063,0.11573,0.0,0.0,-0.1915,0.0,0.0,128.0,564.0
1354997.0,0.0,-3.137,-0.052,0.11573,0.0,0.0,-0.1915,0.0,0.0,128.0,558.0
1355037.0,0.0,-3.137,0.015,0.11573,0.0,0.0,-0.1915,0.0,0.0,128.0,556.0
1355077.0,0.0,-3.1355,0.049,0.11573,0.0,0.0,-0.1915,0.0,0.0,128.0,556.0
1355118.0,0.0,-3.1324,0.061,0.11573,0.0,0.0,-0.1915,0.0,0.0,128.0,557.0
1355158.0,0.0,-3.1324,0.013,0.11573,0.0,0.0,-0.1915,0.0,0.0,128.0,550.0
1355198.0,0.0,-3.1339,-0.04,0.11573,0.0,0.0,-0.1915,0.0,0.0,128.0,556.0
1355238.0,0.0,-3.137,-0.056,0.11573,0.0,0.0,-0.1915,0.0,0.0,128.0,549.0
1355279.0,0.0,-3.137,-0.013,0.11573,0.0,0.0,-0.1915,0.0,0.0,128.0,549.0
1355319.0,0.0,-3.1355,0.031,0.11573,0.0,0.0,-0.1915,0.0,0.0,128.0,556.0
1355359.0,0.0,-3.1339,0.049,0.11573,0.0,0.0,-0.1915,0.0,0.0,128.0,557.0
1355399.0,0.0,-3.1324,0.029,0.11573,0.0,0.0,-0.1915,0.0,0.0,128.0,557.0
1355439.0,0.0,-3.1339,-0.014,0.11573,0.0,0.0,-0.1915,0.0,0.0,128.0,558.0
1355479.0,0.0,-3.1355,-0.029,0.11573,0.0,0.0,-0.1915,0.0,0.0,128.0,564.0
1355520.0,0.0,-3.137,-0.029,0.11573,0.0,0.0,-0.1915,0.0,0.0,128.0,564.0
1355560.0,0.0,-3.1355,0.022,0.11573,0.0,0.0,-0.1915,0.0,0.0,128.0,558.0
1355600.0,0.0,-3.1339,0.027,0.11573,0.0,0.0,-0.1915,0.0,0.0,128.0,550.0
1355641.0,0.0,-3.1339,0.02,0.11573,0.0,0.0,-0.1915,0.0,0.0,128.0,550.0
1355681.0,0.0,-3.1355,-0.004,0.11573,0.0,0.0,-0.1915,0.0,0.0,128.0,550.0
1355721.0,0.0,-3.1355,-0.022,0.11573,0.0,0.0,-0.1915,0.0,0.0,128.0,549.0
1355761.0,0.0,-3.1355,-0.015,0.11573,0.0,0.0,-0.1915,0.0,0.0,128.0,556.0
1355802.0,0.0,-3.1355,0.011,0.11573,0.0,0.0,-0.1915,0.0,0.0,128.0,543.0
1355842.0,0.0,-3.1339,0.012,0.11573,0.0,0.0,-0.1915,0.0,0.0,128.0,551.0
1355882.0,0.0,-3.1339,0.02,0.11573,0.0,0.0,-0.1915,0.0,0.0,128.0,564.0
1355922.0,0.0,-3.1339,-0.003,0.11573,0.0,0.0,-0.1915,0.0,0.0,128.0,556.0
1355963.0,0.0,-3.1355,-0.022,0.11573,0.0,0.0,-0.1915,0.0,0.0,128.0,543.0
1356003.0,0.0,-3.137,-0.012,0.11573,0.0,0.0,-0.1915,0.0,0.0,128.0,556.0
1356043.0,0.0,-3.1355,0.004,0.11573,0.0,0.0,-0.1915,0.0,0.0,128.0,556.0
1356083.0,0.0,-3.1355,0.005,0.11573,0.0,0.0,-0.1915,0.0,0.0,128.0,550.0
1356123.0,0.0,-3.1339,0.021,0.11573,0.0,0.0,-0.1915,0.0,0.0,128.0,543.0
1356163.0,0.0,-3.1355,-0.016,0.11573,0.0,0.0,-0.1915,0.0,0.0,128.0,556.0
1356204.0,0.0,-3.1355,-0.009,0.11573,0.0,0.0,-0.1915,0.0,0.0,128.0,543.0
1356244.0,0.0,-3.1355,-0.003,0.11573,0.0,0.0,-0.1915,0.0,0.0,128.0,550.0
1356284.0,0.0,-3.1355,0.0,0.11573,0.0,0.0,-0.1915,0.0,0.0,128.0,542.0
1356324.0,0.0,-3.1355,0.01,0.11573,0.0,0.0,-0.1915,0.0,0.0,128.0,556.0
1356365.0,0.0,-3.1355,-0.006,0.11573,0.0,0.0,-0.1915,0.0,0.0,128.0,556.0
1356405.0,0.0,-3.1355,-0.006,0.11573,0.0,0.0,-0.1915,0.0,0.0,128.0,557.0
1356445.0,0.0,-3.1355,-0.01,0.11573,0.0,0.0,-0.1915,0.0,0.0,128.0,550.0
1356485.0,0.0,-3.1355,-0.002,0.11573,0.0,0.0,-0.1915,0.0,0.0,128.0,543.0
1356526.0,0.0,-3.1355,-0.0,0.11573,0.0,0.0,-0.1915,0.0,0.0,128.0,549.0
1356566.0,0.0,-3.1355,0.012,0.11573,0.0,0.0,-0.1915,0.0,0.0,128.0,550.0
1356606.0,0.0,-3.1339,-0.003,0.11573,0.0,0.0,-0.1915,0.0,0.0,128.0,557.0
1356646.0,0.0,-3.1355,-0.006,0.11573,0.0,0.0,-0.1915,0.0,0.0,128.0,556.0
1356686.0,0.0,-3.1355,-0.007,0.11573,0.0,0.0,-0.1915,0.0,0.0,128.0,550.0
1356726.0,0.0,-3.1355,-0.0,0.11573,0.0,0.0,-0.1915,0.0,0.0,128.0,549.0
1356767.0,0.0,-3.1355,0.0,0.11573,0.0,0.0,-0.1915,0.0,0.0,128.0,549.0
1356807.0,0.0,-3.1355,-0.004,0.11573,0.0,0.0,-0.1915,0.0,0.0,128.0,556.0
1356847.0,0.0,-3.1355,0.007,0.11573,0.0,0.0,-0.1915,0.0,0.0,128.0,557.0
1356888.0,0.0,-3.1355,-0.007,0.11573,0.0,0.0,-0.1915,0.0,0.0,128.0,549.0
1356928.0,0.0,-3.1355,-0.001,0.11573,0.0,0.0,-0.1915,0.0,0.0,128.0,549.0
1356968.0,0.0,-3.1355,-0.001,0.11573,0.0,0.0,-0.1915,0.0,0.0,128.0,549.0
1357008.0,0.0,-3.1355,-0.001,0.11573,0.0,0.0,-0.1915,0.0,0.0,128.0,558.0
1357048.0,0.0,-3.1355,0.012,0.11573,0.0,0.0,-0.1915,0.0,0.0,128.0,564.0
1357089.0,0.0,-3.1355,-0.004,0.11573,0.0,0.0,-0.1915,0.0,0.0,128.0,557.0
1357129.0,0.0,-3.1355,0.001,0.11573,0.0,0.0,-0.1915,0.0,0.0,128.0,557.0
1357169.0,0.0,-3.1355,-0.002,0.11573,0.0,0.0,-0.1915,0.0,0.0,128.0,549.0
1357209.0,0.0,-3.1355,0.005,0.11573,0.0,0.0,-0.1915,0.0,0.0,128.0,549.0
1357249.0,0.0,-3.1355,0.002,0.11573,0.0,0.0,-0.1915,0.0,0.0,128.0,556.0
1357290.0,0.0,-3.1355,0.001,0.11573,0.0,0.0,-0.1915,0.0,0.0,128.0,551.0
1357330.0,0.0,-3.1355,-0.009,0.11573,0.0,0.0,-0.1915,0.0,0.0,128.0,550.0
1357370.0,0.0,-3.1355,-0.002,0.11573,0.0,0.0,-0.1915,0.0,0.0,128.0,549.0
1357410.0,0.0,-3.1355,0.0,0.11573,0.0,0.0,-0.1915,0.0,0.0,128.0,549.0
1357450.0,0.0,-3.1355,0.002,0.11573,0.0,0.0,-0.1915,0.0,0.0,128.0,550.0
1357491.0,0.0,-3.1355,-0.003,0.11573,0.0,0.0,-0.1915,0.0,0.0,128.0,544.0
1357531.0,0.0,-3.1355,-0.004,0.11573,0.0,0.0,-0.1915,0.0,0.0,128.0,543.0
1357571.0,0.0,-3.1355,-0.003,0.11573,0.0,0.0,-0.1915,0.0,0.0,128.0,544.0
1357611.0,0.0,-3.1355,-0.001,0.11573,0.0,0.0,-0.1915,0.0,0.0,128.0,552.0
1357651.0,0.0,-3.1355,-0.001,0.11573,0.0,0.0,-0.1915,0.0,0.0,128.0,557.0
1357692.0,0.0,-3.1355,-0.0,0.11573,0.0,0.0,-0.1915,0.0,0.0,128.0,557.0
1357732.0,0.0,-3.1355,-0.003,0.11573,0.0,0.0,-0.1915,0.0,0.0,128.0,557.0
1357772.0,0.0,-3.1355,0.007,0.11573,0.0,0.0,-0.1915,0.0,0.0,128.0,558.0
1357812.0,0.0,-3.1355,-0.004,0.11573,0.0,0.0,-0.1915,0.0,0.0,128.0,543.0
1357852.0,0.0,-3.1355,0.004,0.11573,0.0,0.0,-0.1915,0.0,0.0,128.0,549.0
1357893.0,0.0,-3.1355,0.002,0.11573,0.0,0.0,-0.1915,0.0,0.0,128.0,543.0
1357933.0,0.0,-3.1355,0.001,0.11573,0.0,0.0,-0.1915,0.0,0.0,128.0,543.0
1357973.0,0.0,-3.1355,-0.003,0.11573,0.0,0.0,-0.1915,0.0,0.0,128.0,544.0
1358013.0,0.0,-3.1355,0.001,0.11573,0.0,0.0,-0.1915,0.0,0.0,128.0,544.0
1358053.0,0.0,-3.1355,-0.004,0.11573,0.0,0.0,-0.1915,0.0,0.0,128.0,564.0
1358093.0,0.0,-3.1355,-0.001,0.11573,0.0,0.0,-0.1915,0.0,0.0,128.0,549.0
1358134.0,0.0,-3.1355,-0.003,0.11573,0.0,0.0,-0.1915,0.0,0.0,128.0,549.0
1358174.0,0.0,-3.1355,-0.0,0.11573,0.0,0.0,-0.1915,0.0,0.0,128.0,549.0
1358214.0,0.0,-3.1355,-0.0,0.11573,0.0,0.0,-0.1915,0.0,0.0,128.0,544.0
1358254.0,0.0,-3.1355,0.003,0.11573,0.0,0.0,-0.1915,0.0,0.0,128.0,557.0
1358294.0,0.0,-3.1355,-0.002,0.11573,0.0,0.0,-0.1915,0.0,0.0,128.0,557.0
1358335.0,0.0,-3.1355,-0.001,0.11573,0.0,0.0,-0.1915,0.0,0.0,128.0,557.0
1358375.0,0.0,-3.1355,-0.001,0.11573,0.0,0.0,-0.1915,0.0,0.0,128.0,543.0
1358415.0,0.0,-3.1355,-0.001,0.11573,0.0,0.0,-0.1915,0.0,0.0,128.0,549.0
1358455.0,0.0,-3.1355,-0.0,0.11573,0.0,0.0,-0.1915,0.0,0.0,128.0,549.0
1358495.0,0.0,-3.1355,0.009,0.11573,0.0,0.0,-0.1915,0.0,0.0,128.0,556.0
1358536.0,0.0,-3.1355,-0.004,0.11573,0.0,0.0,-0.1915,0.0,0.0,128.0,549.0
1358576.0,0.0,-3.1355,-0.001,0.11573,0.0,0.0,-0.1915,0.0,0.0,128.0,551.0
1358616.0,0.0,-3.1355,-0.003,0.11573,0.0,0.0,-0.1915,0.0,0.0,128.0,550.0
1358656.0,0.0,-3.1355,0.001,0.11573,0.0,0.0,-0.1915,0.0,0.0,128.0,551.0
1358696.0,0.0,-3.1339,0.006,0.11573,0.0,0.0,-0.1915,0.0,0.0,128.0,564.0
1358737.0,0.0,-3.1339,0.002,0.11573,0.0,0.0,-0.1915,0.0,0.0,128.0,564.0
1358777.0,0.0,-3.1355,-0.002,0.11573,0.0,0.0,-0.1915,0.0,0.0,128.0,569.0
1358817.0,0.0,-3.1355,0.001,0.11573,0.0,0.0,-0.1915,0.0,0.0,128.0,549.0
1358857.0,0.0,-3.1355,0.003,0.11573,0.0,0.0,-0.1915,0.0,0.0,128.0,551.0
1358898.0,0.0,-3.1355,0.01,0.11573,0.0,0.0,-0.1915,0.0,0.0,128.0,556.0
1358938.0,0.0,-3.1355,-0.005,0.11573,0.0,0.0,-0.1915,0.0,0.0,128.0,550.0
1358978.0,0.0,-3.1355,-0.001,0.11573,0.0,0.0,-0.1915,0.0,0.0,128.0,549.0
1359018.0,0.0,-3.1355,0.001,0.11573,0.0,0.0,-0.1915,0.0,0.0,128.0,549.0
1359058.0,0.0,-3.1339,0.008,0.11573,0.0,0.0,-0.1915,0.0,0.0,128.0,557.0
1359099.0,0.0,-3.1355,-0.003,0.11573,0.0,0.0,-0.1915,0.0,0.0,128.0,549.0
1359139.0,0.0,-3.1355,0.004,0.11573,0.0,0.0,-0.1915,0.0,0.0,128.0,550.0
1359179.0,0.0,-3.1355,-0.002,0.11573,0.0,0.0,-0.1915,0.0,0.0,128.0,549.0
1359219.0,0.0,-3.1355,0.0,0.11573,0.0,0.0,-0.1915,0.0,0.0,128.0,544.0
1359259.0,0.0,-3.1355,-0.003,0.11573,0.0,0.0,-0.1915,0.0,0.0,128.0,564.0
1359299.0,0.0,-3.1355,-0.001,0.11573,0.0,0.0,-0.1915,0.0,0.0,128.0,543.0
1359340.0,0.0,-3.1355,-0.001,0.11573,0.0,0.0,-0.1915,0.0,0.0,128.0,549.0
1359380.0,0.0,-3.1355,0.003,0.11573,0.0,0.0,-0.1915,0.0,0.0,128.0,556.0
1359420.0,0.0,-3.1355,0.004,0.11573,0.0,0.0,-0.1915,0.0,0.0,128.0,556.0
1359460.0,0.0,-3.1355,-0.003,0.11573,0.0,0.0,-0.1915,0.0,0.0,128.0,544.0
1359500.0,0.0,-3.1355,-0.003,0.11573,0.0,0.0,-0.1915,0.0,0.0,128.0,564.0
1359540.0,0.0,-3.1355,0.002,0.11573,0.0,0.0,-0.1915,0.0,0.0,128.0,550.0
1359581.0,0.0,-3.1355,-0.004,0.11573,0.0,0.0,-0.1915,0.0,0.0,128.0,543.0
1359621.0,0.0,-3.1355,0.002,0.11573,0.0,0.0,-0.1915,0.0,0.0,128.0,549.0
1359661.0,0.0,-3.1355,-0.002,0.11573,0.0,0.0,-0.1915,0.0,0.0,128.0,550.0
1359701.0,0.0,-3.1355,0.002,0.11573,0.0,0.0,-0.1915,0.0,0.0,128.0,549.0
1359742.0,0.0,-3.1355,-0.001,0.11573,0.0,0.0,-0.1915,0.0,0.0,128.0,549.0
1359782.0,0.0,-3.1355,-0.001,0.11573,0.0,0.0,-0.1915,0.0,0.0,128.0,549.0
1359822.0,0.0,-3.1355,-0.001,0.11573,0.0,0.0,-0.1915,0.0,0.0,128.0,550.0
1359862.0,0.0,-3.1339,0.003,0.11573,0.0,0.0,-0.1915,0.0,0.0,128.0,556.0
1359902.0,0.0,-3.1339,0.003,0.11573,0.0,0.0,-0.1915,0.0,0.0,128.0,556.0
1359943.0,0.0,-3.1355,0.001,0.11573,0.0,0.0,-0.1915,0.0,0.0,128.0,549.0
1359983.0,0.0,-3.1355,0.0,0.11573,0.0,0.0,-0.1915,0.0,0.0,128.0,551.0
1360023.0,0.0,-3.1355,0.0,0.11573,0.0,0.0,-0.1915,0.0,0.0,128.0,550.0
1360063.0,0.0,-3.1339,0.01,0.11573,0.0,0.0,-0.1915,0.0,0.0,128.0,557.0
1360104.0,0.0,-3.1355,-0.002,0.11573,0.0,0.0,-0.1915,0.0,0.0,128.0,552.0
1360144.0,0.0,-3.1355,-0.001,0.11573,0.0,0.0,-0.1915,0.0,0.0,128.0,550.0
1360184.0,0.0,-3.1355,0.001,0.11573,0.0,0.0,-0.1915,0.0,0.0,128.0,543.0
1360224.0,0.0,-3.1355,-0.001,0.11573,0.0,0.0,-0.1915,0.0,0.0,128.0,549.0
1360265.0,0.0,-3.1355,-0.001,0.11573,0.0,0.0,-0.1915,0.0,0.0,128.0,549.0
1360305.0,0.0,-3.1355,0.012,0.11573,0.0,0.0,-0.1915,0.0,0.0,128.0,550.0
1360345.0,0.0,-3.1355,-0.003,0.11573,0.0,0.0,-0.1915,0.0,0.0,128.0,550.0
1360385.0,0.0,-3.1355,-0.002,0.11573,0.0,0.0,-0.1915,0.0,0.0,128.0,551.0
1360426.0,0.0,-3.1355,0.001,0.11573,0.0,0.0,-0.1915,0.0,0.0,128.0,549.0
1360466.0,0.0,-3.1355,-0.0,0.11573,0.0,0.0,-0.1915,0.0,0.0,128.0,550.0
1360506.0,0.0,-3.1355,-0.001,0.11573,0.0,0.0,-0.1915,0.0,0.0,128.0,549.0
1360547.0,0.0,-3.1355,0.002,0.11573,0.0,0.0,-0.1915,0.0,0.0,128.0,549.0
1360587.0,0.0,-3.1355,0.007,0.11573,0.0,0.0,-0.1915,0.0,0.0,128.0,557.0
1360627.0,0.0,-3.1355,-0.0,0.11573,0.0,0.0,-0.1915,0.0,0.0,128.0,549.0
1360667.0,0.0,-3.1355,-0.001,0.11573,0.0,0.0,-0.1915,0.0,0.0,128.0,549.0
1360708.0,0.0,-3.1355,-0.005,0.11573,0.0,0.0,-0.1915,0.0,0.0,128.0,549.0
1360748.0,0.0,-3.1355,-0.001,0.11573,0.0,0.0,-0.1915,0.0,0.0,128.0,549.0
1360788.0,0.0,-3.1355,0.005,0.11573,0.0,0.0,-0.1915,0.0,0.0,128.0,550.0
1360828.0,0.0,-3.1355,0.003,0.11573,0.0,0.0,-0.1915,0.0,0.0,128.0,549.0
1360868.0,0.0,-3.1355,0.001,0.11573,0.0,0.0,-0.1915,0.0,0.0,128.0,549.0
1360909.0,0.0,-3.1355,-0.001,0.11573,0.0,0.0,-0.1915,0.0,0.0,128.0,549.0
1360949.0,0.0,-3.1355,-0.002,0.11573,0.0,0.0,-0.1915,0.0,0.0,128.0,549.0
1360989.0,0.0,-3.1355,0.001,0.11573,0.0,0.0,-0.1915,0.0,0.0,128.0,549.0
1361029.0,0.0,-3.1355,-0.0,0.11573,0.0,0.0,-0.1915,0.0,0.0,128.0,550.0
1361069.0,0.0,-3.1339,0.005,0.11573,0.0,0.0,-0.1915,0.0,0.0,128.0,556.0
1361110.0,0.0,-3.1355,-0.002,0.11573,0.0,0.0,-0.1915,0.0,0.0,128.0,549.0
1361150.0,0.0,-3.1355,-0.003,0.11573,0.0,0.0,-0.1915,0.0,0.0,128.0,550.0
1361190.0,0.0,-3.1339,0.005,0.11573,0.0,0.0,-0.1915,0.0,0.0,128.0,556.0
1361230.0,0.0,-3.1355,-0.003,0.11573,0.0,0.0,-0.1915,0.0,0.0,128.0,549.0
1361271.0,0.0,-3.1355,-0.002,0.11573,0.0,0.0,-0.1915,0.0,0.0,128.0,549.0
1361311.0,0.0,-3.1355,0.001,0.11573,0.0,0.0,-0.1915,0.0,0.0,128.0,550.0
1361351.0,0.0,-3.1355,0.002,0.11573,0.0,0.0,-0.1915,0.0,0.0,128.0,549.0
1361392.0,0.0,-3.1355,-0.002,0.11573,0.0,0.0,-0.1915,0.0,0.0,128.0,543.0
1361432.0,0.0,-3.1355,-0.002,0.11573,0.0,0.0,-0.1915,0.0,0.0,128.0,549.0
1361472.0,0.0,-3.1355,0.005,0.11573,0.0,0.0,-0.1915,0.0,0.0,128.0,556.0
1361512.0,0.0,-3.1355,-0.001,0.11573,0.0,0.0,-0.1915,0.0,0.0,128.0,544.0
1361552.0,0.0,-3.1355,-0.001,0.11573,0.0,0.0,-0.1915,0.0,0.0,128.0,564.0
1361592.0,0.0,-3.1339,0.01,0.11573,0.0,0.0,-0.1915,0.0,0.0,128.0,556.0
1361633.0,0.0,-3.1355,-0.001,0.11573,0.0,0.0,-0.1915,0.0,0.0,128.0,549.0
1361673.0,0.0,-3.1355,0.002,0.11573,0.0,0.0,-0.1915,0.0,0.0,128.0,549.0
1361713.0,0.0,-3.1355,0.001,0.11573,0.0,0.0,-0.1915,0.0,0.0,128.0,544.0
1361753.0,0.0,-3.1355,-0.002,0.11573,0.0,0.0,-0.1915,0.0,0.0,128.0,551.0
1361794.0,0.0,-3.1355,-0.002,0.11573,0.0,0.0,-0.1915,0.0,0.0,128.0,551.0
1361834.0,0.0,-3.1355,-0.001,0.11573,0.0,0.0,-0.1915,0.0,0.0,128.0,557.0
1361874.0,0.0,-3.1355,0.002,0.11573,0.0,0.0,-0.1915,0.0,0.0,128.0,564.0
1361914.0,0.0,-3.1355,-0.002,0.11573,0.0,0.0,-0.1915,0.0,0.0,128.0,549.0
1361954.0,0.0,-3.1355,-0.002,0.11573,0.0,0.0,-0.1915,0.0,0.0,128.0,543.0
1361994.0,0.0,-3.1355,0.004,0.11573,0.0,0.0,-0.1915,0.0,0.0,128.0,549.0
1362035.0,0.0,-3.1355,0.004,0.11573,0.0,0.0,-0.1915,0.0,0.0,128.0,549.0
1362075.0,0.0,-3.1355,-0.003,0.11573,0.0,0.0,-0.1915,0.0,0.0,128.0,550.0
1362115.0,0.0,-3.1355,-0.003,0.11573,0.0,0.0,-0.1915,0.0,0.0,128.0,544.0
1362155.0,0.0,-3.1355,0.003,0.11573,0.0,0.0,-0.1915,0.0,0.0,128.0,557.0
1362196.0,0.0,-3.1355,-0.003,0.11573,0.0,0.0,-0.1915,0.0,0.0,128.0,557.0
1362236.0,0.0,-3.1355,0.001,0.11573,0.0,0.0,-0.1915,0.0,0.0,128.0,557.0
1362276.0,0.0,-3.1355,0.002,0.11573,0.0,0.0,-0.1915,0.0,0.0,128.0,543.0
1362316.0,0.0,-3.1355,0.0,0.11573,0.0,0.0,-0.1915,0.0,0.0,128.0,549.0
1362356.0,0.0,-3.1355,-0.003,0.11573,0.0,0.0,-0.1915,0.0,0.0,128.0,549.0
1362397.0,0.0,-3.1355,0.004,0.11573,0.0,0.0,-0.1915,0.0,0.0,128.0,549.0
1362437.0,0.0,-3.1355,0.006,0.11573,0.0,0.0,-0.1915,0.0,0.0,128.0,557.0
1362477.0,0.0,-3.1355,-0.003,0.11573,0.0,0.0,-0.1915,0.0,0.0,128.0,550.0
1362517.0,0.0,-3.1355,0.001,0.11573,0.0,0.0,-0.1915,0.0,0.0,128.0,543.0
1362557.0,0.0,-3.1355,-0.001,0.11573,0.0,0.0,-0.1915,0.0,0.0,128.0,549.0
1362598.0,0.0,-3.1355,0.001,0.11573,0.0,0.0,-0.1915,0.0,0.0,128.0,543.0
1362638.0,0.0,-3.1355,0.0,0.11573,0.0,0.0,-0.1915,0.0,0.0,128.0,550.0
1362678.0,0.0,-3.1355,-0.001,0.11573,0.0,0.0,-0.1915,0.0,0.0,128.0,549.0
1362718.0,0.0,-3.1355,-0.0,0.11573,0.0,0.0,-0.1915,0.0,0.0,128.0,549.0
1362759.0,0.0,-3.1355,-0.001,0.11573,0.0,0.0,-0.1915,0.0,0.0,128.0,549.0
1362799.0,0.0,-3.1355,-0.001,0.11573,0.0,0.0,-0.1915,0.0,0.0,128.0,550.0
1362839.0,0.0,-3.1355,0.007,0.11573,0.0,0.0,-0.1915,0.0,0.0,128.0,551.0
1362880.0,0.0,-3.1355,-0.004,0.11573,0.0,0.0,-0.1915,0.0,0.0,128.0,549.0
1362920.0,0.0,-3.1355,-0.001,0.11573,0.0,0.0,-0.1915,0.0,0.0,128.0,549.0
1362960.0,0.0,-3.1355,-0.001,0.11573,0.0,0.0,-0.1915,0.0,0.0,128.0,550.0
1363000.0,0.0,-3.1355,-0.0,0.11573,0.0,0.0,-0.1915,0.0,0.0,128.0,543.0
1363040.0,0.0,-3.1355,0.0,0.11573,0.0,0.0,-0.1915,0.0,0.0,128.0,549.0
1363081.0,0.0,-3.1355,0.001,0.11573,0.0,0.0,-0.1915,0.0,0.0,128.0,549.0
1363121.0,0.0,-3.1355,0.003,0.11573,0.0,0.0,-0.1915,0.0,0.0,128.0,549.0
1363161.0,0.0,-3.1355,0.001,0.11573,0.0,0.0,-0.1915,0.0,0.0,128.0,549.0
1363201.0,0.0,-3.1355,-0.001,0.11573,0.0,0.0,-0.1915,0.0,0.0,128.0,551.0
1363241.0,0.0,-3.1355,0.001,0.11573,0.0,0.0,-0.1915,0.0,0.0,128.0,564.0
1363281.0,0.0,-3.1339,0.006,0.11573,0.0,0.0,-0.1915,0.0,0.0,128.0,550.0
1363322.0,0.0,-3.1355,-0.001,0.11573,0.0,0.0,-0.1915,0.0,0.0,128.0,549.0
1363362.0,0.0,-3.1355,-0.004,0.11573,0.0,0.0,-0.1915,0.0,0.0,128.0,550.0
1363402.0,0.0,-3.1355,0.003,0.11573,0.0,0.0,-0.1915,0.0,0.0,128.0,549.0
1363442.0,0.0,-3.1355,-0.003,0.11573,0.0,0.0,-0.1915,0.0,0.0,128.0,549.0
1363483.0,0.0,-3.1355,0.003,0.11573,0.0,0.0,-0.1915,0.0,0.0,128.0,549.0
1363523.0,0.0,-3.1355,0.007,0.11573,0.0,0.0,-0.1915,0.0,0.0,128.0,557.0
1363563.0,0.0,-3.1355,-0.001,0.11573,0.0,0.0,-0.1915,0.0,0.0,128.0,549.0
1363603.0,0.0,-3.1355,-0.001,0.11573,0.0,0.0,-0.1915,0.0,0.0,128.0,549.0
1363644.0,0.0,-3.1355,-0.003,0.11573,0.0,0.0,-0.1915,0.0,0.0,128.0,549.0
1363684.0,0.0,-3.1355,-0.003,0.11573,0.0,0.0,-0.1915,0.0,0.0,128.0,550.0
1363724.0,0.0,-3.1355,0.001,0.11573,0.0,0.0,-0.1915,0.0,0.0,128.0,542.0
1363764.0,0.0,-3.1339,0.005,0.11573,0.0,0.0,-0.1915,0.0,0.0,128.0,556.0
1363805.0,0.0,-3.1355,-0.002,0.11573,0.0,0.0,-0.1915,0.0,0.0,128.0,543.0
1363845.0,0.0,-3.1355,-0.002,0.11573,0.0,0.0,-0.1915,0.0,0.0,128.0,550.0
1363885.0,0.0,-3.1355,-0.003,0.11573,0.0,0.0,-0.1915,0.0,0.0,128.0,543.0
1363926.0,0.0,-3.1355,-0.002,0.11573,0.0,0.0,-0.1915,0.0,0.0,128.0,544.0
1363966.0,0.0,-3.1355,-0.001,0.11573,0.0,0.0,-0.1915,0.0,0.0,128.0,549.0
1364006.0,0.0,-3.1355,0.002,0.11573,0.0,0.0,-0.1915,0.0,0.0,128.0,557.0
1364046.0,0.0,-3.1355,0.005,0.11573,0.0,0.0,-0.1915,0.0,0.0,128.0,551.0
1364087.0,0.0,-3.1355,-0.002,0.11573,0.0,0.0,-0.1915,0.0,0.0,128.0,549.0
1364127.0,0.0,-3.1355,-0.001,0.11573,0.0,0.0,-0.1915,0.0,0.0,128.0,551.0
1364167.0,0.0,-3.1355,0.001,0.11573,0.0,0.0,-0.1915,0.0,0.0,128.0,557.0
1364207.0,0.0,-3.1339,0.009,0.11573,0.0,0.0,-0.1915,0.0,0.0,128.0,558.0
1364247.0,0.0,-3.1355,0.002,0.11573,0.0,0.0,-0.1915,0.0,0.0,128.0,551.0
1364288.0,0.0,-3.1355,-0.002,0.11573,0.0,0.0,-0.1915,0.0,0.0,128.0,558.0
1364328.0,0.0,-3.1355,-0.002,0.11573,0.0,0.0,-0.1915,0.0,0.0,128.0,543.0
1364368.0,0.0,-3.1355,-0.0,0.11573,0.0,0.0,-0.1915,0.0,0.0,128.0,549.0
1364409.0,0.0,-3.1355,-0.001,0.11573,0.0,0.0,-0.1915,0.0,0.0,128.0,550.0
1364449.0,0.0,-3.1355,0.0,0.11573,0.0,0.0,-0.1915,0.0,0.0,128.0,549.0
1364489.0,0.0,-3.1355,-0.003,0.11573,0.0,0.0,-0.1915,0.0,0.0,128.0,550.0
1364529.0,0.0,-3.1355,0.001,0.11573,0.0,0.0,-0.1915,0.0,0.0,128.0,549.0
1364570.0,0.0,-3.1355,-0.002,0.11573,0.0,0.0,-0.1915,0.0,0.0,128.0,549.0
1364610.0,0.0,-3.1355,-0.0,0.11573,0.0,0.0,-0.1915,0.0,0.0,128.0,549.0
1364650.0,0.0,-3.1355,0.002,0.11573,0.0,0.0,-0.1915,0.0,0.0,128.0,550.0
1364690.0,0.0,-3.1355,0.006,0.11573,0.0,0.0,-0.1915,0.0,0.0,128.0,550.0
1364731.0,0.0,-3.1355,0.002,0.11573,0.0,0.0,-0.1915,0.0,0.0,128.0,543.0
1364771.0,0.0,-3.1355,-0.003,0.11573,0.0,0.0,-0.1915,0.0,0.0,128.0,550.0
1364811.0,0.0,-3.1355,-0.002,0.11573,0.0,0.0,-0.1915,0.0,0.0,128.0,543.0
1364851.0,0.0,-3.1355,0.005,0.11573,0.0,0.0,-0.1915,0.0,0.0,128.0,556.0
1364892.0,0.0,-3.1355,0.0,0.11573,0.0,0.0,-0.1915,0.0,0.0,128.0,549.0
1364932.0,0.0,-3.1355,-0.003,0.11573,0.0,0.0,-0.1915,0.0,0.0,128.0,549.0
1364972.0,0.0,-3.1355,0.002,0.11573,0.0,0.0,-0.1915,0.0,0.0,128.0,550.0
1365012.0,0.0,-3.1355,-0.002,0.11573,0.0,0.0,-0.1915,0.0,0.0,128.0,549.0
1365052.0,0.0,-3.1355,-0.001,0.11573,0.0,0.0,-0.1915,0.0,0.0,128.0,549.0
1365092.0,0.0,-3.1355,-0.002,0.11573,0.0,0.0,-0.1915,0.0,0.0,128.0,556.0
1365133.0,0.0,-3.1355,-0.0,0.11573,0.0,0.0,-0.1915,0.0,0.0,128.0,549.0
1365173.0,0.0,-3.1355,0.002,0.11573,0.0,0.0,-0.1915,0.0,0.0,128.0,549.0
1365213.0,0.0,-3.1355,-0.001,0.11573,0.0,0.0,-0.1915,0.0,0.0,128.0,550.0
1365253.0,0.0,-3.1355,-0.001,0.11573,0.0,0.0,-0.1915,0.0,0.0,128.0,543.0
1365294.0,0.0,-3.1355,-0.0,0.11573,0.0,0.0,-0.1915,0.0,0.0,128.0,549.0
1365334.0,0.0,-3.1355,-0.001,0.11573,0.0,0.0,-0.1915,0.0,0.0,128.0,549.0
1365374.0,0.0,-3.1355,0.002,0.11573,0.0,0.0,-0.1915,0.0,0.0,128.0,550.0
1365414.0,0.0,-3.1355,-0.005,0.11573,0.0,0.0,-0.1915,0.0,0.0,128.0,549.0
1365455.0,0.0,-3.1355,-0.001,0.11573,0.0,0.0,-0.1915,0.0,0.0,128.0,549.0
1365495.0,0.0,-3.1355,0.0,0.11573,0.0,0.0,-0.1915,0.0,0.0,128.0,550.0
1365535.0,0.0,-3.1355,-0.002,0.11573,0.0,0.0,-0.1915,0.0,0.0,128.0,549.0
1365576.0,0.0,-3.1355,-0.001,0.11573,0.0,0.0,-0.1915,0.0,0.0,128.0,549.0
1365616.0,0.0,-3.1355,-0.0,0.11573,0.0,0.0,-0.1915,0.0,0.0,128.0,550.0
1365656.0,0.0,-3.1355,-0.0,0.11573,0.0,0.0,-0.1915,0.0,0.0,128.0,550.0
1365697.0,0.0,-3.1355,-0.0,0.11573,0.0,0.0,-0.1915,0.0,0.0,128.0,549.0
1365737.0,0.0,-3.1355,0.0,0.11573,0.0,0.0,-0.1915,0.0,0.0,128.0,557.0
1365777.0,0.0,-3.1355,-0.0,0.11573,0.0,0.0,-0.1915,0.0,0.0,128.0,564.0
1365817.0,0.0,-3.1355,-0.001,0.11573,0.0,0.0,-0.1915,0.0,0.0,128.0,543.0
1365858.0,0.0,-3.1355,-0.001,0.11573,0.0,0.0,-0.1915,0.0,0.0,128.0,549.0
1365898.0,0.0,-3.1355,-0.001,0.11573,0.0,0.0,-0.1915,0.0,0.0,128.0,550.0
1365938.0,0.0,-3.1355,0.001,0.11573,0.0,0.0,-0.1915,0.0,0.0,128.0,549.0
1365979.0,0.0,-3.1355,0.001,0.11573,0.0,0.0,-0.1915,0.0,0.0,128.0,549.0
1366019.0,0.0,-3.1355,0.0,0.11573,0.0,0.0,-0.1915,0.0,0.0,128.0,549.0
1366059.0,0.0,-3.1355,-0.003,0.11573,0.0,0.0,-0.1915,0.0,0.0,128.0,550.0
1366099.0,0.0,-3.1355,-0.002,0.11573,0.0,0.0,-0.1915,0.0,0.0,128.0,542.0
1366139.0,0.0,-3.1355,0.0,0.11573,0.0,0.0,-0.1915,0.0,0.0,128.0,549.0
1366180.0,0.0,-3.1355,-0.001,0.11573,0.0,0.0,-0.1915,0.0,0.0,128.0,549.0
1366220.0,0.0,-3.1355,-0.001,0.11573,0.0,0.0,-0.1915,0.0,0.0,128.0,550.0
1366260.0,0.0,-3.1355,0.003,0.11573,0.0,0.0,-0.1915,0.0,0.0,128.0,549.0
1366300.0,0.0,-3.1355,-0.001,0.11573,0.0,0.0,-0.1915,0.0,0.0,128.0,549.0
1366341.0,0.0,-3.1339,0.006,0.11573,0.0,0.0,-0.1915,0.0,0.0,128.0,550.0
1366381.0,0.0,-3.1355,-0.0,0.11573,0.0,0.0,-0.1915,0.0,0.0,128.0,544.0
1366421.0,0.0,-3.1355,0.004,0.11573,0.0,0.0,-0.1915,0.0,0.0,128.0,550.0
1366461.0,0.0,-3.1355,-0.0,0.11573,0.0,0.0,-0.1915,0.0,0.0,128.0,550.0
1366501.0,0.0,-3.1355,-0.001,0.11573,0.0,0.0,-0.1915,0.0,0.0,128.0,557.0
1366542.0,0.0,-3.1355,-0.0,0.11573,0.0,0.0,-0.1915,0.0,0.0,128.0,557.0
1366582.0,0.0,-3.1355,0.0,0.11573,0.0,0.0,-0.1915,0.0,0.0,128.0,543.0
1366622.0,0.0,-3.1355,0.0,0.11573,0.0,0.0,-0.1915,0.0,0.0,128.0,549.0
1366663.0,0.0,-3.1355,0.0,0.11573,0.0,0.0,-0.1915,0.0,0.0,128.0,549.0
1366703.0,0.0,-3.1355,-0.001,0.11573,0.0,0.0,-0.1915,0.0,0.0,128.0,557.0
1366743.0,0.0,-3.1355,-0.002,0.11573,0.0,0.0,-0.1915,0.0,0.0,128.0,550.0
1366783.0,0.0,-3.1355,-0.0,0.11573,0.0,0.0,-0.1915,0.0,0.0,128.0,542.0
1366824.0,0.0,-3.1355,-0.001,0.11573,0.0,0.0,-0.1915,0.0,0.0,128.0,543.0
1366864.0,0.0,-3.1355,-0.0,0.11573,0.0,0.0,-0.1915,0.0,0.0,128.0,551.0
1366904.0,0.0,-3.1355,-0.001,0.11573,0.0,0.0,-0.1915,0.0,0.0,128.0,557.0
1366945.0,0.0,-3.1355,-0.0,0.11573,0.0,0.0,-0.1915,0.0,0.0,128.0,557.0
1366985.0,0.0,-3.1355,0.001,0.11573,0.0,0.0,-0.1915,0.0,0.0,128.0,543.0
1367025.0,0.0,-3.1355,-0.001,0.11573,0.0,0.0,-0.1915,0.0,0.0,128.0,549.0
1367065.0,0.0,-3.1355,0.005,0.11573,0.0,0.0,-0.1915,0.0,0.0,128.0,549.0
1367106.0,0.0,-3.1355,-0.002,0.11573,0.0,0.0,-0.1915,0.0,0.0,128.0,549.0
1367146.0,0.0,-3.1355,0.003,0.11573,0.0,0.0,-0.1915,0.0,0.0,128.0,557.0
1367186.0,0.0,-3.1355,0.004,0.11573,0.0,0.0,-0.1915,0.0,0.0,128.0,550.0
1367226.0,0.0,-3.1355,-0.001,0.11573,0.0,0.0,-0.1915,0.0,0.0,128.0,549.0
1367267.0,0.0,-3.1355,-0.0,0.11573,0.0,0.0,-0.1915,0.0,0.0,128.0,544.0
1367307.0,0.0,-3.1355,0.005,0.11573,0.0,0.0,-0.1915,0.0,0.0,128.0,549.0
1367347.0,0.0,-3.1355,0.0,0.11573,0.0,0.0,-0.1915,0.0,0.0,128.0,550.0
1367387.0,0.0,-3.1355,0.003,0.11573,0.0,0.0,-0.1915,0.0,0.0,128.0,570.0
1367427.0,0.0,-3.1355,-0.001,0.11573,0.0,0.0,-0.1915,0.0,0.0,128.0,549.0
1367467.0,0.0,-3.1355,0.0,0.11573,0.0,0.0,-0.1915,0.0,0.0,128.0,543.0
1367508.0,0.0,-3.1355,-0.002,0.11573,0.0,0.0,-0.1915,0.0,0.0,128.0,549.0
1367548.0,0.0,-3.1355,0.001,0.11573,0.0,0.0,-0.1915,0.0,0.0,128.0,550.0
1367588.0,0.0,-3.1355,-0.002,0.11573,0.0,0.0,-0.1915,0.0,0.0,128.0,549.0
1367628.0,0.0,-3.1355,-0.001,0.11573,0.0,0.0,-0.1915,0.0,0.0,128.0,549.0
1367669.0,0.0,-3.1355,0.001,0.11573,0.0,0.0,-0.1915,0.0,0.0,128.0,549.0
1367709.0,0.0,-3.1339,0.006,0.11573,0.0,0.0,-0.1915,0.0,0.0,128.0,549.0
1367749.0,0.0,-3.1355,-0.001,0.11573,0.0,0.0,-0.1915,0.0,0.0,128.0,550.0
1367789.0,0.0,-3.1355,-0.002,0.11573,0.0,0.0,-0.1915,0.0,0.0,128.0,557.0
1367830.0,0.0,-3.1355,-0.001,0.11573,0.0,0.0,-0.1915,0.0,0.0,128.0,549.0
1367870.0,0.0,-3.1355,-0.001,0.11573,0.0,0.0,-0.1915,0.0,0.0,128.0,549.0
1367910.0,0.0,-3.1355,0.001,0.11573,0.0,0.0,-0.1915,0.0,0.0,128.0,550.0
1367950.0,0.0,-3.1355,-0.002,0.11573,0.0,0.0,-0.1915,0.0,0.0,128.0,543.0
1367990.0,0.0,-3.1355,-0.001,0.11573,0.0,0.0,-0.1915,0.0,0.0,128.0,549.0
1368031.0,0.0,-3.1355,-0.002,0.11573,0.0,0.0,-0.1915,0.0,0.0,128.0,550.0
1368071.0,0.0,-3.1355,0.002,0.11573,0.0,0.0,-0.1915,0.0,0.0,128.0,550.0
1368111.0,0.0,-3.1355,0.002,0.11573,0.0,0.0,-0.1915,0.0,0.0,128.0,543.0
1368151.0,0.0,-3.1355,0.003,0.11573,0.0,0.0,-0.1915,0.0,0.0,128.0,549.0
1368192.0,0.0,-3.1355,-0.002,0.11573,0.0,0.0,-0.1915,0.0,0.0,128.0,544.0
1368232.0,0.0,-3.1355,-0.0,0.11573,0.0,0.0,-0.1915,0.0,0.0,128.0,549.0
1368272.0,0.0,-3.1355,-0.0,0.11573,0.0,0.0,-0.1915,0.0,0.0,128.0,550.0
1368312.0,0.0,-3.1355,0.0,0.11573,0.0,0.0,-0.1915,0.0,0.0,128.0,542.0
1368352.0,0.0,-3.1355,-0.001,0.11573,0.0,0.0,-0.1915,0.0,0.0,128.0,549.0
1368393.0,0.0,-3.1355,-0.001,0.11573,0.0,0.0,-0.1915,0.0,0.0,128.0,543.0
1368433.0,0.0,-3.1355,-0.003,0.11573,0.0,0.0,-0.1915,0.0,0.0,128.0,543.0
1368473.0,0.0,-3.1355,-0.001,0.11573,0.0,0.0,-0.1915,0.0,0.0,128.0,550.0
1368513.0,0.0,-3.1355,0.006,0.11573,0.0,0.0,-0.1915,0.0,0.0,128.0,549.0
1368554.0,0.0,-3.1355,-0.001,0.11573,0.0,0.0,-0.1915,0.0,0.0,128.0,543.0
1368594.0,0.0,-3.1355,0.001,0.11573,0.0,0.0,-0.1915,0.0,0.0,128.0,551.0
1368634.0,0.0,-3.1355,-0.002,0.11573,0.0,0.0,-0.1915,0.0,0.0,128.0,551.0
1368674.0,0.0,-3.1355,-0.0,0.11573,0.0,0.0,-0.1915,0.0,0.0,128.0,557.0
1368715.0,0.0,-3.1355,0.0,0.11573,0.0,0.0,-0.1915,0.0,0.0,128.0,558.0
1368755.0,0.0,-3.1355,0.0,0.11573,0.0,0.0,-0.1915,0.0,0.0,128.0,543.0
1368795.0,0.0,-3.1355,-0.004,0.11573,0.0,0.0,-0.1915,0.0,0.0,128.0,549.0
1368835.0,0.0,-3.1355,-0.003,0.11573,0.0,0.0,-0.1915,0.0,0.0,128.0,549.0
1368876.0,0.0,-3.1355,0.0,0.11573,0.0,0.0,-0.1915,0.0,0.0,128.0,549.0
1368916.0,0.0,-3.1355,0.0,0.11573,0.0,0.0,-0.1915,0.0,0.0,128.0,549.0
1368956.0,0.0,-3.1339,0.007,0.11573,0.0,0.0,-0.1915,0.0,0.0,128.0,557.0
1368996.0,0.0,-3.1355,-0.002,0.11573,0.0,0.0,-0.1915,0.0,0.0,128.0,550.0
1369036.0,0.0,-3.1355,0.0,0.11573,0.0,0.0,-0.1915,0.0,0.0,128.0,549.0
1369076.0,0.0,-3.1355,-0.001,0.11573,0.0,0.0,-0.1915,0.0,0.0,128.0,549.0
1369117.0,0.0,-3.1355,0.003,0.11573,0.0,0.0,-0.1915,0.0,0.0,128.0,549.0
1369157.0,0.0,-3.1355,-0.001,0.11573,0.0,0.0,-0.1915,0.0,0.0,128.0,550.0
1369197.0,0.0,-3.1355,-0.0,0.11573,0.0,0.0,-0.1915,0.0,0.0,128.0,551.0
1369238.0,0.0,-3.1355,0.004,0.11573,0.0,0.0,-0.1915,0.0,0.0,128.0,549.0
1369278.0,0.0,-3.1339,0.002,0.11573,0.0,0.0,-0.1915,0.0,0.0,128.0,556.0
1369318.0,0.0,-3.1355,-0.002,0.11573,0.0,0.0,-0.1915,0.0,0.0,128.0,550.0
1369358.0,0.0,-3.1355,0.003,0.11573,0.0,0.0,-0.1915,0.0,0.0,128.0,549.0
1369398.0,0.0,-3.1355,-0.002,0.11573,0.0,0.0,-0.1915,0.0,0.0,128.0,549.0
1369439.0,0.0,-3.1355,0.008,0.11573,0.0,0.0,-0.1915,0.0,0.0,128.0,556.0
1369479.0,0.0,-3.1355,-0.003,0.11573,0.0,0.0,-0.1915,0.0,0.0,128.0,550.0
1369519.0,0.0,-3.1355,-0.001,0.11573,0.0,0.0,-0.1915,0.0,0.0,128.0,542.0
1369559.0,0.0,-3.1355,-0.0,0.11573,0.0,0.0,-0.1915,0.0,0.0,128.0,549.0
1369600.0,0.0,-3.1355,-0.0,0.11573,0.0,0.0,-0.1915,0.0,0.0,128.0,549.0
1369640.0,0.0,-3.1355,-0.0,0.11573,0.0,0.0,-0.1915,0.0,0.0,128.0,550.0
1369680.0,0.0,-3.1355,0.0,0.11573,0.0,0.0,-0.1915,0.0,0.0,128.0,551.0
1369721.0,0.0,-3.1355,-0.004,0.11573,0.0,0.0,-0.1915,0.0,0.0,128.0,549.0
1369761.0,0.0,-3.1355,-0.001,0.11573,0.0,0.0,-0.1915,0.0,0.0,128.0,550.0
1369801.0,0.0,-3.1355,0.0,0.11573,0.0,0.0,-0.1915,0.0,0.0,128.0,543.0
1369842.0,0.0,-3.1355,-0.001,0.11573,0.0,0.0,-0.1915,0.0,0.0,128.0,549.0
1369882.0,0.0,-3.1355,-0.001,0.11573,0.0,0.0,-0.1915,0.0,0.0,128.0,544.0
1369922.0,0.0,-3.1355,-0.0,0.11573,0.0,0.0,-0.1915,0.0,0.0,128.0,550.0
1369962.0,0.0,-3.1355,0.002,0.11573,0.0,0.0,-0.1915,0.0,0.0,128.0,550.0
1370003.0,0.0,-3.1355,0.001,0.11573,0.0,0.0,-0.1915,0.0,0.0,128.0,557.0
1370043.0,0.0,-3.1355,-0.001,0.11573,0.0,0.0,-0.1915,0.0,0.0,128.0,557.0
1370083.0,0.0,-3.1355,-0.002,0.11573,0.0,0.0,-0.1915,0.0,0.0,128.0,570.0
1370123.0,0.0,-3.1355,-0.001,0.11573,0.0,0.0,-0.1915,0.0,0.0,128.0,549.0
1370163.0,0.0,-3.1355,0.0,0.11573,0.0,0.0,-0.1915,0.0,0.0,128.0,544.0
1370204.0,0.0,-3.1355,0.003,0.11573,0.0,0.0,-0.1915,0.0,0.0,128.0,550.0
1370244.0,0.0,-3.1355,0.003,0.11573,0.0,0.0,-0.1915,0.0,0.0,128.0,552.0
1370284.0,0.0,-3.1355,0.001,0.11573,0.0,0.0,-0.1915,0.0,0.0,128.0,550.0
1370324.0,0.0,-3.1355,-0.0,0.11573,0.0,0.0,-0.1915,0.0,0.0,128.0,549.0
1370364.0,0.0,-3.1355,0.004,0.11573,0.0,0.0,-0.1915,0.0,0.0,128.0,549.0
1370405.0,0.0,-3.1355,-0.003,0.11573,0.0,0.0,-0.1915,0.0,0.0,128.0,549.0
1370445.0,0.0,-3.1355,0.007,0.11573,0.0,0.0,-0.1915,0.0,0.0,128.0,557.0
1370485.0,0.0,-3.1355,0.004,0.11573,0.0,0.0,-0.1915,0.0,0.0,128.0,556.0
1370525.0,0.0,-3.1355,-0.001,0.11573,0.0,0.0,-0.1915,0.0,0.0,128.0,543.0
1370566.0,0.0,-3.1355,-0.001,0.11573,0.0,0.0,-0.1915,0.0,0.0,128.0,549.0
1370606.0,0.0,-3.1355,-0.001,0.11573,0.0,0.0,-0.1915,0.0,0.0,128.0,550.0
1370646.0,0.0,-3.1355,-0.001,0.11573,0.0,0.0,-0.1915,0.0,0.0,128.0,550.0
1370686.0,0.0,-3.1355,-0.0,0.11573,0.0,0.0,-0.1915,0.0,0.0,128.0,551.0
1370727.0,0.0,-3.1355,-0.002,0.11573,0.0,0.0,-0.1915,0.0,0.0,128.0,542.0
1370767.0,0.0,-3.1355,-0.002,0.11573,0.0,0.0,-0.1915,0.0,0.0,128.0,550.0
1370807.0,0.0,-3.1355,-0.003,0.11573,0.0,0.0,-0.1915,0.0,0.0,128.0,549.0
1370848.0,0.0,-3.1355,-0.001,0.11573,0.0,0.0,-0.1915,0.0,0.0,128.0,549.0
1370888.0,0.0,-3.1355,-0.0,0.11573,0.0,0.0,-0.1915,0.0,0.0,128.0,543.0
1370928.0,0.0,-3.1355,0.0,0.11573,0.0,0.0,-0.1915,0.0,0.0,128.0,551.0
1370968.0,0.0,-3.1355,-0.0,0.11573,0.0,0.0,-0.1915,0.0,0.0,128.0,550.0
1371008.0,0.0,-3.1355,-0.002,0.11573,0.0,0.0,-0.1915,0.0,0.0,128.0,549.0
1371048.0,0.0,-3.1355,0.002,0.11573,0.0,0.0,-0.1915,0.0,0.0,128.0,550.0
1371089.0,0.0,-3.1355,-0.002,0.11573,0.0,0.0,-0.1915,0.0,0.0,128.0,550.0
1371129.0,0.0,-3.1355,-0.002,0.11573,0.0,0.0,-0.1915,0.0,0.0,128.0,550.0
1371169.0,0.0,-3.1355,-0.001,0.11573,0.0,0.0,-0.1915,0.0,0.0,128.0,550.0
1371210.0,0.0,-3.1355,-0.002,0.11573,0.0,0.0,-0.1915,0.0,0.0,128.0,550.0
1371250.0,0.0,-3.1355,-0.001,0.11573,0.0,0.0,-0.1915,0.0,0.0,128.0,551.0
1371290.0,0.0,-3.1355,-0.001,0.11573,0.0,0.0,-0.1915,0.0,0.0,128.0,550.0
1371330.0,0.0,-3.1355,-0.0,0.11573,0.0,0.0,-0.1915,0.0,0.0,128.0,557.0
1371370.0,0.0,-3.1355,0.002,0.11573,0.0,0.0,-0.1915,0.0,0.0,128.0,558.0
1371411.0,0.0,-3.1355,-0.001,0.11573,0.0,0.0,-0.1915,0.0,0.0,128.0,558.0
1371451.0,0.0,-3.1355,-0.0,0.11573,0.0,0.0,-0.1915,0.0,0.0,128.0,558.0
1371491.0,0.0,-3.1355,-0.0,0.11573,0.0,0.0,-0.1915,0.0,0.0,128.0,564.0
1371531.0,0.0,-3.1355,-0.0,0.11573,0.0,0.0,-0.1915,0.0,0.0,128.0,549.0
1371571.0,0.0,-3.1355,0.001,0.11573,0.0,0.0,-0.1915,0.0,0.0,128.0,549.0
1371612.0,0.0,-3.1355,0.0,0.11573,0.0,0.0,-0.1915,0.0,0.0,128.0,549.0
1371652.0,0.0,-3.1355,-0.001,0.11573,0.0,0.0,-0.1915,0.0,0.0,128.0,564.0
1371692.0,0.0,-3.1355,-0.001,0.11573,0.0,0.0,-0.1915,0.0,0.0,128.0,549.0
1371733.0,0.0,-3.1355,0.002,0.11573,0.0,0.0,-0.1915,0.0,0.0,128.0,549.0
1371773.0,0.0,-3.1355,-0.002,0.11573,0.0,0.0,-0.1915,0.0,0.0,128.0,549.0
1371813.0,0.0,-3.1355,-0.001,0.11573,0.0,0.0,-0.1915,0.0,0.0,128.0,550.0
1371853.0,0.0,-3.1355,-0.0,0.11573,0.0,0.0,-0.1915,0.0,0.0,128.0,543.0
1371893.0,0.0,-3.1355,-0.0,0.11573,0.0,0.0,-0.1915,0.0,0.0,128.0,549.0
1371934.0,0.0,-3.1355,-0.0,0.11573,0.0,0.0,-0.1915,0.0,0.0,128.0,550.0
1371974.0,0.0,-3.1355,0.0,0.11573,0.0,0.0,-0.1915,0.0,0.0,128.0,549.0
1372014.0,0.0,-3.1355,-0.001,0.11573,0.0,0.0,-0.1915,0.0,0.0,128.0,557.0
1372054.0,0.0,-3.1355,-0.0,0.11573,0.0,0.0,-0.1915,0.0,0.0,128.0,550.0
1372094.0,0.0,-3.1355,-0.0,0.11573,0.0,0.0,-0.1915,0.0,0.0,128.0,549.0
1372135.0,0.0,-3.1355,0.002,0.11573,0.0,0.0,-0.1915,0.0,0.0,128.0,544.0
1372175.0,0.0,-3.1355,0.001,0.11573,0.0,0.0,-0.1915,0.0,0.0,128.0,549.0
1372215.0,0.0,-3.1355,-0.001,0.11573,0.0,0.0,-0.1915,0.0,0.0,128.0,550.0
1372255.0,0.0,-3.1355,0.002,0.11573,0.0,0.0,-0.1915,0.0,0.0,128.0,549.0
1372295.0,0.0,-3.1355,-0.001,0.11573,0.0,0.0,-0.1915,0.0,0.0,128.0,550.0
1372336.0,0.0,-3.1355,-0.0,0.11573,0.0,0.0,-0.1915,0.0,0.0,128.0,549.0
1372376.0,0.0,-3.1355,0.004,0.11573,0.0,0.0,-0.1915,0.0,0.0,128.0,550.0
1372416.0,0.0,-3.1355,0.001,0.11573,0.0,0.0,-0.1915,0.0,0.0,128.0,549.0
1372456.0,0.0,-3.1355,-0.003,0.11573,0.0,0.0,-0.1915,0.0,0.0,128.0,549.0
1372497.0,0.0,-3.1355,-0.001,0.11573,0.0,0.0,-0.1915,0.0,0.0,128.0,549.0
1372537.0,0.0,-3.1355,0.0,0.11573,0.0,0.0,-0.1915,0.0,0.0,128.0,550.0
1372577.0,0.0,-3.1355,-0.001,0.11573,0.0,0.0,-0.1915,0.0,0.0,128.0,544.0
1372618.0,0.0,-3.1355,-0.0,0.11573,0.0,0.0,-0.1915,0.0,0.0,128.0,549.0
1372658.0,0.0,-3.1355,-0.001,0.11573,0.0,0.0,-0.1915,0.0,0.0,128.0,551.0
1372698.0,0.0,-3.1355,-0.002,0.11573,0.0,0.0,-0.1915,0.0,0.0,128.0,550.0
1372738.0,0.0,-3.1355,-0.001,0.11573,0.0,0.0,-0.1915,0.0,0.0,128.0,558.0
1372779.0,0.0,-3.1355,-0.001,0.11573,0.0,0.0,-0.1915,0.0,0.0,128.0,544.0
1372819.0,0.0,-3.1355,-0.0,0.11573,0.0,0.0,-0.1915,0.0,0.0,128.0,543.0
1372859.0,0.0,-3.1355,-0.003,0.11573,0.0,0.0,-0.1915,0.0,0.0,128.0,549.0
1372899.0,0.0,-3.1355,-0.001,0.11573,0.0,0.0,-0.1915,0.0,0.0,128.0,549.0
1372940.0,0.0,-3.1355,-0.001,0.11573,0.0,0.0,-0.1915,0.0,0.0,128.0,549.0
1372980.0,0.0,-3.1355,-0.003,0.11573,0.0,0.0,-0.1915,0.0,0.0,128.0,549.0
1373020.0,0.0,-3.1355,0.001,0.11573,0.0,0.0,-0.1915,0.0,0.0,128.0,550.0
1373060.0,0.0,-3.1355,0.006,0.11573,0.0,0.0,-0.1915,0.0,0.0,128.0,550.0
1373101.0,0.0,-3.1355,-0.003,0.11573,0.0,0.0,-0.1915,0.0,0.0,128.0,543.0
1373141.0,0.0,-3.1355,-0.001,0.11573,0.0,0.0,-0.1915,0.0,0.0,128.0,549.0
1373181.0,0.0,-3.1355,0.006,0.11573,0.0,0.0,-0.1915,0.0,0.0,128.0,557.0
1373221.0,0.0,-3.1355,-0.002,0.11573,0.0,0.0,-0.1915,0.0,0.0,128.0,549.0
1373261.0,0.0,-3.1355,0.002,0.11573,0.0,0.0,-0.1915,0.0,0.0,128.0,543.0
1373301.0,0.0,-3.1355,-0.001,0.11573,0.0,0.0,-0.1915,0.0,0.0,128.0,549.0
1373342.0,0.0,-3.1355,0.003,0.11573,0.0,0.0,-0.1915,0.0,0.0,128.0,549.0
1373382.0,0.0,-3.1355,-0.002,0.11573,0.0,0.0,-0.1915,0.0,0.0,128.0,544.0
1373422.0,0.0,-3.1355,0.001,0.11573,0.0,0.0,-0.1915,0.0,0.0,128.0,551.0
1373462.0,0.0,-3.1355,0.002,0.11573,0.0,0.0,-0.1915,0.0,0.0,128.0,557.0
1373503.0,0.0,-3.1355,0.008,0.11573,0.0,0.0,-0.1915,0.0,0.0,128.0,557.0
1373543.0,0.0,-3.1355,-0.001,0.11573,0.0,0.0,-0.1915,0.0,0.0,128.0,549.0
1373583.0,0.0,-3.1355,0.003,0.11573,0.0,0.0,-0.1915,0.0,0.0,128.0,549.0
1373624.0,0.0,-3.1355,0.004,0.11573,0.0,0.0,-0.1915,0.0,0.0,128.0,550.0
1373664.0,0.0,-3.1355,0.0,0.11573,0.0,0.0,-0.1915,0.0,0.0,128.0,549.0
1373704.0,0.0,-3.1339,0.005,0.11573,0.0,0.0,-0.1915,0.0,0.0,128.0,556.0
1373744.0,0.0,-3.1355,-0.003,0.11573,0.0,0.0,-0.1915,0.0,0.0,128.0,550.0
1373784.0,0.0,-3.1355,0.002,0.11573,0.0,0.0,-0.1915,0.0,0.0,128.0,570.0
1373824.0,0.0,-3.1355,-0.001,0.11573,0.0,0.0,-0.1915,0.0,0.0,128.0,549.0
1373864.0,0.0,-3.1355,0.0,0.11573,0.0,0.0,-0.1915,0.0,0.0,128.0,549.0
1373905.0,0.0,-3.1355,-0.001,0.11573,0.0,0.0,-0.1915,0.0,0.0,128.0,549.0
1373945.0,0.0,-3.1355,-0.002,0.11573,0.0,0.0,-0.1915,0.0,0.0,128.0,551.0
1373985.0,0.0,-3.1355,0.0,0.11573,0.0,0.0,-0.1915,0.0,0.0,128.0,564.0
1374025.0,0.0,-3.1355,-0.001,0.11573,0.0,0.0,-0.1915,0.0,0.0,128.0,549.0
1374066.0,0.0,-3.1355,-0.0,0.11573,0.0,0.0,-0.1915,0.0,0.0,128.0,544.0
1374106.0,0.0,-3.1355,0.0,0.11573,0.0,0.0,-0.1915,0.0,0.0,128.0,550.0
1374146.0,0.0,-3.1355,-0.001,0.11573,0.0,0.0,-0.1915,0.0,0.0,128.0,549.0
1374186.0,0.0,-3.1355,0.002,0.11573,0.0,0.0,-0.1915,0.0,0.0,128.0,549.0
1374227.0,0.0,-3.1355,-0.002,0.11573,0.0,0.0,-0.1915,0.0,0.0,128.0,544.0
1374267.0,0.0,-3.1355,-0.0,0.11573,0.0,0.0,-0.1915,0.0,0.0,128.0,549.0
1374307.0,0.0,-3.1339,0.006,0.11573,0.0,0.0,-0.1915,0.0,0.0,128.0,557.0
1374347.0,0.0,-3.1355,0.0,0.11573,0.0,0.0,-0.1915,0.0,0.0,128.0,550.0
1374387.0,0.0,-3.1355,0.0,0.11573,0.0,0.0,-0.1915,0.0,0.0,128.0,549.0
1374428.0,0.0,-3.1355,-0.006,0.11573,0.0,0.0,-0.1915,0.0,0.0,128.0,549.0
1374468.0,0.0,-3.1355,-0.0,0.11573,0.0,0.0,-0.1915,0.0,0.0,128.0,550.0
1374508.0,0.0,-3.1355,0.002,0.11573,0.0,0.0,-0.1915,0.0,0.0,128.0,549.0
1374549.0,0.0,-3.1355,0.003,0.11573,0.0,0.0,-0.1915,0.0,0.0,128.0,549.0
1374589.0,0.0,-3.1355,-0.001,0.11573,0.0,0.0,-0.1915,0.0,0.0,128.0,550.0
1374629.0,0.0,-3.1355,-0.001,0.11573,0.0,0.0,-0.1915,0.0,0.0,128.0,544.0
1374669.0,0.0,-3.1355,-0.002,0.11573,0.0,0.0,-0.1915,0.0,0.0,128.0,564.0
1374709.0,0.0,-3.1355,-0.001,0.11573,0.0,0.0,-0.1915,0.0,0.0,128.0,543.0
1374749.0,0.0,-3.1355,-0.0,0.11573,0.0,0.0,-0.1915,0.0,0.0,128.0,551.0
1374790.0,0.0,-3.1355,0.0,0.11573,0.0,0.0,-0.1915,0.0,0.0,128.0,549.0
1374830.0,0.0,-3.1355,-0.0,0.11573,0.0,0.0,-0.1915,0.0,0.0,128.0,564.0
1374870.0,0.0,-3.1355,-0.001,0.11573,0.0,0.0,-0.1915,0.0,0.0,128.0,544.0
1374911.0,0.0,-3.1355,0.001,0.11573,0.0,0.0,-0.1915,0.0,0.0,128.0,549.0
1374951.0,0.0,-3.1355,-0.001,0.11573,0.0,0.0,-0.1915,0.0,0.0,128.0,549.0
1374991.0,0.0,-3.1355,-0.002,0.11573,0.0,0.0,-0.1915,0.0,0.0,128.0,550.0
1375031.0,0.0,-3.1355,-0.001,0.11573,0.0,0.0,-0.1915,0.0,0.0,128.0,549.0
1375072.0,0.0,-3.1355,-0.001,0.11573,0.0,0.0,-0.1915,0.0,0.0,128.0,549.0
1375112.0,0.0,-3.1355,-0.001,0.11573,0.0,0.0,-0.1915,0.0,0.0,128.0,549.0
1375152.0,0.0,-3.1355,-0.0,0.11573,0.0,0.0,-0.1915,0.0,0.0,128.0,550.0
1375192.0,0.0,-3.1355,-0.0,0.11573,0.0,0.0,-0.1915,0.0,0.0,128.0,549.0
1375233.0,0.0,-3.1355,-0.002,0.11573,0.0,0.0,-0.1915,0.0,0.0,128.0,549.0
1375273.0,0.0,-3.1355,-0.003,0.11573,0.0,0.0,-0.1915,0.0,0.0,128.0,549.0
1375313.0,0.0,-3.1355,0.0,0.11573,0.0,0.0,-0.1915,0.0,0.0,128.0,558.0
1375353.0,0.0,-3.1355,-0.002,0.11573,0.0,0.0,-0.1915,0.0,0.0,128.0,564.0
1375393.0,0.0,-3.1339,0.006,0.11573,0.0,0.0,-0.1915,0.0,0.0,128.0,550.0
1375434.0,0.0,-3.1355,-0.001,0.11573,0.0,0.0,-0.1915,0.0,0.0,128.0,549.0
1375474.0,0.0,-3.1355,-0.001,0.11573,0.0,0.0,-0.1915,0.0,0.0,128.0,550.0
1375514.0,0.0,-3.1355,-0.001,0.11573,0.0,0.0,-0.1915,0.0,0.0,128.0,549.0
1375554.0,0.0,-3.1355,-0.002,0.11573,0.0,0.0,-0.1915,0.0,0.0,128.0,549.0
1375595.0,0.0,-3.1355,-0.003,0.11573,0.0,0.0,-0.1915,0.0,0.0,128.0,550.0
1375635.0,0.0,-3.1355,-0.002,0.11573,0.0,0.0,-0.1915,0.0,0.0,128.0,549.0
1375675.0,0.0,-3.1355,-0.001,0.11573,0.0,0.0,-0.1915,0.0,0.0,128.0,550.0
1375715.0,0.0,-3.1355,0.003,0.11573,0.0,0.0,-0.1915,0.0,0.0,128.0,556.0
1375756.0,0.0,-3.1355,0.002,0.11573,0.0,0.0,-0.1915,0.0,0.0,128.0,549.0
1375796.0,0.0,-3.1355,-0.002,0.11573,0.0,0.0,-0.1915,0.0,0.0,128.0,544.0
1375836.0,0.0,-3.1355,-0.001,0.11573,0.0,0.0,-0.1915,0.0,0.0,128.0,550.0
1375876.0,0.0,-3.1355,-0.0,0.11573,0.0,0.0,-0.1915,0.0,0.0,128.0,557.0
1375917.0,0.0,-3.1355,-0.0,0.11573,0.0,0.0,-0.1915,0.0,0.0,128.0,558.0
1375957.0,0.0,-3.1355,0.0,0.11573,0.0,0.0,-0.1915,0.0,0.0,128.0,543.0
1375997.0,0.0,-3.1355,0.001,0.11573,0.0,0.0,-0.1915,0.0,0.0,128.0,545.0
1376037.0,0.0,-3.1355,0.004,0.11573,0.0,0.0,-0.1915,0.0,0.0,128.0,556.0
1376078.0,0.0,-3.1355,-0.0,0.11573,0.0,0.0,-0.1915,0.0,0.0,128.0,549.0
1376118.0,0.0,-3.1355,-0.002,0.11573,0.0,0.0,-0.1915,0.0,0.0,128.0,543.0
1376158.0,0.0,-3.1355,0.004,0.11573,0.0,0.0,-0.1915,0.0,0.0,128.0,550.0
1376198.0,0.0,-3.1355,0.003,0.11573,0.0,0.0,-0.1915,0.0,0.0,128.0,549.0
1376238.0,0.0,-3.1355,-0.0,0.11573,0.0,0.0,-0.1915,0.0,0.0,128.0,549.0
1376278.0,0.0,-3.1355,0.008,0.11573,0.0,0.0,-0.1915,0.0,0.0,128.0,556.0
1376319.0,0.0,-3.1355,-0.002,0.11573,0.0,0.0,-0.1915,0.0,0.0,128.0,549.0
1376359.0,0.0,-3.1355,-0.001,0.11573,0.0,0.0,-0.1915,0.0,0.0,128.0,550.0
1376399.0,0.0,-3.1355,-0.0,0.11573,0.0,0.0,-0.1915,0.0,0.0,128.0,544.0
1376440.0,0.0,-3.1355,0.0,0.11573,0.0,0.0,-0.1915,0.0,0.0,128.0,544.0
1376480.0,0.0,-3.1355,-0.001,0.11573,0.0,0.0,-0.1915,0.0,0.0,128.0,550.0
1376520.0,0.0,-3.1355,-0.001,0.11573,0.0,0.0,-0.1915,0.0,0.0,128.0,550.0
1376560.0,0.0,-3.1355,-0.0,0.11573,0.0,0.0,-0.1915,0.0,0.0,128.0,549.0
1376601.0,0.0,-3.1355,-0.001,0.11573,0.0,0.0,-0.1915,0.0,0.0,128.0,543.0
1376641.0,0.0,-3.1355,-0.0,0.11573,0.0,0.0,-0.1915,0.0,0.0,128.0,549.0
1376681.0,0.0,-3.1355,-0.001,0.11573,0.0,0.0,-0.1915,0.0,0.0,128.0,543.0
1376721.0,0.0,-3.1355,0.004,0.11573,0.0,0.0,-0.1915,0.0,0.0,128.0,550.0
1376761.0,0.0,-3.1355,0.003,0.11573,0.0,0.0,-0.1915,0.0,0.0,128.0,549.0
1376802.0,0.0,-3.1355,-0.001,0.11573,0.0,0.0,-0.1915,0.0,0.0,128.0,549.0
1376842.0,0.0,-3.1355,-0.0,0.11573,0.0,0.0,-0.1915,0.0,0.0,128.0,550.0
1376882.0,0.0,-3.1355,0.0,0.11573,0.0,0.0,-0.1915,0.0,0.0,128.0,549.0
1376922.0,0.0,-3.1355,0.001,0.11573,0.0,0.0,-0.1915,0.0,0.0,128.0,549.0
1376963.0,0.0,-3.1355,0.001,0.11573,0.0,0.0,-0.1915,0.0,0.0,128.0,543.0
1377003.0,0.0,-3.1355,-0.001,0.11573,0.0,0.0,-0.1915,0.0,0.0,128.0,558.0
1377043.0,0.0,-3.1355,0.001,0.11573,0.0,0.0,-0.1915,0.0,0.0,128.0,550.0
1377083.0,0.0,-3.1355,-0.002,0.11573,0.0,0.0,-0.1915,0.0,0.0,128.0,557.0
1377123.0,0.0,-3.1355,0.0,0.11573,0.0,0.0,-0.1915,0.0,0.0,128.0,551.0
1377164.0,0.0,-3.1355,0.0,0.11573,0.0,0.0,-0.1915,0.0,0.0,128.0,557.0
1377204.0,0.0,-3.1355,-0.0,0.11573,0.0,0.0,-0.1915,0.0,0.0,128.0,549.0
1377244.0,0.0,-3.1355,0.005,0.11573,0.0,0.0,-0.1915,0.0,0.0,128.0,549.0
1377285.0,0.0,-3.1355,-0.001,0.11573,0.0,0.0,-0.1915,0.0,0.0,128.0,550.0
1377325.0,0.0,-3.1355,-0.0,0.11573,0.0,0.0,-0.1915,0.0,0.0,128.0,550.0
1377365.0,0.0,-3.1355,0.0,0.11573,0.0,0.0,-0.1915,0.0,0.0,128.0,543.0
1377406.0,0.0,-3.1355,0.002,0.11573,0.0,0.0,-0.1915,0.0,0.0,128.0,549.0
1377446.0,0.0,-3.1355,-0.001,0.11573,0.0,0.0,-0.1915,0.0,0.0,128.0,556.0
1377486.0,0.0,-3.1355,-0.0,0.11573,0.0,0.0,-0.1915,0.0,0.0,128.0,549.0
1377527.0,0.0,-3.1355,0.0,0.11573,0.0,0.0,-0.1915,0.0,0.0,128.0,543.0
1377567.0,0.0,-3.1355,0.004,0.11573,0.0,0.0,-0.1915,0.0,0.0,128.0,543.0
1377607.0,0.0,-3.1355,0.004,0.11573,0.0,0.0,-0.1915,0.0,0.0,128.0,549.0
1377647.0,0.0,-3.1339,0.005,0.11573,0.0,0.0,-0.1915,0.0,0.0,128.0,556.0
1377687.0,0.0,-3.1355,-0.002,0.11573,0.0,0.0,-0.1915,0.0,0.0,128.0,550.0
1377727.0,0.0,-3.1355,-0.001,0.11573,0.0,0.0,-0.1915,0.0,0.0,128.0,544.0
1377768.0,0.0,-3.1355,-0.0,0.11573,0.0,0.0,-0.1915,0.0,0.0,128.0,549.0
1377808.0,0.0,-3.1355,0.007,0.11573,0.0,0.0,-0.1915,0.0,0.0,128.0,550.0
1377848.0,0.0,-3.1355,-0.003,0.11573,0.0,0.0,-0.1915,0.0,0.0,128.0,544.0
1377888.0,0.0,-3.1355,-0.001,0.11573,0.0,0.0,-0.1915,0.0,0.0,128.0,551.0
1377928.0,0.0,-3.1339,0.005,0.11573,0.0,0.0,-0.1915,0.0,0.0,128.0,565.0
1377969.0,0.0,-3.1355,-0.001,0.11573,0.0,0.0,-0.1915,0.0,0.0,128.0,557.0
1378009.0,0.0,-3.1355,-0.0,0.11573,0.0,0.0,-0.1915,0.0,0.0,128.0,569.0
1378049.0,0.0,-3.1355,-0.001,0.11573,0.0,0.0,-0.1915,0.0,0.0,128.0,543.0
1378090.0,0.0,-3.1355,-0.002,0.11573,0.0,0.0,-0.1915,0.0,0.0,128.0,549.0
1378130.0,0.0,-3.1355,-0.001,0.11573,0.0,0.0,-0.1915,0.0,0.0,128.0,550.0
1378170.0,0.0,-3.1355,0.005,0.11573,0.0,0.0,-0.1915,0.0,0.0,128.0,549.0
1378210.0,0.0,-3.1355,-0.001,0.11573,0.0,0.0,-0.1915,0.0,0.0,128.0,550.0
1378250.0,0.0,-3.1355,-0.006,0.11573,0.0,0.0,-0.1915,0.0,0.0,128.0,550.0
1378291.0,0.0,-3.1355,0.0,0.11573,0.0,0.0,-0.1915,0.0,0.0,128.0,549.0
1378331.0,0.0,-3.1355,-0.002,0.11573,0.0,0.0,-0.1915,0.0,0.0,128.0,551.0
1378371.0,0.0,-3.1355,-0.001,0.11573,0.0,0.0,-0.1915,0.0,0.0,128.0,551.0
1378411.0,0.0,-3.1355,0.003,0.11573,0.0,0.0,-0.1915,0.0,0.0,128.0,558.0
1378452.0,0.0,-3.1355,-0.001,0.11573,0.0,0.0,-0.1915,0.0,0.0,128.0,557.0
1378492.0,0.0,-3.1355,-0.001,0.11573,0.0,0.0,-0.1915,0.0,0.0,128.0,563.0
1378532.0,0.0,-3.1355,-0.0,0.11573,0.0,0.0,-0.1915,0.0,0.0,128.0,549.0
1378572.0,0.0,-3.1355,-0.001,0.11573,0.0,0.0,-0.1915,0.0,0.0,128.0,549.0
1378613.0,0.0,-3.1355,-0.0,0.11573,0.0,0.0,-0.1915,0.0,0.0,128.0,549.0
1378653.0,0.0,-3.1355,0.0,0.11573,0.0,0.0,-0.1915,0.0,0.0,128.0,544.0
1378693.0,0.0,-3.1355,-0.001,0.11573,0.0,0.0,-0.1915,0.0,0.0,128.0,551.0
1378734.0,0.0,-3.1355,0.004,0.11573,0.0,0.0,-0.1915,0.0,0.0,128.0,550.0
1378774.0,0.0,-3.1339,0.007,0.11573,0.0,0.0,-0.1915,0.0,0.0,128.0,550.0
1378814.0,0.0,-3.1355,-0.001,0.11573,0.0,0.0,-0.1915,0.0,0.0,128.0,549.0
1378854.0,0.0,-3.1355,0.0,0.11573,0.0,0.0,-0.1915,0.0,0.0,128.0,549.0
1378895.0,0.0,-3.1355,-0.001,0.11573,0.0,0.0,-0.1915,0.0,0.0,128.0,550.0
1378935.0,0.0,-3.1339,0.006,0.11573,0.0,0.0,-0.1915,0.0,0.0,128.0,556.0
1378975.0,0.0,-3.1355,0.002,0.11573,0.0,0.0,-0.1915,0.0,0.0,128.0,550.0
1379015.0,0.0,-3.1355,0.003,0.11573,0.0,0.0,-0.1915,0.0,0.0,128.0,549.0
1379055.0,0.0,-3.1355,-0.001,0.11573,0.0,0.0,-0.1915,0.0,0.0,128.0,550.0
1379096.0,0.0,-3.1355,-0.001,0.11573,0.0,0.0,-0.1915,0.0,0.0,128.0,549.0
1379136.0,0.0,-3.1339,0.007,0.11573,0.0,0.0,-0.1915,0.0,0.0,128.0,551.0
1379176.0,0.0,-3.1355,-0.001,0.11573,0.0,0.0,-0.1915,0.0,0.0,128.0,557.0
1379216.0,0.0,-3.1355,-0.001,0.11573,0.0,0.0,-0.1915,0.0,0.0,128.0,557.0
1379257.0,0.0,-3.1355,-0.002,0.11573,0.0,0.0,-0.1915,0.0,0.0,128.0,550.0
1379297.0,0.0,-3.1339,0.006,0.11573,0.0,0.0,-0.1915,0.0,0.0,128.0,564.0
1379337.0,0.0,-3.1355,-0.001,0.11573,0.0,0.0,-0.1915,0.0,0.0,128.0,543.0
1379377.0,0.0,-3.1355,0.001,0.11573,0.0,0.0,-0.1915,0.0,0.0,128.0,549.0
1379417.0,0.0,-3.1355,0.0,0.11573,0.0,0.0,-0.1915,0.0,0.0,128.0,549.0
1379457.0,0.0,-3.1355,0.0,0.11573,0.0,0.0,-0.1915,0.0,0.0,128.0,549.0
1379498.0,0.0,-3.1355,0.003,0.11573,0.0,0.0,-0.1915,0.0,0.0,128.0,549.0
1379538.0,0.0,-3.1355,-0.0,0.11573,0.0,0.0,-0.1915,0.0,0.0,128.0,550.0
1379578.0,0.0,-3.1355,-0.002,0.11573,0.0,0.0,-0.1915,0.0,0.0,128.0,549.0
1379618.0,0.0,-3.1355,-0.001,0.11573,0.0,0.0,-0.1915,0.0,0.0,128.0,549.0
1379659.0,0.0,-3.1355,0.002,0.11573,0.0,0.0,-0.1915,0.0,0.0,128.0,550.0
1379699.0,0.0,-3.1355,-0.0,0.11573,0.0,0.0,-0.1915,0.0,0.0,128.0,555.0
1379739.0,0.0,-3.1355,0.0,0.11573,0.0,0.0,-0.1915,0.0,0.0,128.0,550.0
1379779.0,0.0,-3.1355,-0.001,0.11573,0.0,0.0,-0.1915,0.0,0.0,128.0,549.0
1379819.0,0.0,-3.1355,-0.002,0.11573,0.0,0.0,-0.1915,0.0,0.0,128.0,543.0
1379860.0,0.0,-3.1355,-0.001,0.11573,0.0,0.0,-0.1915,0.0,0.0,128.0,549.0
1379900.0,0.0,-3.1355,-0.001,0.11573,0.0,0.0,-0.1915,0.0,0.0,128.0,543.0
1379940.0,0.0,-3.1355,-0.0,0.11573,0.0,0.0,-0.1915,0.0,0.0,128.0,550.0
1379980.0,0.0,-3.1355,-0.0,0.11573,0.0,0.0,-0.1915,0.0,0.0,128.0,543.0
1380020.0,0.0,-3.1355,0.002,0.11573,0.0,0.0,-0.1915,0.0,0.0,128.0,549.0
1380061.0,0.0,-3.1355,-0.001,0.11573,0.0,0.0,-0.1915,0.0,0.0,128.0,549.0
1380101.0,0.0,-3.1355,0.001,0.11573,0.0,0.0,-0.1915,0.0,0.0,128.0,550.0
1380141.0,0.0,-3.1355,0.001,0.11573,0.0,0.0,-0.1915,0.0,0.0,128.0,543.0
1380182.0,0.0,-3.1355,-0.0,0.11573,0.0,0.0,-0.1915,0.0,0.0,128.0,549.0
1380222.0,0.0,-3.1355,-0.002,0.11573,0.0,0.0,-0.1915,0.0,0.0,128.0,549.0
1380262.0,0.0,-3.1355,-0.0,0.11573,0.0,0.0,-0.1915,0.0,0.0,128.0,549.0
1380302.0,0.0,-3.1355,-0.001,0.11573,0.0,0.0,-0.1915,0.0,0.0,128.0,550.0
1380342.0,0.0,-3.1355,0.001,0.11573,0.0,0.0,-0.1915,0.0,0.0,128.0,544.0
1380383.0,0.0,-3.1355,-0.0,0.11573,0.0,0.0,-0.1915,0.0,0.0,128.0,549.0
1380423.0,0.0,-3.1355,-0.001,0.11573,0.0,0.0,-0.1915,0.0,0.0,128.0,549.0
1380463.0,0.0,-3.1355,-0.001,0.11573,0.0,0.0,-0.1915,0.0,0.0,128.0,550.0
1380503.0,0.0,-3.1355,-0.0,0.11573,0.0,0.0,-0.1915,0.0,0.0,128.0,542.0
1380543.0,0.0,-3.1355,0.0,0.11573,0.0,0.0,-0.1915,0.0,0.0,128.0,549.0
1380584.0,0.0,-3.1355,0.0,0.11573,0.0,0.0,-0.1915,0.0,0.0,128.0,549.0
1380624.0,0.0,-3.1355,-0.001,0.11573,0.0,0.0,-0.1915,0.0,0.0,128.0,564.0
1380664.0,0.0,-3.1355,0.003,0.11573,0.0,0.0,-0.1915,0.0,0.0,128.0,549.0
1380704.0,0.0,-3.1355,-0.001,0.11573,0.0,0.0,-0.1915,0.0,0.0,128.0,549.0
1380745.0,0.0,-3.1355,-0.0,0.11573,0.0,0.0,-0.1915,0.0,0.0,128.0,549.0
1380785.0,0.0,-3.1355,0.001,0.11573,0.0,0.0,-0.1915,0.0,0.0,128.0,550.0
1380825.0,0.0,-3.1355,0.0,0.11573,0.0,0.0,-0.1915,0.0,0.0,128.0,549.0
1380865.0,0.0,-3.1355,0.0,0.11573,0.0,0.0,-0.1915,0.0,0.0,128.0,549.0
1380906.0,0.0,-3.1339,0.008,0.11573,0.0,0.0,-0.1915,0.0,0.0,128.0,556.0
1380946.0,0.0,-3.1355,-0.002,0.11573,0.0,0.0,-0.1915,0.0,0.0,128.0,550.0
1380986.0,0.0,-3.1355,-0.0,0.11573,0.0,0.0,-0.1915,0.0,0.0,128.0,549.0
1381026.0,0.0,-3.1355,0.007,0.11573,0.0,0.0,-0.1915,0.0,0.0,128.0,557.0
1381067.0,0.0,-3.1355,-0.002,0.11573,0.0,0.0,-0.1915,0.0,0.0,128.0,549.0
1381107.0,0.0,-3.1355,-0.0,0.11573,0.0,0.0,-0.1915,0.0,0.0,128.0,550.0
1381147.0,0.0,-3.1355,0.0,0.11573,0.0,0.0,-0.1915,0.0,0.0,128.0,550.0
1381187.0,0.0,-3.1355,0.003,0.11573,0.0,0.0,-0.1915,0.0,0.0,128.0,542.0
1381228.0,0.0,-3.1355,0.002,0.11573,0.0,0.0,-0.1915,0.0,0.0,128.0,542.0
1381268.0,0.0,-3.1355,-0.001,0.11573,0.0,0.0,-0.1915,0.0,0.0,128.0,550.0
1381308.0,0.0,-3.1355,0.0,0.11573,0.0,0.0,-0.1915,0.0,0.0,128.0,550.0
1381348.0,0.0,-3.1355,-0.001,0.11573,0.0,0.0,-0.1915,0.0,0.0,128.0,550.0
1381388.0,0.0,-3.1355,-0.002,0.11573,0.0,0.0,-0.1915,0.0,0.0,128.0,544.0
1381429.0,0.0,-3.1355,0.001,0.11573,0.0,0.0,-0.1915,0.0,0.0,128.0,549.0
1381469.0,0.0,-3.1355,0.001,0.11573,0.0,0.0,-0.1915,0.0,0.0,128.0,549.0
1381509.0,0.0,-3.1355,-0.001,0.11573,0.0,0.0,-0.1915,0.0,0.0,128.0,550.0
1381549.0,0.0,-3.1355,-0.001,0.11573,0.0,0.0,-0.1915,0.0,0.0,128.0,549.0
1381590.0,0.0,-3.1355,-0.0,0.11573,0.0,0.0,-0.1915,0.0,0.0,128.0,549.0
1381630.0,0.0,-3.1355,-0.001,0.11573,0.0,0.0,-0.1915,0.0,0.0,128.0,549.0
1381670.0,0.0,-3.1355,0.002,0.11573,0.0,0.0,-0.1915,0.0,0.0,128.0,549.0
1381710.0,0.0,-3.1355,-0.001,0.11573,0.0,0.0,-0.1915,0.0,0.0,128.0,550.0
1381750.0,0.0,-3.1355,0.001,0.11573,0.0,0.0,-0.1915,0.0,0.0,128.0,549.0
1381790.0,0.0,-3.1355,-0.001,0.11573,0.0,0.0,-0.1915,0.0,0.0,128.0,543.0
1381831.0,0.0,-3.1355,-0.0,0.11573,0.0,0.0,-0.1915,0.0,0.0,128.0,549.0
1381871.0,0.0,-3.1355,-0.001,0.11573,0.0,0.0,-0.1915,0.0,0.0,128.0,564.0
1381911.0,0.0,-3.1355,-0.001,0.11573,0.0,0.0,-0.1915,0.0,0.0,128.0,543.0
1381952.0,0.0,-3.1355,0.0,0.11573,0.0,0.0,-0.1915,0.0,0.0,128.0,549.0
1381992.0,0.0,-3.1355,0.0,0.11573,0.0,0.0,-0.1915,0.0,0.0,128.0,551.0
1382032.0,0.0,-3.1355,0.007,0.11573,0.0,0.0,-0.1915,0.0,0.0,128.0,556.0
1382072.0,0.0,-3.1355,0.002,0.11573,0.0,0.0,-0.1915,0.0,0.0,128.0,564.0
1382112.0,0.0,-3.1355,-0.001,0.11573,0.0,0.0,-0.1915,0.0,0.0,128.0,549.0
1382153.0,0.0,-3.1355,-0.001,0.11573,0.0,0.0,-0.1915,0.0,0.0,128.0,544.0
1382193.0,0.0,-3.1355,-0.0,0.11573,0.0,0.0,-0.1915,0.0,0.0,128.0,549.0
1382233.0,0.0,-3.1355,-0.001,0.11573,0.0,0.0,-0.1915,0.0,0.0,128.0,549.0
1382273.0,0.0,-3.1355,-0.001,0.11573,0.0,0.0,-0.1915,0.0,0.0,128.0,551.0
1382313.0,0.0,-3.1355,0.004,0.11573,0.0,0.0,-0.1915,0.0,0.0,128.0,564.0
1382353.0,0.0,-3.1355,-0.001,0.11573,0.0,0.0,-0.1915,0.0,0.0,128.0,542.0
1382394.0,0.0,-3.1355,-0.0,0.11573,0.0,0.0,-0.1915,0.0,0.0,128.0,543.0
1382434.0,0.0,-3.1355,0.0,0.11573,0.0,0.0,-0.1915,0.0,0.0,128.0,550.0
1382474.0,0.0,-3.1355,0.006,0.11573,0.0,0.0,-0.1915,0.0,0.0,128.0,549.0
1382515.0,0.0,-3.1355,-0.001,0.11573,0.0,0.0,-0.1915,0.0,0.0,128.0,543.0
1382555.0,0.0,-3.1355,-0.002,0.11573,0.0,0.0,-0.1915,0.0,0.0,128.0,549.0
1382595.0,0.0,-3.1355,-0.001,0.11573,0.0,0.0,-0.1915,0.0,0.0,128.0,550.0
1382635.0,0.0,-3.1355,-0.0,0.11573,0.0,0.0,-0.1915,0.0,0.0,128.0,549.0
1382675.0,0.0,-3.1355,0.005,0.11573,0.0,0.0,-0.1915,0.0,0.0,128.0,544.0
1382716.0,0.0,-3.1355,-0.002,0.11573,0.0,0.0,-0.1915,0.0,0.0,128.0,549.0
1382756.0,0.0,-3.1355,-0.001,0.11573,0.0,0.0,-0.1915,0.0,0.0,128.0,551.0
1382796.0,0.0,-3.1355,-0.001,0.11573,0.0,0.0,-0.1915,0.0,0.0,128.0,551.0
1382836.0,0.0,-3.1355,-0.0,0.11573,0.0,0.0,-0.1915,0.0,0.0,128.0,551.0
1382877.0,0.0,-3.1355,0.001,0.11573,0.0,0.0,-0.1915,0.0,0.0,128.0,558.0
1382917.0,0.0,-3.1355,-0.002,0.11573,0.0,0.0,-0.1915,0.0,0.0,128.0,549.0
1382957.0,0.0,-3.1355,-0.002,0.11573,0.0,0.0,-0.1915,0.0,0.0,128.0,549.0
1382998.0,0.0,-3.1355,-0.0,0.11573,0.0,0.0,-0.1915,0.0,0.0,128.0,549.0
1383038.0,0.0,-3.1355,-0.0,0.11573,0.0,0.0,-0.1915,0.0,0.0,128.0,549.0
1383078.0,0.0,-3.1355,-0.001,0.11573,0.0,0.0,-0.1915,0.0,0.0,128.0,564.0
1383118.0,0.0,-3.1355,-0.001,0.11573,0.0,0.0,-0.1915,0.0,0.0,128.0,549.0
1383159.0,0.0,-3.1355,-0.0,0.11573,0.0,0.0,-0.1915,0.0,0.0,128.0,543.0
1383199.0,0.0,-3.1355,0.002,0.11573,0.0,0.0,-0.1915,0.0,0.0,128.0,542.0
1383239.0,0.0,-3.1355,0.003,0.11573,0.0,0.0,-0.1915,0.0,0.0,128.0,549.0
1383279.0,0.0,-3.1355,-0.001,0.11573,0.0,0.0,-0.1915,0.0,0.0,128.0,549.0
1383319.0,0.0,-3.1355,-0.001,0.11573,0.0,0.0,-0.1915,0.0,0.0,128.0,550.0
1383359.0,0.0,-3.1355,-0.001,0.11573,0.0,0.0,-0.1915,0.0,0.0,128.0,543.0
1383399.0,0.0,-3.1355,0.0,0.11573,0.0,0.0,-0.1915,0.0,0.0,128.0,549.0
1383440.0,0.0,-3.1355,-0.001,0.11573,0.0,0.0,-0.1915,0.0,0.0,128.0,543.0
1383480.0,0.0,-3.1355,0.001,0.11573,0.0,0.0,-0.1915,0.0,0.0,128.0,550.0
1383520.0,0.0,-3.1355,-0.0,0.11573,0.0,0.0,-0.1915,0.0,0.0,128.0,549.0
1383561.0,0.0,-3.1355,-0.001,0.11573,0.0,0.0,-0.1915,0.0,0.0,128.0,549.0
1383601.0,0.0,-3.1355,-0.0,0.11573,0.0,0.0,-0.1915,0.0,0.0,128.0,544.0
1383641.0,0.0,-3.137,-0.003,0.11573,0.0,0.0,-0.1915,0.0,0.0,128.0,558.0
1383681.0,0.0,-3.1355,-0.001,0.11573,0.0,0.0,-0.1915,0.0,0.0,128.0,557.0
1383722.0,0.0,-3.1355,-0.0,0.11573,0.0,0.0,-0.1915,0.0,0.0,128.0,557.0
1383762.0,0.0,-3.1339,0.005,0.11573,0.0,0.0,-0.1915,0.0,0.0,128.0,556.0
1383802.0,0.0,-3.1355,-0.001,0.11573,0.0,0.0,-0.1915,0.0,0.0,128.0,549.0
1383843.0,0.0,-3.1355,-0.001,0.11573,0.0,0.0,-0.1915,0.0,0.0,128.0,549.0
1383883.0,0.0,-3.1355,-0.001,0.11573,0.0,0.0,-0.1915,0.0,0.0,128.0,549.0
1383923.0,0.0,-3.1355,0.005,0.11573,0.0,0.0,-0.1915,0.0,0.0,128.0,557.0
1383963.0,0.0,-3.1355,-0.002,0.11573,0.0,0.0,-0.1915,0.0,0.0,128.0,549.0
1384003.0,0.0,-3.1355,-0.001,0.11573,0.0,0.0,-0.1915,0.0,0.0,128.0,549.0
1384044.0,0.0,-3.1355,-0.0,0.11573,0.0,0.0,-0.1915,0.0,0.0,128.0,549.0
1384084.0,0.0,-3.1355,0.0,0.11573,0.0,0.0,-0.1915,0.0,0.0,128.0,550.0
1384124.0,0.0,-3.1339,0.005,0.11573,0.0,0.0,-0.1915,0.0,0.0,128.0,565.0
1384165.0,0.0,-3.1355,-0.001,0.11573,0.0,0.0,-0.1915,0.0,0.0,128.0,550.0
1384205.0,0.0,-3.1355,-0.001,0.11573,0.0,0.0,-0.1915,0.0,0.0,128.0,551.0
1384245.0,0.0,-3.1355,-0.001,0.11573,0.0,0.0,-0.1915,0.0,0.0,128.0,558.0
1384285.0,0.0,-3.1355,-0.0,0.11573,0.0,0.0,-0.1915,0.0,0.0,128.0,569.0
1384325.0,0.0,-3.1355,0.0,0.11573,0.0,0.0,-0.1915,0.0,0.0,128.0,550.0
1384366.0,0.0,-3.1355,0.001,0.11573,0.0,0.0,-0.1915,0.0,0.0,128.0,549.0
1384406.0,0.0,-3.1355,-0.001,0.11573,0.0,0.0,-0.1915,0.0,0.0,128.0,549.0
1384446.0,0.0,-3.1355,-0.0,0.11573,0.0,0.0,-0.1915,0.0,0.0,128.0,550.0
1384486.0,0.0,-3.1355,0.0,0.11573,0.0,0.0,-0.1915,0.0,0.0,128.0,542.0
1384527.0,0.0,-3.1355,-0.001,0.11573,0.0,0.0,-0.1915,0.0,0.0,128.0,543.0
1384567.0,0.0,-3.1355,-0.002,0.11573,0.0,0.0,-0.1915,0.0,0.0,128.0,549.0
1384607.0,0.0,-3.1355,-0.0,0.11573,0.0,0.0,-0.1915,0.0,0.0,128.0,550.0
1384647.0,0.0,-3.1355,-0.001,0.11573,0.0,0.0,-0.1915,0.0,0.0,128.0,557.0
1384687.0,0.0,-3.1355,0.004,0.11573,0.0,0.0,-0.1915,0.0,0.0,128.0,551.0
1384728.0,0.0,-3.1355,0.0,0.11573,0.0,0.0,-0.1915,0.0,0.0,128.0,557.0
1384768.0,0.0,-3.1355,-0.0,0.11573,0.0,0.0,-0.1915,0.0,0.0,128.0,543.0
1384808.0,0.0,-3.1355,-0.0,0.11573,0.0,0.0,-0.1915,0.0,0.0,128.0,549.0
1384848.0,0.0,-3.1355,-0.001,0.11573,0.0,0.0,-0.1915,0.0,0.0,128.0,549.0
1384889.0,0.0,-3.1355,-0.002,0.11573,0.0,0.0,-0.1915,0.0,0.0,128.0,549.0
1384929.0,0.0,-3.1355,0.009,0.11573,0.0,0.0,-0.1915,0.0,0.0,128.0,557.0
1384969.0,0.0,-3.1355,-0.001,0.11573,0.0,0.0,-0.1915,0.0,0.0,128.0,549.0
1385009.0,0.0,-3.1355,-0.001,0.11573,0.0,0.0,-0.1915,0.0,0.0,128.0,549.0
1385050.0,0.0,-3.1355,0.002,0.11573,0.0,0.0,-0.1915,0.0,0.0,128.0,549.0
1385090.0,0.0,-3.1355,-0.002,0.11573,0.0,0.0,-0.1915,0.0,0.0,128.0,550.0
1385130.0,0.0,-3.1355,-0.0,0.11573,0.0,0.0,-0.1915,0.0,0.0,128.0,549.0
1385170.0,0.0,-3.1355,0.0,0.11573,0.0,0.0,-0.1915,0.0,0.0,128.0,549.0
1385211.0,0.0,-3.1355,-0.001,0.11573,0.0,0.0,-0.1915,0.0,0.0,128.0,549.0
1385251.0,0.0,-3.1355,-0.0,0.11573,0.0,0.0,-0.1915,0.0,0.0,128.0,544.0
1385291.0,0.0,-3.1355,0.0,0.11573,0.0,0.0,-0.1915,0.0,0.0,128.0,564.0
1385331.0,0.0,-3.1355,0.0,0.11573,0.0,0.0,-0.1915,0.0,0.0,128.0,543.0
1385371.0,0.0,-3.1355,0.0,0.11573,0.0,0.0,-0.1915,0.0,0.0,128.0,555.0
1385412.0,0.0,-3.1355,0.0,0.11573,0.0,0.0,-0.1915,0.0,0.0,128.0,555.0
1385452.0,0.0,-3.1355,-0.001,0.11573,0.0,0.0,-0.1915,0.0,0.0,128.0,550.0
1385492.0,0.0,-3.1355,-0.001,0.11573,0.0,0.0,-0.1915,0.0,0.0,128.0,557.0
1385533.0,0.0,-3.1355,0.003,0.11573,0.0,0.0,-0.1915,0.0,0.0,128.0,557.0
1385573.0,0.0,-3.1355,-0.001,0.11573,0.0,0.0,-0.1915,0.0,0.0,128.0,563.0
1385613.0,0.0,-3.1355,-0.001,0.11573,0.0,0.0,-0.1915,0.0,0.0,128.0,570.0
1385653.0,0.0,-3.1355,0.001,0.11573,0.0,0.0,-0.1915,0.0,0.0,128.0,549.0
1385693.0,0.0,-3.1355,-0.001,0.11573,0.0,0.0,-0.1915,0.0,0.0,128.0,549.0
1385733.0,0.0,-3.1355,-0.001,0.11573,0.0,0.0,-0.1915,0.0,0.0,128.0,549.0
1385774.0,0.0,-3.1355,0.001,0.11573,0.0,0.0,-0.1915,0.0,0.0,128.0,549.0
1385814.0,0.0,-3.1355,0.001,0.11573,0.0,0.0,-0.1915,0.0,0.0,128.0,544.0
1385854.0,0.0,-3.1355,-0.001,0.11573,0.0,0.0,-0.1915,0.0,0.0,128.0,552.0
1385894.0,0.0,-3.1355,-0.001,0.11573,0.0,0.0,-0.1915,0.0,0.0,128.0,557.0
1385935.0,0.0,-3.1355,-0.001,0.11573,0.0,0.0,-0.1915,0.0,0.0,128.0,557.0
1385975.0,0.0,-3.1355,-0.0,0.11573,0.0,0.0,-0.1915,0.0,0.0,128.0,558.0
1386015.0,0.0,-3.1339,0.005,0.11573,0.0,0.0,-0.1915,0.0,0.0,128.0,550.0
1386055.0,0.0,-3.1355,-0.002,0.11573,0.0,0.0,-0.1915,0.0,0.0,128.0,549.0
1386095.0,0.0,-3.1355,0.001,0.11573,0.0,0.0,-0.1915,0.0,0.0,128.0,549.0
1386136.0,0.0,-3.1355,-0.002,0.11573,0.0,0.0,-0.1915,0.0,0.0,128.0,543.0
1386176.0,0.0,-3.1355,-0.001,0.11573,0.0,0.0,-0.1915,0.0,0.0,128.0,550.0
1386216.0,0.0,-3.1355,0.001,0.11573,0.0,0.0,-0.1915,0.0,0.0,128.0,543.0
1386257.0,0.0,-3.1355,-0.001,0.11573,0.0,0.0,-0.1915,0.0,0.0,128.0,549.0
1386297.0,0.0,-3.1355,-0.0,0.11573,0.0,0.0,-0.1915,0.0,0.0,128.0,549.0
1386337.0,0.0,-3.1355,-0.0,0.11573,0.0,0.0,-0.1915,0.0,0.0,128.0,551.0
1386377.0,0.0,-3.1355,-0.0,0.11573,0.0,0.0,-0.1915,0.0,0.0,128.0,564.0
1386417.0,0.0,-3.1355,0.0,0.11573,0.0,0.0,-0.1915,0.0,0.0,128.0,549.0
1386457.0,0.0,-3.1355,-0.0,0.11573,0.0,0.0,-0.1915,0.0,0.0,128.0,549.0
1386498.0,0.0,-3.1339,0.003,0.11573,0.0,0.0,-0.1915,0.0,0.0,128.0,556.0
1386538.0,0.0,-3.1355,-0.003,0.11573,0.0,0.0,-0.1915,0.0,0.0,128.0,550.0
1386578.0,0.0,-3.1355,-0.001,0.11573,0.0,0.0,-0.1915,0.0,0.0,128.0,550.0
1386619.0,0.0,-3.1355,0.004,0.11573,0.0,0.0,-0.1915,0.0,0.0,128.0,550.0
1386659.0,0.0,-3.1355,0.006,0.11573,0.0,0.0,-0.1915,0.0,0.0,128.0,557.0
1386699.0,0.0,-3.1355,0.001,0.11573,0.0,0.0,-0.1915,0.0,0.0,128.0,549.0
1386739.0,0.0,-3.1355,-0.001,0.11573,0.0,0.0,-0.1915,0.0,0.0,128.0,549.0
1386779.0,0.0,-3.137,-0.006,0.11573,0.0,0.0,-0.1915,0.0,0.0,128.0,556.0
1386820.0,0.0,-3.1355,0.001,0.11573,0.0,0.0,-0.1915,0.0,0.0,128.0,549.0
1386860.0,0.0,-3.1355,-0.0,0.11573,0.0,0.0,-0.1915,0.0,0.0,128.0,550.0
1386900.0,0.0,-3.1339,0.004,0.11573,0.0,0.0,-0.1915,0.0,0.0,128.0,556.0
1386940.0,0.0,-3.1355,-0.001,0.11573,0.0,0.0,-0.1915,0.0,0.0,128.0,543.0
1386980.0,0.0,-3.1355,0.006,0.11573,0.0,0.0,-0.1915,0.0,0.0,128.0,556.0
1387021.0,0.0,-3.1355,-0.001,0.11573,0.0,0.0,-0.1915,0.0,0.0,128.0,549.0
1387061.0,0.0,-3.1355,-0.0,0.11573,0.0,0.0,-0.1915,0.0,0.0,128.0,543.0
1387101.0,0.0,-3.1355,0.0,0.11573,0.0,0.0,-0.1915,0.0,0.0,128.0,544.0
1387141.0,0.0,-3.1355,0.003,0.11573,0.0,0.0,-0.1915,0.0,0.0,128.0,564.0
1387181.0,0.0,-3.1355,-0.001,0.11573,0.0,0.0,-0.1915,0.0,0.0,128.0,549.0
1387222.0,0.0,-3.1355,-0.0,0.11573,0.0,0.0,-0.1915,0.0,0.0,128.0,549.0
1387262.0,0.0,-3.1355,0.0,0.11573,0.0,0.0,-0.1915,0.0,0.0,128.0,551.0
1387302.0,0.0,-3.1355,0.001,0.11573,0.0,0.0,-0.1915,0.0,0.0,128.0,557.0
1387343.0,0.0,-3.1355,-0.001,0.11573,0.0,0.0,-0.1915,0.0,0.0,128.0,557.0
1387383.0,0.0,-3.1355,-0.0,0.11573,0.0,0.0,-0.1915,0.0,0.0,128.0,569.0
1387423.0,0.0,-3.1355,0.0,0.11573,0.0,0.0,-0.1915,0.0,0.0,128.0,551.0
1387464.0,0.0,-3.1355,0.0,0.11573,0.0,0.0,-0.1915,0.0,0.0,128.0,550.0
1387504.0,0.0,-3.1355,0.0,0.11573,0.0,0.0,-0.1915,0.0,0.0,128.0,557.0
1387544.0,0.0,-3.1355,-0.0,0.11573,0.0,0.0,-0.1915,0.0,0.0,128.0,564.0
1387584.0,0.0,-3.1355,-0.0,0.11573,0.0,0.0,-0.1915,0.0,0.0,128.0,549.0
1387625.0,0.0,-3.1355,-0.0,0.11573,0.0,0.0,-0.1915,0.0,0.0,128.0,543.0
1387665.0,0.0,-3.1355,-0.001,0.11573,0.0,0.0,-0.1915,0.0,0.0,128.0,544.0
1387705.0,0.0,-3.1355,0.004,0.11573,0.0,0.0,-0.1915,0.0,0.0,128.0,551.0
1387746.0,0.0,-3.1355,-0.001,0.11573,0.0,0.0,-0.1915,0.0,0.0,128.0,550.0
1387786.0,0.0,-3.1355,-0.0,0.11573,0.0,0.0,-0.1915,0.0,0.0,128.0,558.0
1387826.0,0.0,-3.1355,-0.001,0.11573,0.0,0.0,-0.1915,0.0,0.0,128.0,570.0
1387866.0,0.0,-3.1355,0.001,0.11573,0.0,0.0,-0.1915,0.0,0.0,128.0,549.0
1387907.0,0.0,-3.1355,-0.0,0.11573,0.0,0.0,-0.1915,0.0,0.0,128.0,549.0
1387947.0,0.0,-3.1355,-0.001,0.11573,0.0,0.0,-0.1915,0.0,0.0,128.0,549.0
1387987.0,0.0,-3.1355,-0.0,0.11573,0.0,0.0,-0.1915,0.0,0.0,128.0,564.0
1388027.0,0.0,-3.1355,-0.001,0.11573,0.0,0.0,-0.1915,0.0,0.0,128.0,549.0
1388068.0,0.0,-3.1355,0.0,0.11573,0.0,0.0,-0.1915,0.0,0.0,128.0,549.0
1388108.0,0.0,-3.1355,-0.001,0.11573,0.0,0.0,-0.1915,0.0,0.0,128.0,564.0
1388148.0,0.0,-3.1355,-0.0,0.11573,0.0,0.0,-0.1915,0.0,0.0,128.0,549.0
1388189.0,0.0,-3.1355,0.003,0.11573,0.0,0.0,-0.1915,0.0,0.0,128.0,543.0
1388229.0,0.0,-3.1355,0.001,0.11573,0.0,0.0,-0.1915,0.0,0.0,128.0,549.0
1388269.0,0.0,-3.1355,-0.001,0.11573,0.0,0.0,-0.1915,0.0,0.0,128.0,551.0
1388309.0,0.0,-3.1355,0.002,0.11573,0.0,0.0,-0.1915,0.0,0.0,128.0,550.0
1388349.0,0.0,-3.1355,-0.001,0.11573,0.0,0.0,-0.1915,0.0,0.0,128.0,557.0
1388390.0,0.0,-3.1355,-0.0,0.11573,0.0,0.0,-0.1915,0.0,0.0,128.0,558.0
1388430.0,0.0,-3.1355,0.004,0.11573,0.0,0.0,-0.1915,0.0,0.0,128.0,569.0
1388470.0,0.0,-3.1355,-0.002,0.11573,0.0,0.0,-0.1915,0.0,0.0,128.0,549.0
1388510.0,0.0,-3.1355,-0.002,0.11573,0.0,0.0,-0.1915,0.0,0.0,128.0,549.0
1388551.0,0.0,-3.1355,-0.002,0.11573,0.0,0.0,-0.1915,0.0,0.0,128.0,549.0
1388591.0,0.0,-3.1355,-0.002,0.11573,0.0,0.0,-0.1915,0.0,0.0,128.0,544.0
1388631.0,0.0,-3.1355,0.003,0.11573,0.0,0.0,-0.1915,0.0,0.0,128.0,564.0
1388671.0,0.0,-3.1355,-0.001,0.11573,0.0,0.0,-0.1915,0.0,0.0,128.0,549.0
1388712.0,0.0,-3.1355,-0.001,0.11573,0.0,0.0,-0.1915,0.0,0.0,128.0,549.0
1388752.0,0.0,-3.1355,-0.002,0.11573,0.0,0.0,-0.1915,0.0,0.0,128.0,550.0
1388792.0,0.0,-3.1355,-0.0,0.11573,0.0,0.0,-0.1915,0.0,0.0,128.0,543.0
1388833.0,0.0,-3.1355,-0.003,0.11573,0.0,0.0,-0.1915,0.0,0.0,128.0,549.0
1388873.0,0.0,-3.1355,-0.001,0.11573,0.0,0.0,-0.1915,0.0,0.0,128.0,550.0
1388913.0,0.0,-3.1355,-0.001,0.11573,0.0,0.0,-0.1915,0.0,0.0,128.0,549.0
1388953.0,0.0,-3.1355,-0.0,0.11573,0.0,0.0,-0.1915,0.0,0.0,128.0,550.0
1388994.0,0.0,-3.1355,0.0,0.11573,0.0,0.0,-0.1915,0.0,0.0,128.0,543.0
1389034.0,0.0,-3.1355,-0.001,0.11573,0.0,0.0,-0.1915,0.0,0.0,128.0,550.0
1389074.0,0.0,-3.1355,-0.001,0.11573,0.0,0.0,-0.1915,0.0,0.0,128.0,543.0
1389114.0,0.0,-3.1355,-0.001,0.11573,0.0,0.0,-0.1915,0.0,0.0,128.0,550.0
1389155.0,0.0,-3.1355,-0.0,0.11573,0.0,0.0,-0.1915,0.0,0.0,128.0,549.0
1389195.0,0.0,-3.1355,-0.001,0.11573,0.0,0.0,-0.1915,0.0,0.0,128.0,550.0
1389235.0,0.0,-3.1355,-0.002,0.11573,0.0,0.0,-0.1915,0.0,0.0,128.0,550.0
1389275.0,0.0,-3.1355,-0.001,0.11573,0.0,0.0,-0.1915,0.0,0.0,128.0,543.0
1389315.0,0.0,-3.1355,-0.001,0.11573,0.0,0.0,-0.1915,0.0,0.0,128.0,549.0
1389356.0,0.0,-3.1355,-0.0,0.11573,0.0,0.0,-0.1915,0.0,0.0,128.0,549.0
1389396.0,0.0,-3.1355,0.002,0.11573,0.0,0.0,-0.1915,0.0,0.0,128.0,549.0
1389436.0,0.0,-3.1355,0.002,0.11573,0.0,0.0,-0.1915,0.0,0.0,128.0,550.0
1389476.0,0.0,-3.1355,-0.003,0.11573,0.0,0.0,-0.1915,0.0,0.0,128.0,549.0
1389516.0,0.0,-3.1355,-0.001,0.11573,0.0,0.0,-0.1915,0.0,0.0,128.0,549.0
1389557.0,0.0,-3.1355,-0.001,0.11573,0.0,0.0,-0.1915,0.0,0.0,128.0,549.0
1389597.0,0.0,-3.1355,-0.0,0.11573,0.0,0.0,-0.1915,0.0,0.0,128.0,551.0
1389637.0,0.0,-3.1355,-0.001,0.11573,0.0,0.0,-0.1915,0.0,0.0,128.0,564.0
1389677.0,0.0,-3.1355,-0.0,0.11573,0.0,0.0,-0.1915,0.0,0.0,128.0,542.0
1389718.0,0.0,-3.1355,-0.002,0.11573,0.0,0.0,-0.1915,0.0,0.0,128.0,544.0
1389758.0,0.0,-3.1355,-0.001,0.11573,0.0,0.0,-0.1915,0.0,0.0,128.0,550.0
1389798.0,0.0,-3.1355,-0.0,0.11573,0.0,0.0,-0.1915,0.0,0.0,128.0,549.0
1389838.0,0.0,-3.1355,0.003,0.11573,0.0,0.0,-0.1915,0.0,0.0,128.0,550.0
1389879.0,0.0,-3.1355,-0.002,0.11573,0.0,0.0,-0.1915,0.0,0.0,128.0,549.0
1389919.0,0.0,-3.1355,-0.002,0.11573,0.0,0.0,-0.1915,0.0,0.0,128.0,550.0
1389959.0,0.0,-3.1355,0.0,0.11573,0.0,0.0,-0.1915,0.0,0.0,128.0,543.0
1390000.0,0.0,-3.1355,0.002,0.11573,0.0,0.0,-0.1915,0.0,0.0,128.0,549.0
1390040.0,0.0,-3.1355,-0.001,0.11573,0.0,0.0,-0.1915,0.0,0.0,128.0,549.0
1390080.0,0.0,-3.1355,0.001,0.11573,0.0,0.0,-0.1915,0.0,0.0,128.0,544.0
1390120.0,0.0,-3.1355,-0.001,0.11573,0.0,0.0,-0.1915,0.0,0.0,128.0,551.0
1390160.0,0.0,-3.1355,-0.001,0.11573,0.0,0.0,-0.1915,0.0,0.0,128.0,551.0
1390201.0,0.0,-3.1355,-0.0,0.11573,0.0,0.0,-0.1915,0.0,0.0,128.0,557.0
1390241.0,0.0,-3.1355,0.0,0.11573,0.0,0.0,-0.1915,0.0,0.0,128.0,549.0
1390281.0,0.0,-3.1355,-0.001,0.11573,0.0,0.0,-0.1915,0.0,0.0,128.0,549.0
1390322.0,0.0,-3.1355,-0.001,0.11573,0.0,0.0,-0.1915,0.0,0.0,128.0,549.0
1390362.0,0.0,-3.1355,-0.001,0.11573,0.0,0.0,-0.1915,0.0,0.0,128.0,551.0
1390402.0,0.0,-3.1355,-0.0,0.11573,0.0,0.0,-0.1915,0.0,0.0,128.0,551.0
1390442.0,0.0,-3.1355,0.001,0.11573,0.0,0.0,-0.1915,0.0,0.0,128.0,557.0
1390483.0,0.0,-3.1355,-0.001,0.11573,0.0,0.0,-0.1915,0.0,0.0,128.0,557.0
1390523.0,0.0,-3.1355,-0.0,0.11573,0.0,0.0,-0.1915,0.0,0.0,128.0,549.0
1390563.0,0.0,-3.1355,0.0,0.11573,0.0,0.0,-0.1915,0.0,0.0,128.0,550.0
1390604.0,0.0,-3.1355,0.003,0.11573,0.0,0.0,-0.1915,0.0,0.0,128.0,549.0
1390644.0,0.0,-3.1355,-0.001,0.11573,0.0,0.0,-0.1915,0.0,0.0,128.0,550.0
1390684.0,0.0,-3.1355,-0.0,0.11573,0.0,0.0,-0.1915,0.0,0.0,128.0,550.0
1390725.0,0.0,-3.1355,-0.001,0.11573,0.0,0.0,-0.1915,0.0,0.0,128.0,549.0
1390765.0,0.0,-3.1355,-0.0,0.11573,0.0,0.0,-0.1915,0.0,0.0,128.0,550.0
1390805.0,0.0,-3.1355,-0.0,0.11573,0.0,0.0,-0.1915,0.0,0.0,128.0,549.0
1390845.0,0.0,-3.1355,-0.001,0.11573,0.0,0.0,-0.1915,0.0,0.0,128.0,549.0
1390886.0,0.0,-3.1355,-0.0,0.11573,0.0,0.0,-0.1915,0.0,0.0,128.0,549.0
1390926.0,0.0,-3.1355,0.003,0.11573,0.0,0.0,-0.1915,0.0,0.0,128.0,550.0
1390966.0,0.0,-3.1355,-0.003,0.11573,0.0,0.0,-0.1915,0.0,0.0,128.0,542.0
1391006.0,0.0,-3.1355,-0.001,0.11573,0.0,0.0,-0.1915,0.0,0.0,128.0,549.0
1391047.0,0.0,-3.1355,0.0,0.11573,0.0,0.0,-0.1915,0.0,0.0,128.0,550.0
1391087.0,0.0,-3.1355,-0.0,0.11573,0.0,0.0,-0.1915,0.0,0.0,128.0,564.0
1391127.0,0.0,-3.1355,-0.0,0.11573,0.0,0.0,-0.1915,0.0,0.0,128.0,549.0
1391168.0,0.0,-3.1355,-0.001,0.11573,0.0,0.0,-0.1915,0.0,0.0,128.0,543.0
1391208.0,0.0,-3.1355,-0.001,0.11573,0.0,0.0,-0.1915,0.0,0.0,128.0,543.0
1391248.0,0.0,-3.1355,-0.0,0.11573,0.0,0.0,-0.1915,0.0,0.0,128.0,549.0
1391288.0,0.0,-3.1355,0.002,0.11573,0.0,0.0,-0.1915,0.0,0.0,128.0,550.0
1391328.0,0.0,-3.1355,-0.001,0.11573,0.0,0.0,-0.1915,0.0,0.0,128.0,542.0
1391368.0,0.0,-3.1355,-0.005,0.11573,0.0,0.0,-0.1915,0.0,0.0,128.0,549.0
1391409.0,0.0,-3.1355,0.001,0.11573,0.0,0.0,-0.1915,0.0,0.0,128.0,549.0
1391449.0,0.0,-3.1355,-0.001,0.11573,0.0,0.0,-0.1915,0.0,0.0,128.0,549.0
1391489.0,0.0,-3.1355,-0.001,0.11573,0.0,0.0,-0.1915,0.0,0.0,128.0,550.0
1391529.0,0.0,-3.1355,-0.002,0.11573,0.0,0.0,-0.1915,0.0,0.0,128.0,550.0
1391570.0,0.0,-3.1355,-0.0,0.11573,0.0,0.0,-0.1915,0.0,0.0,128.0,550.0
1391610.0,0.0,-3.1355,-0.001,0.11573,0.0,0.0,-0.1915,0.0,0.0,128.0,549.0
1391650.0,0.0,-3.1355,-0.001,0.11573,0.0,0.0,-0.1915,0.0,0.0,128.0,550.0
1391690.0,0.0,-3.1355,-0.0,0.11573,0.0,0.0,-0.1915,0.0,0.0,128.0,558.0
1391731.0,0.0,-3.1355,0.001,0.11573,0.0,0.0,-0.1915,0.0,0.0,128.0,557.0
1391771.0,0.0,-3.1355,-0.0,0.11573,0.0,0.0,-0.1915,0.0,0.0,128.0,543.0
1391811.0,0.0,-3.1355,0.0,0.11573,0.0,0.0,-0.1915,0.0,0.0,128.0,545.0
1391852.0,0.0,-3.1355,0.0,0.11573,0.0,0.0,-0.1915,0.0,0.0,128.0,549.0
1391892.0,0.0,-3.1355,-0.0,0.11573,0.0,0.0,-0.1915,0.0,0.0,128.0,550.0
1391932.0,0.0,-3.1355,-0.001,0.11573,0.0,0.0,-0.1915,0.0,0.0,128.0,549.0
1391972.0,0.0,-3.1355,-0.001,0.11573,0.0,0.0,-0.1915,0.0,0.0,128.0,549.0
1392013.0,0.0,-3.1355,0.0,0.11573,0.0,0.0,-0.1915,0.0,0.0,128.0,543.0
1392053.0,0.0,-3.1355,-0.001,0.11573,0.0,0.0,-0.1915,0.0,0.0,128.0,550.0
1392093.0,0.0,-3.1355,-0.0,0.11573,0.0,0.0,-0.1915,0.0,0.0,128.0,549.0
1392133.0,0.0,-3.1355,0.0,0.11573,0.0,0.0,-0.1915,0.0,0.0,128.0,549.0
1392174.0,0.0,-3.1355,-0.001,0.11573,0.0,0.0,-0.1915,0.0,0.0,128.0,543.0
1392214.0,0.0,-3.1355,-0.0,0.11573,0.0,0.0,-0.1915,0.0,0.0,128.0,550.0
1392254.0,0.0,-3.1355,0.0,0.11573,0.0,0.0,-0.1915,0.0,0.0,128.0,549.0
1392294.0,0.0,-3.1355,0.0,0.11573,0.0,0.0,-0.1915,0.0,0.0,128.0,549.0
1392335.0,0.0,-3.1355,0.0,0.11573,0.0,0.0,-0.1915,0.0,0.0,128.0,549.0
1392375.0,0.0,-3.1355,-0.001,0.11573,0.0,0.0,-0.1915,0.0,0.0,128.0,550.0
1392415.0,0.0,-3.1355,-0.002,0.11573,0.0,0.0,-0.1915,0.0,0.0,128.0,542.0
1392455.0,0.0,-3.1355,-0.001,0.11573,0.0,0.0,-0.1915,0.0,0.0,128.0,549.0
1392496.0,0.0,-3.1355,-0.0,0.11573,0.0,0.0,-0.1915,0.0,0.0,128.0,542.0
1392536.0,0.0,-3.1355,-0.001,0.11573,0.0,0.0,-0.1915,0.0,0.0,128.0,549.0
1392576.0,0.0,-3.1355,-0.0,0.11573,0.0,0.0,-0.1915,0.0,0.0,128.0,544.0
1392616.0,0.0,-3.1355,0.003,0.11573,0.0,0.0,-0.1915,0.0,0.0,128.0,551.0
1392656.0,0.0,-3.1355,-0.0,0.11573,0.0,0.0,-0.1915,0.0,0.0,128.0,557.0
1392696.0,0.0,-3.1355,-0.001,0.11573,0.0,0.0,-0.1915,0.0,0.0,128.0,551.0
1392737.0,0.0,-3.1355,-0.001,0.11573,0.0,0.0,-0.1915,0.0,0.0,128.0,543.0
1392777.0,0.0,-3.1355,-0.0,0.11573,0.0,0.0,-0.1915,0.0,0.0,128.0,549.0
1392817.0,0.0,-3.1355,-0.0,0.11573,0.0,0.0,-0.1915,0.0,0.0,128.0,549.0
1392858.0,0.0,-3.1355,-0.001,0.11573,0.0,0.0,-0.1915,0.0,0.0,128.0,549.0
1392898.0,0.0,-3.1355,-0.0,0.11573,0.0,0.0,-0.1915,0.0,0.0,128.0,550.0
1392938.0,0.0,-3.1355,-0.001,0.11573,0.0,0.0,-0.1915,0.0,0.0,128.0,543.0
1392978.0,0.0,-3.1339,0.006,0.11573,0.0,0.0,-0.1915,0.0,0.0,128.0,550.0
1393019.0,0.0,-3.1355,-0.001,0.11573,0.0,0.0,-0.1915,0.0,0.0,128.0,549.0
1393059.0,0.0,-3.1355,-0.0,0.11573,0.0,0.0,-0.1915,0.0,0.0,128.0,551.0
1393099.0,0.0,-3.1355,-0.001,0.11573,0.0,0.0,-0.1915,0.0,0.0,128.0,550.0
1393139.0,0.0,-3.1355,0.003,0.11573,0.0,0.0,-0.1915,0.0,0.0,128.0,549.0
1393180.0,0.0,-3.1355,-0.001,0.11573,0.0,0.0,-0.1915,0.0,0.0,128.0,549.0
1393220.0,0.0,-3.1355,-0.002,0.11573,0.0,0.0,-0.1915,0.0,0.0,128.0,544.0
1393260.0,0.0,-3.1355,-0.001,0.11573,0.0,0.0,-0.1915,0.0,0.0,128.0,551.0
1393300.0,0.0,-3.1355,-0.002,0.11573,0.0,0.0,-0.1915,0.0,0.0,128.0,557.0
1393341.0,0.0,-3.1355,-0.0,0.11573,0.0,0.0,-0.1915,0.0,0.0,128.0,557.0
1393381.0,0.0,-3.1355,-0.001,0.11573,0.0,0.0,-0.1915,0.0,0.0,128.0,558.0
1393421.0,0.0,-3.1355,0.0,0.11573,0.0,0.0,-0.1915,0.0,0.0,128.0,570.0
1393461.0,0.0,-3.1355,-0.0,0.11573,0.0,0.0,-0.1915,0.0,0.0,128.0,549.0
1393501.0,0.0,-3.1355,-0.001,0.11573,0.0,0.0,-0.1915,0.0,0.0,128.0,550.0
1393542.0,0.0,-3.1355,-0.0,0.11573,0.0,0.0,-0.1915,0.0,0.0,128.0,549.0
1393582.0,0.0,-3.1339,0.006,0.11573,0.0,0.0,-0.1915,0.0,0.0,128.0,556.0
1393622.0,0.0,-3.1355,-0.001,0.11573,0.0,0.0,-0.1915,0.0,0.0,128.0,557.0
1393662.0,0.0,-3.1355,-0.001,0.11573,0.0,0.0,-0.1915,0.0,0.0,128.0,550.0
1393702.0,0.0,-3.1355,0.001,0.11573,0.0,0.0,-0.1915,0.0,0.0,128.0,549.0
1393743.0,0.0,-3.1355,-0.003,0.11573,0.0,0.0,-0.1915,0.0,0.0,128.0,549.0
1393783.0,0.0,-3.1355,0.001,0.11573,0.0,0.0,-0.1915,0.0,0.0,128.0,550.0
1393823.0,0.0,-3.1355,0.0,0.11573,0.0,0.0,-0.1915,0.0,0.0,128.0,549.0
1393864.0,0.0,-3.1355,-0.002,0.11573,0.0,0.0,-0.1915,0.0,0.0,128.0,549.0
1393904.0,0.0,-3.1355,0.001,0.11573,0.0,0.0,-0.1915,0.0,0.0,128.0,543.0
1393944.0,0.0,-3.1355,0.0,0.11573,0.0,0.0,-0.1915,0.0,0.0,128.0,543.0
1393984.0,0.0,-3.1355,0.001,0.11573,0.0,0.0,-0.1915,0.0,0.0,128.0,549.0
1394024.0,0.0,-3.1355,-0.0,0.11573,0.0,0.0,-0.1915,0.0,0.0,128.0,549.0
1394064.0,0.0,-3.1355,-0.0,0.11573,0.0,0.0,-0.1915,0.0,0.0,128.0,550.0
1394104.0,0.0,-3.1355,-0.0,0.11573,0.0,0.0,-0.1915,0.0,0.0,128.0,549.0
1394145.0,0.0,-3.1355,0.001,0.11573,0.0,0.0,-0.1915,0.0,0.0,128.0,549.0
1394185.0,0.0,-3.1355,-0.002,0.11573,0.0,0.0,-0.1915,0.0,0.0,128.0,557.0
1394225.0,0.0,-3.1355,-0.001,0.11573,0.0,0.0,-0.1915,0.0,0.0,128.0,550.0
1394265.0,0.0,-3.1355,-0.0,0.11573,0.0,0.0,-0.1915,0.0,0.0,128.0,543.0
1394305.0,0.0,-3.1355,0.0,0.11573,0.0,0.0,-0.1915,0.0,0.0,128.0,549.0
1394346.0,0.0,-3.1355,-0.0,0.11573,0.0,0.0,-0.1915,0.0,0.0,128.0,549.0
1394386.0,0.0,-3.1355,0.0,0.11573,0.0,0.0,-0.1915,0.0,0.0,128.0,550.0
1394426.0,0.0,-3.1355,-0.001,0.11573,0.0,0.0,-0.1915,0.0,0.0,128.0,551.0
1394467.0,0.0,-3.1355,-0.002,0.11573,0.0,0.0,-0.1915,0.0,0.0,128.0,549.0
1394507.0,0.0,-3.1355,-0.0,0.11573,0.0,0.0,-0.1915,0.0,0.0,128.0,549.0
1394547.0,0.0,-3.1355,-0.0,0.11573,0.0,0.0,-0.1915,0.0,0.0,128.0,550.0
1394587.0,0.0,-3.1355,0.0,0.11573,0.0,0.0,-0.1915,0.0,0.0,128.0,570.0
1394627.0,0.0,-3.1355,0.0,0.11573,0.0,0.0,-0.1915,0.0,0.0,128.0,548.0
1394668.0,0.0,-3.1355,-0.0,0.11573,0.0,0.0,-0.1915,0.0,0.0,128.0,550.0
1394708.0,0.0,-3.1355,-0.0,0.11573,0.0,0.0,-0.1915,0.0,0.0,128.0,549.0
1394748.0,0.0,-3.1355,0.003,0.11573,0.0,0.0,-0.1915,0.0,0.0,128.0,544.0
1394788.0,0.0,-3.1355,-0.0,0.11573,0.0,0.0,-0.1915,0.0,0.0,128.0,551.0
1394828.0,0.0,-3.1355,-0.001,0.11573,0.0,0.0,-0.1915,0.0,0.0,128.0,550.0
1394868.0,0.0,-3.1355,0.005,0.11573,0.0,0.0,-0.1915,0.0,0.0,128.0,557.0
1394909.0,0.0,-3.1355,0.0,0.11573,0.0,0.0,-0.1915,0.0,0.0,128.0,557.0
1394949.0,0.0,-3.1355,-0.002,0.11573,0.0,0.0,-0.1915,0.0,0.0,128.0,557.0
1394989.0,0.0,-3.1355,0.004,0.11573,0.0,0.0,-0.1915,0.0,0.0,128.0,549.0
1395029.0,0.0,-3.1355,0.003,0.11573,0.0,0.0,-0.1915,0.0,0.0,128.0,544.0
1395070.0,0.0,-3.1355,-0.001,0.11573,0.0,0.0,-0.1915,0.0,0.0,128.0,549.0
1395110.0,0.0,-3.1355,-0.001,0.11573,0.0,0.0,-0.1915,0.0,0.0,128.0,550.0
1395150.0,0.0,-3.1355,-0.0,0.11573,0.0,0.0,-0.1915,0.0,0.0,128.0,549.0
1395190.0,0.0,-3.1355,0.0,0.11573,0.0,0.0,-0.1915,0.0,0.0,128.0,549.0
1395231.0,0.0,-3.1355,0.001,0.11573,0.0,0.0,-0.1915,0.0,0.0,128.0,549.0
1395271.0,0.0,-3.1355,0.001,0.11573,0.0,0.0,-0.1915,0.0,0.0,128.0,551.0
1395311.0,0.0,-3.1355,-0.003,0.11573,0.0,0.0,-0.1915,0.0,0.0,128.0,552.0
1395351.0,0.0,-3.1355,-0.002,0.11573,0.0,0.0,-0.1915,0.0,0.0,128.0,557.0
1395392.0,0.0,-3.1355,-0.001,0.11573,0.0,0.0,-0.1915,0.0,0.0,128.0,557.0
1395432.0,0.0,-3.1355,0.0,0.11573,0.0,0.0,-0.1915,0.0,0.0,128.0,557.0
1395472.0,0.0,-3.1355,0.001,0.11573,0.0,0.0,-0.1915,0.0,0.0,128.0,549.0
1395512.0,0.0,-3.1339,0.007,0.11573,0.0,0.0,-0.1915,0.0,0.0,128.0,556.0
1395553.0,0.0,-3.1355,-0.003,0.11573,0.0,0.0,-0.1915,0.0,0.0,128.0,549.0
1395593.0,0.0,-3.1355,-0.0,0.11573,0.0,0.0,-0.1915,0.0,0.0,128.0,543.0
1395633.0,0.0,-3.1355,-0.0,0.11573,0.0,0.0,-0.1915,0.0,0.0,128.0,544.0
1395673.0,0.0,-3.1355,0.004,0.11573,0.0,0.0,-0.1915,0.0,0.0,128.0,543.0
1395713.0,0.0,-3.1355,0.001,0.11573,0.0,0.0,-0.1915,0.0,0.0,128.0,557.0
1395753.0,0.0,-3.1339,0.005,0.11573,0.0,0.0,-0.1915,0.0,0.0,128.0,558.0
1395794.0,0.0,-3.1355,-0.001,0.11573,0.0,0.0,-0.1915,0.0,0.0,128.0,557.0
1395834.0,0.0,-3.1355,-0.0,0.11573,0.0,0.0,-0.1915,0.0,0.0,128.0,543.0
1395874.0,0.0,-3.1355,0.001,0.11573,0.0,0.0,-0.1915,0.0,0.0,128.0,549.0
1395914.0,0.0,-3.1355,-0.002,0.11573,0.0,0.0,-0.1915,0.0,0.0,128.0,549.0
1395955.0,0.0,-3.1355,-0.0,0.11573,0.0,0.0,-0.1915,0.0,0.0,128.0,549.0
1395995.0,0.0,-3.1355,-0.001,0.11573,0.0,0.0,-0.1915,0.0,0.0,128.0,550.0
1396035.0,0.0,-3.1355,-0.0,0.11573,0.0,0.0,-0.1915,0.0,0.0,128.0,550.0
1396075.0,0.0,-3.1355,0.005,0.11573,0.0,0.0,-0.1915,0.0,0.0,128.0,549.0
1396116.0,0.0,-3.1355,-0.001,0.11573,0.0,0.0,-0.1915,0.0,0.0,128.0,550.0
1396156.0,0.0,-3.1355,-0.0,0.11573,0.0,0.0,-0.1915,0.0,0.0,128.0,551.0
1396196.0,0.0,-3.1355,-0.0,0.11573,0.0,0.0,-0.1915,0.0,0.0,128.0,564.0
1396236.0,0.0,-3.1355,0.001,0.11573,0.0,0.0,-0.1915,0.0,0.0,128.0,549.0
1396277.0,0.0,-3.1355,-0.001,0.11573,0.0,0.0,-0.1915,0.0,0.0,128.0,550.0
1396317.0,0.0,-3.1355,0.005,0.11573,0.0,0.0,-0.1915,0.0,0.0,128.0,549.0
1396357.0,0.0,-3.1355,0.003,0.11573,0.0,0.0,-0.1915,0.0,0.0,128.0,551.0
1396397.0,0.0,-3.1355,-0.002,0.11573,0.0,0.0,-0.1915,0.0,0.0,128.0,550.0
1396437.0,0.0,-3.1355,-0.001,0.11573,0.0,0.0,-0.1915,0.0,0.0,128.0,550.0
1396478.0,0.0,-3.1355,0.001,0.11573,0.0,0.0,-0.1915,0.0,0.0,128.0,557.0
1396518.0,0.0,-3.1355,0.0,0.11573,0.0,0.0,-0.1915,0.0,0.0,128.0,557.0
1396558.0,0.0,-3.1355,0.001,0.11573,0.0,0.0,-0.1915,0.0,0.0,128.0,557.0
1396598.0,0.0,-3.1355,-0.002,0.11573,0.0,0.0,-0.1915,0.0,0.0,128.0,543.0
1396638.0,0.0,-3.1355,-0.001,0.11573,0.0,0.0,-0.1915,0.0,0.0,128.0,549.0
1396679.0,0.0,-3.1355,-0.0,0.11573,0.0,0.0,-0.1915,0.0,0.0,128.0,549.0
1396719.0,0.0,-3.1355,-0.001,0.11573,0.0,0.0,-0.1915,0.0,0.0,128.0,564.0
1396759.0,0.0,-3.1355,-0.001,0.11573,0.0,0.0,-0.1915,0.0,0.0,128.0,550.0
1396800.0,0.0,-3.1355,0.001,0.11573,0.0,0.0,-0.1915,0.0,0.0,128.0,543.0
1396840.0,0.0,-3.1355,0.002,0.11573,0.0,0.0,-0.1915,0.0,0.0,128.0,543.0
1396880.0,0.0,-3.1355,-0.001,0.11573,0.0,0.0,-0.1915,0.0,0.0,128.0,544.0
1396920.0,0.0,-3.1355,-0.001,0.11573,0.0,0.0,-0.1915,0.0,0.0,128.0,550.0
1396960.0,0.0,-3.1355,-0.002,0.11573,0.0,0.0,-0.1915,0.0,0.0,128.0,551.0
1397001.0,0.0,-3.1355,0.0,0.11573,0.0,0.0,-0.1915,0.0,0.0,128.0,549.0
1397041.0,0.0,-3.1355,-0.001,0.11573,0.0,0.0,-0.1915,0.0,0.0,128.0,543.0
1397081.0,0.0,-3.1355,-0.001,0.11573,0.0,0.0,-0.1915,0.0,0.0,128.0,549.0
1397121.0,0.0,-3.1355,-0.001,0.11573,0.0,0.0,-0.1915,0.0,0.0,128.0,549.0
1397162.0,0.0,-3.1355,-0.0,0.11573,0.0,0.0,-0.1915,0.0,0.0,128.0,543.0
1397202.0,0.0,-3.1355,-0.001,0.11573,0.0,0.0,-0.1915,0.0,0.0,128.0,550.0
1397242.0,0.0,-3.1355,0.005,0.11573,0.0,0.0,-0.1915,0.0,0.0,128.0,556.0
1397283.0,0.0,-3.1355,-0.001,0.11573,0.0,0.0,-0.1915,0.0,0.0,128.0,549.0
1397323.0,0.0,-3.1355,0.005,0.11573,0.0,0.0,-0.1915,0.0,0.0,128.0,556.0
1397363.0,0.0,-3.1355,-0.002,0.11573,0.0,0.0,-0.1915,0.0,0.0,128.0,550.0
1397403.0,0.0,-3.1355,-0.002,0.11573,0.0,0.0,-0.1915,0.0,0.0,128.0,549.0
1397443.0,0.0,-3.1355,0.003,0.11573,0.0,0.0,-0.1915,0.0,0.0,128.0,549.0
1397484.0,0.0,-3.1355,-0.002,0.11573,0.0,0.0,-0.1915,0.0,0.0,128.0,550.0
1397524.0,0.0,-3.1355,-0.0,0.11573,0.0,0.0,-0.1915,0.0,0.0,128.0,550.0
1397564.0,0.0,-3.1355,0.002,0.11573,0.0,0.0,-0.1915,0.0,0.0,128.0,549.0
1397604.0,0.0,-3.1355,0.003,0.11573,0.0,0.0,-0.1915,0.0,0.0,128.0,543.0
1397644.0,0.0,-3.1355,-0.001,0.11573,0.0,0.0,-0.1915,0.0,0.0,128.0,549.0
1397685.0,0.0,-3.1355,-0.0,0.11573,0.0,0.0,-0.1915,0.0,0.0,128.0,549.0
1397725.0,0.0,-3.1355,0.0,0.11573,0.0,0.0,-0.1915,0.0,0.0,128.0,550.0
1397765.0,0.0,-3.1355,0.0,0.11573,0.0,0.0,-0.1915,0.0,0.0,128.0,543.0
1397805.0,0.0,-3.1355,0.0,0.11573,0.0,0.0,-0.1915,0.0,0.0,128.0,555.0
1397846.0,0.0,-3.1355,0.0,0.11573,0.0,0.0,-0.1915,0.0,0.0,128.0,548.0
1397886.0,0.0,-3.1355,-0.0,0.11573,0.0,0.0,-0.1915,0.0,0.0,128.0,551.0
1397926.0,0.0,-3.1355,0.002,0.11573,0.0,0.0,-0.1915,0.0,0.0,128.0,550.0
1397966.0,0.0,-3.1355,0.002,0.11573,0.0,0.0,-0.1915,0.0,0.0,128.0,557.0
1398007.0,0.0,-3.1355,-0.001,0.11573,0.0,0.0,-0.1915,0.0,0.0,128.0,557.0
1398047.0,0.0,-3.1339,0.01,0.11573,0.0,0.0,-0.1915,0.0,0.0,128.0,558.0
1398087.0,0.0,-3.1355,-0.002,0.11573,0.0,0.0,-0.1915,0.0,0.0,128.0,549.0
1398127.0,0.0,-3.1355,0.001,0.11573,0.0,0.0,-0.1915,0.0,0.0,128.0,549.0
1398168.0,0.0,-3.1355,-0.001,0.11573,0.0,0.0,-0.1915,0.0,0.0,128.0,549.0
1398208.0,0.0,-3.1355,-0.0,0.11573,0.0,0.0,-0.1915,0.0,0.0,128.0,550.0
1398248.0,0.0,-3.1355,0.0,0.11573,0.0,0.0,-0.1915,0.0,0.0,128.0,549.0
1398289.0,0.0,-3.1355,-0.001,0.11573,0.0,0.0,-0.1915,0.0,0.0,128.0,543.0
1398329.0,0.0,-3.1355,0.003,0.11573,0.0,0.0,-0.1915,0.0,0.0,128.0,549.0
1398369.0,0.0,-3.1355,-0.002,0.11573,0.0,0.0,-0.1915,0.0,0.0,128.0,549.0
1398409.0,0.0,-3.1355,-0.0,0.11573,0.0,0.0,-0.1915,0.0,0.0,128.0,549.0
1398449.0,0.0,-3.1355,-0.0,0.11573,0.0,0.0,-0.1915,0.0,0.0,128.0,558.0
1398489.0,0.0,-3.1355,-0.0,0.11573,0.0,0.0,-0.1915,0.0,0.0,128.0,557.0
1398530.0,0.0,-3.1355,-0.001,0.11573,0.0,0.0,-0.1915,0.0,0.0,128.0,558.0
1398570.0,0.0,-3.1355,-0.0,0.11573,0.0,0.0,-0.1915,0.0,0.0,128.0,557.0
1398610.0,0.0,-3.1355,-0.0,0.11573,0.0,0.0,-0.1915,0.0,0.0,128.0,558.0
1398650.0,0.0,-3.1355,0.0,0.11573,0.0,0.0,-0.1915,0.0,0.0,128.0,549.0
1398690.0,0.0,-3.1355,-0.001,0.11573,0.0,0.0,-0.1915,0.0,0.0,128.0,549.0
1398731.0,0.0,-3.1355,0.0,0.11573,0.0,0.0,-0.1915,0.0,0.0,128.0,549.0
1398771.0,0.0,-3.1355,0.003,0.11573,0.0,0.0,-0.1915,0.0,0.0,128.0,551.0
1398811.0,0.0,-3.1355,-0.001,0.11573,0.0,0.0,-0.1915,0.0,0.0,128.0,558.0
1398852.0,0.0,-3.1355,-0.0,0.11573,0.0,0.0,-0.1915,0.0,0.0,128.0,552.0
1398892.0,0.0,-3.1355,-0.0,0.11573,0.0,0.0,-0.1915,0.0,0.0,128.0,558.0
1398932.0,0.0,-3.1355,0.003,0.11573,0.0,0.0,-0.1915,0.0,0.0,128.0,558.0
1398972.0,0.0,-3.1355,-0.002,0.11573,0.0,0.0,-0.1915,0.0,0.0,128.0,543.0
1399012.0,0.0,-3.1355,-0.001,0.11573,0.0,0.0,-0.1915,0.0,0.0,128.0,549.0
1399053.0,0.0,-3.1355,0.001,0.11573,0.0,0.0,-0.1915,0.0,0.0,128.0,549.0
1399093.0,0.0,-3.1355,-0.002,0.11573,0.0,0.0,-0.1915,0.0,0.0,128.0,549.0
1399133.0,0.0,-3.1355,0.003,0.11573,0.0,0.0,-0.1915,0.0,0.0,128.0,551.0
1399173.0,0.0,-3.1355,-0.001,0.11573,0.0,0.0,-0.1915,0.0,0.0,128.0,550.0
1399213.0,0.0,-3.1355,-0.001,0.11573,0.0,0.0,-0.1915,0.0,0.0,128.0,557.0
1399254.0,0.0,-3.1355,-0.0,0.11573,0.0,0.0,-0.1915,0.0,0.0,128.0,543.0
1399294.0,0.0,-3.1355,-0.0,0.11573,0.0,0.0,-0.1915,0.0,0.0,128.0,557.0
1399334.0,0.0,-3.1355,-0.001,0.11573,0.0,0.0,-0.1915,0.0,0.0,128.0,549.0
1399374.0,0.0,-3.1355,0.001,0.11573,0.0,0.0,-0.1915,0.0,0.0,128.0,549.0
1399415.0,0.0,-3.1355,0.0,0.11573,0.0,0.0,-0.1915,0.0,0.0,128.0,549.0
1399455.0,0.0,-3.1355,-0.0,0.11573,0.0,0.0,-0.1915,0.0,0.0,128.0,550.0
1399495.0,0.0,-3.1355,-0.001,0.11573,0.0,0.0,-0.1915,0.0,0.0,128.0,564.0
1399535.0,0.0,-3.1355,0.003,0.11573,0.0,0.0,-0.1915,0.0,0.0,128.0,542.0
1399575.0,0.0,-3.1355,0.003,0.11573,0.0,0.0,-0.1915,0.0,0.0,128.0,549.0
1399616.0,0.0,-3.1355,-0.003,0.11573,0.0,0.0,-0.1915,0.0,0.0,128.0,543.0
1399656.0,0.0,-3.1355,-0.001,0.11573,0.0,0.0,-0.1915,0.0,0.0,128.0,550.0
1399696.0,0.0,-3.1355,-0.001,0.11573,0.0,0.0,-0.1915,0.0,0.0,128.0,549.0
1399737.0,0.0,-3.1355,-0.001,0.11573,0.0,0.0,-0.1915,0.0,0.0,128.0,549.0
1399777.0,0.0,-3.1355,-0.0,0.11573,0.0,0.0,-0.1915,0.0,0.0,128.0,549.0
1399817.0,0.0,-3.1355,-0.0,0.11573,0.0,0.0,-0.1915,0.0,0.0,128.0,550.0
1399857.0,0.0,-3.1355,0.0,0.11573,0.0,0.0,-0.1915,0.0,0.0,128.0,549.0
1399898.0,0.0,-3.1355,-0.0,0.11573,0.0,0.0,-0.1915,0.0,0.0,128.0,549.0
1399938.0,0.0,-3.1355,0.0,0.11573,0.0,0.0,-0.1915,0.0,0.0,128.0,550.0
1399978.0,0.0,-3.1355,0.0,0.11573,0.0,0.0,-0.1915,0.0,0.0,128.0,570.0
1400018.0,0.0,-3.1355,-0.001,0.11573,0.0,0.0,-0.1915,0.0,0.0,128.0,549.0
1400059.0,0.0,-3.1355,-0.0,0.11573,0.0,0.0,-0.1915,0.0,0.0,128.0,549.0
1400099.0,0.0,-3.1355,0.0,0.11573,0.0,0.0,-0.1915,0.0,0.0,128.0,551.0
1400139.0,0.0,-3.1355,0.001,0.11573,0.0,0.0,-0.1915,0.0,0.0,128.0,557.0
1400179.0,0.0,-3.1355,-0.001,0.11573,0.0,0.0,-0.1915,0.0,0.0,128.0,551.0
1400219.0,0.0,-3.1355,-0.0,0.11573,0.0,0.0,-0.1915,0.0,0.0,128.0,551.0
1400260.0,0.0,-3.1355,0.0,0.11573,0.0,0.0,-0.1915,0.0,0.0,128.0,558.0
1400300.0,0.0,-3.1355,0.0,0.11573,0.0,0.0,-0.1915,0.0,0.0,128.0,543.0
1400340.0,0.0,-3.1355,-0.0,0.11573,0.0,0.0,-0.1915,0.0,0.0,128.0,543.0
1400381.0,0.0,-3.1355,-0.001,0.11573,0.0,0.0,-0.1915,0.0,0.0,128.0,549.0
1400421.0,0.0,-3.1355,-0.0,0.11573,0.0,0.0,-0.1915,0.0,0.0,128.0,544.0
1400461.0,0.0,-3.1355,0.0,0.11573,0.0,0.0,-0.1915,0.0,0.0,128.0,564.0
1400501.0,0.0,-3.1355,-0.003,0.11573,0.0,0.0,-0.1915,0.0,0.0,128.0,549.0
1400542.0,0.0,-3.1355,-0.001,0.11573,0.0,0.0,-0.1915,0.0,0.0,128.0,549.0
1400582.0,0.0,-3.1355,-0.0,0.11573,0.0,0.0,-0.1915,0.0,0.0,128.0,550.0
1400622.0,0.0,-3.1355,-0.001,0.11573,0.0,0.0,-0.1915,0.0,0.0,128.0,549.0
1400663.0,0.0,-3.1355,0.001,0.11573,0.0,0.0,-0.1915,0.0,0.0,128.0,542.0
1400703.0,0.0,-3.1355,0.0,0.11573,0.0,0.0,-0.1915,0.0,0.0,128.0,550.0
1400743.0,0.0,-3.1355,-0.0,0.11573,0.0,0.0,-0.1915,0.0,0.0,128.0,550.0
1400784.0,0.0,-3.1355,-0.002,0.11573,0.0,0.0,-0.1915,0.0,0.0,128.0,549.0
1400824.0,0.0,-3.1355,-0.001,0.11573,0.0,0.0,-0.1915,0.0,0.0,128.0,549.0
1400864.0,0.0,-3.1355,-0.0,0.11573,0.0,0.0,-0.1915,0.0,0.0,128.0,550.0
1400904.0,0.0,-3.1355,0.005,0.11573,0.0,0.0,-0.1915,0.0,0.0,128.0,549.0
1400944.0,0.0,-3.1355,-0.002,0.11573,0.0,0.0,-0.1915,0.0,0.0,128.0,557.0
1400985.0,0.0,-3.1355,-0.001,0.11573,0.0,0.0,-0.1915,0.0,0.0,128.0,544.0
1401025.0,0.0,-3.1355,0.001,0.11573,0.0,0.0,-0.1915,0.0,0.0,128.0,549.0
1401065.0,0.0,-3.1355,0.0,0.11573,0.0,0.0,-0.1915,0.0,0.0,128.0,549.0
1401105.0,0.0,-3.1355,-0.0,0.11573,0.0,0.0,-0.1915,0.0,0.0,128.0,550.0
1401145.0,0.0,-3.1355,-0.0,0.11573,0.0,0.0,-0.1915,0.0,0.0,128.0,551.0
1401186.0,0.0,-3.1355,0.003,0.11573,0.0,0.0,-0.1915,0.0,0.0,128.0,549.0
1401226.0,0.0,-3.1355,-0.001,0.11573,0.0,0.0,-0.1915,0.0,0.0,128.0,549.0
1401266.0,0.0,-3.1355,-0.0,0.11573,0.0,0.0,-0.1915,0.0,0.0,128.0,549.0
1401306.0,0.0,-3.1355,0.0,0.11573,0.0,0.0,-0.1915,0.0,0.0,128.0,544.0
1401346.0,0.0,-3.1355,0.002,0.11573,0.0,0.0,-0.1915,0.0,0.0,128.0,550.0
1401386.0,0.0,-3.1355,-0.001,0.11573,0.0,0.0,-0.1915,0.0,0.0,128.0,549.0
1401427.0,0.0,-3.1355,-0.0,0.11573,0.0,0.0,-0.1915,0.0,0.0,128.0,544.0
1401467.0,0.0,-3.1355,0.002,0.11573,0.0,0.0,-0.1915,0.0,0.0,128.0,549.0
1401507.0,0.0,-3.1355,0.003,0.11573,0.0,0.0,-0.1915,0.0,0.0,128.0,550.0
1401547.0,0.0,-3.1355,-0.001,0.11573,0.0,0.0,-0.1915,0.0,0.0,128.0,551.0
1401588.0,0.0,-3.1355,-0.0,0.11573,0.0,0.0,-0.1915,0.0,0.0,128.0,543.0
1401628.0,0.0,-3.1355,-0.004,0.11573,0.0,0.0,-0.1915,0.0,0.0,128.0,550.0
1401668.0,0.0,-3.1355,0.0,0.11573,0.0,0.0,-0.1915,0.0,0.0,128.0,542.0
1401709.0,0.0,-3.1355,0.0,0.11573,0.0,0.0,-0.1915,0.0,0.0,128.0,543.0
1401749.0,0.0,-3.1355,-0.001,0.11573,0.0,0.0,-0.1915,0.0,0.0,128.0,543.0
1401789.0,0.0,-3.1355,-0.001,0.11573,0.0,0.0,-0.1915,0.0,0.0,128.0,549.0
1401829.0,0.0,-3.1355,-0.003,0.11573,0.0,0.0,-0.1915,0.0,0.0,128.0,550.0
1401869.0,0.0,-3.1355,0.002,0.11573,0.0,0.0,-0.1915,0.0,0.0,128.0,549.0
1401909.0,0.0,-3.1355,-0.0,0.11573,0.0,0.0,-0.1915,0.0,0.0,128.0,542.0
1401949.0,0.0,-3.1355,-0.001,0.11573,0.0,0.0,-0.1915,0.0,0.0,128.0,549.0
1401990.0,0.0,-3.1355,-0.001,0.11573,0.0,0.0,-0.1915,0.0,0.0,128.0,549.0
1402030.0,0.0,-3.1355,-0.0,0.11573,0.0,0.0,-0.1915,0.0,0.0,128.0,549.0
1402070.0,0.0,-3.1355,-0.0,0.11573,0.0,0.0,-0.1915,0.0,0.0,128.0,550.0
1402110.0,0.0,-3.1355,-0.002,0.11573,0.0,0.0,-0.1915,0.0,0.0,128.0,549.0
1402150.0,0.0,-3.1355,0.0,0.11573,0.0,0.0,-0.1915,0.0,0.0,128.0,549.0
1402191.0,0.0,-3.1355,-0.001,0.11573,0.0,0.0,-0.1915,0.0,0.0,128.0,543.0
1402231.0,0.0,-3.1355,-0.002,0.11573,0.0,0.0,-0.1915,0.0,0.0,128.0,549.0
1402271.0,0.0,-3.1355,-0.001,0.11573,0.0,0.0,-0.1915,0.0,0.0,128.0,549.0
1402311.0,0.0,-3.1355,0.001,0.11573,0.0,0.0,-0.1915,0.0,0.0,128.0,544.0
1402351.0,0.0,-3.1355,-0.0,0.11573,0.0,0.0,-0.1915,0.0,0.0,128.0,557.0
1402392.0,0.0,-3.1355,-0.001,0.11573,0.0,0.0,-0.1915,0.0,0.0,128.0,557.0
1402432.0,0.0,-3.1355,-0.001,0.11573,0.0,0.0,-0.1915,0.0,0.0,128.0,557.0
1402472.0,0.0,-3.1355,-0.0,0.11573,0.0,0.0,-0.1915,0.0,0.0,128.0,543.0
1402512.0,0.0,-3.1355,-0.002,0.11573,0.0,0.0,-0.1915,0.0,0.0,128.0,570.0
1402552.0,0.0,-3.1355,-0.0,0.11573,0.0,0.0,-0.1915,0.0,0.0,128.0,549.0
1402593.0,0.0,-3.1355,0.002,0.11573,0.0,0.0,-0.1915,0.0,0.0,128.0,549.0
1402633.0,0.0,-3.1355,-0.001,0.11573,0.0,0.0,-0.1915,0.0,0.0,128.0,550.0
1402673.0,0.0,-3.1355,-0.001,0.11573,0.0,0.0,-0.1915,0.0,0.0,128.0,549.0
1402713.0,0.0,-3.1355,-0.0,0.11573,0.0,0.0,-0.1915,0.0,0.0,128.0,549.0
1402754.0,0.0,-3.1355,0.001,0.11573,0.0,0.0,-0.1915,0.0,0.0,128.0,549.0
1402794.0,0.0,-3.1355,-0.001,0.11573,0.0,0.0,-0.1915,0.0,0.0,128.0,549.0
1402834.0,0.0,-3.1355,-0.0,0.11573,0.0,0.0,-0.1915,0.0,0.0,128.0,544.0
1402874.0,0.0,-3.1355,0.001,0.11573,0.0,0.0,-0.1915,0.0,0.0,128.0,564.0
1402914.0,0.0,-3.1355,-0.001,0.11573,0.0,0.0,-0.1915,0.0,0.0,128.0,549.0
1402955.0,0.0,-3.1355,-0.0,0.11573,0.0,0.0,-0.1915,0.0,0.0,128.0,549.0
1402995.0,0.0,-3.1355,-0.001,0.11573,0.0,0.0,-0.1915,0.0,0.0,128.0,550.0
1403035.0,0.0,-3.1355,-0.001,0.11573,0.0,0.0,-0.1915,0.0,0.0,128.0,549.0
1403075.0,0.0,-3.1355,-0.002,0.11573,0.0,0.0,-0.1915,0.0,0.0,128.0,549.0
1403116.0,0.0,-3.1355,-0.001,0.11573,0.0,0.0,-0.1915,0.0,0.0,128.0,549.0
1403156.0,0.0,-3.1355,-0.0,0.11573,0.0,0.0,-0.1915,0.0,0.0,128.0,549.0
1403196.0,0.0,-3.1355,0.002,0.11573,0.0,0.0,-0.1915,0.0,0.0,128.0,564.0
1403236.0,0.0,-3.1355,0.003,0.11573,0.0,0.0,-0.1915,0.0,0.0,128.0,543.0
1403276.0,0.0,-3.1355,0.001,0.11573,0.0,0.0,-0.1915,0.0,0.0,128.0,550.0
1403317.0,0.0,-3.1355,-0.001,0.11573,0.0,0.0,-0.1915,0.0,0.0,128.0,549.0
1403357.0,0.0,-3.1355,-0.0,0.11573,0.0,0.0,-0.1915,0.0,0.0,128.0,558.0
1403397.0,0.0,-3.1355,0.0,0.11573,0.0,0.0,-0.1915,0.0,0.0,128.0,557.0
1403438.0,0.0,-3.1355,-0.0,0.11573,0.0,0.0,-0.1915,0.0,0.0,128.0,543.0
1403478.0,0.0,-3.1355,0.002,0.11573,0.0,0.0,-0.1915,0.0,0.0,128.0,549.0
1403518.0,0.0,-3.1355,-0.002,0.11573,0.0,0.0,-0.1915,0.0,0.0,128.0,549.0
1403559.0,0.0,-3.1355,-0.001,0.11573,0.0,0.0,-0.1915,0.0,0.0,128.0,549.0
1403599.0,0.0,-3.1355,0.002,0.11573,0.0,0.0,-0.1915,0.0,0.0,128.0,550.0
1403639.0,0.0,-3.1355,-0.001,0.11573,0.0,0.0,-0.1915,0.0,0.0,128.0,549.0
1403680.0,0.0,-3.1355,-0.0,0.11573,0.0,0.0,-0.1915,0.0,0.0,128.0,549.0
1403720.0,0.0,-3.1355,0.0,0.11573,0.0,0.0,-0.1915,0.0,0.0,128.0,551.0
1403760.0,0.0,-3.1355,0.001,0.11573,0.0,0.0,-0.1915,0.0,0.0,128.0,543.0
1403800.0,0.0,-3.1355,-0.0,0.11573,0.0,0.0,-0.1915,0.0,0.0,128.0,558.0
1403841.0,0.0,-3.1355,-0.003,0.11573,0.0,0.0,-0.1915,0.0,0.0,128.0,557.0
1403881.0,0.0,-3.1355,0.001,0.11573,0.0,0.0,-0.1915,0.0,0.0,128.0,558.0
1403921.0,0.0,-3.1355,0.0,0.11573,0.0,0.0,-0.1915,0.0,0.0,128.0,543.0
1403961.0,0.0,-3.1355,-0.0,0.11573,0.0,0.0,-0.1915,0.0,0.0,128.0,549.0
1404001.0,0.0,-3.1355,-0.004,0.11573,0.0,0.0,-0.1915,0.0,0.0,128.0,549.0
1404042.0,0.0,-3.1355,0.001,0.11573,0.0,0.0,-0.1915,0.0,0.0,128.0,549.0
1404082.0,0.0,-3.1355,-0.002,0.11573,0.0,0.0,-0.1915,0.0,0.0,128.0,549.0
1404122.0,0.0,-3.1355,-0.001,0.11573,0.0,0.0,-0.1915,0.0,0.0,128.0,550.0
1404162.0,0.0,-3.1355,-0.0,0.11573,0.0,0.0,-0.1915,0.0,0.0,128.0,543.0
1404202.0,0.0,-3.1355,-0.0,0.11573,0.0,0.0,-0.1915,0.0,0.0,128.0,549.0
1404243.0,0.0,-3.1355,0.0,0.11573,0.0,0.0,-0.1915,0.0,0.0,128.0,550.0
1404283.0,0.0,-3.1355,0.0,0.11573,0.0,0.0,-0.1915,0.0,0.0,128.0,544.0
1404323.0,0.0,-3.1355,-0.001,0.11573,0.0,0.0,-0.1915,0.0,0.0,128.0,550.0
1404363.0,0.0,-3.1355,-0.001,0.11573,0.0,0.0,-0.1915,0.0,0.0,128.0,557.0
1404404.0,0.0,-3.1355,0.0,0.11573,0.0,0.0,-0.1915,0.0,0.0,128.0,557.0
1404444.0,0.0,-3.1355,0.001,0.11573,0.0,0.0,-0.1915,0.0,0.0,128.0,543.0
1404484.0,0.0,-3.1355,-0.001,0.11573,0.0,0.0,-0.1915,0.0,0.0,128.0,549.0
1404524.0,0.0,-3.1339,0.005,0.11573,0.0,0.0,-0.1915,0.0,0.0,128.0,550.0
1404565.0,0.0,-3.1355,-0.001,0.11573,0.0,0.0,-0.1915,0.0,0.0,128.0,549.0
1404605.0,0.0,-3.1355,-0.0,0.11573,0.0,0.0,-0.1915,0.0,0.0,128.0,550.0
1404645.0,0.0,-3.1355,0.0,0.11573,0.0,0.0,-0.1915,0.0,0.0,128.0,558.0
1404686.0,0.0,-3.1355,0.004,0.11573,0.0,0.0,-0.1915,0.0,0.0,128.0,550.0
1404726.0,0.0,-3.1355,-0.004,0.11573,0.0,0.0,-0.1915,0.0,0.0,128.0,557.0
1404766.0,0.0,-3.1355,0.0,0.11573,0.0,0.0,-0.1915,0.0,0.0,128.0,564.0
1404806.0,0.0,-3.1355,0.0,0.11573,0.0,0.0,-0.1915,0.0,0.0,128.0,549.0
1404846.0,0.0,-3.1355,-0.0,0.11573,0.0,0.0,-0.1915,0.0,0.0,128.0,549.0
1404887.0,0.0,-3.1355,0.001,0.11573,0.0,0.0,-0.1915,0.0,0.0,128.0,542.0
1404927.0,0.0,-3.1355,0.0,0.11573,0.0,0.0,-0.1915,0.0,0.0,128.0,543.0
1404967.0,0.0,-3.1355,0.003,0.11573,0.0,0.0,-0.1915,0.0,0.0,128.0,550.0
1405007.0,0.0,-3.1355,-0.001,0.11573,0.0,0.0,-0.1915,0.0,0.0,128.0,543.0
1405048.0,0.0,-3.1355,0.001,0.11573,0.0,0.0,-0.1915,0.0,0.0,128.0,550.0
1405088.0,0.0,-3.1355,0.001,0.11573,0.0,0.0,-0.1915,0.0,0.0,128.0,550.0
1405128.0,0.0,-3.1355,-0.001,0.11573,0.0,0.0,-0.1915,0.0,0.0,128.0,550.0
1405168.0,0.0,-3.1355,-0.001,0.11573,0.0,0.0,-0.1915,0.0,0.0,128.0,564.0
1405208.0,0.0,-3.1355,0.0,0.11573,0.0,0.0,-0.1915,0.0,0.0,128.0,549.0
1405249.0,0.0,-3.1355,0.0,0.11573,0.0,0.0,-0.1915,0.0,0.0,128.0,549.0
1405289.0,0.0,-3.1355,-0.0,0.11573,0.0,0.0,-0.1915,0.0,0.0,128.0,550.0
1405329.0,0.0,-3.1355,-0.0,0.11573,0.0,0.0,-0.1915,0.0,0.0,128.0,564.0
1405369.0,0.0,-3.1355,0.002,0.11573,0.0,0.0,-0.1915,0.0,0.0,128.0,543.0
1405410.0,0.0,-3.1355,-0.0,0.11573,0.0,0.0,-0.1915,0.0,0.0,128.0,543.0
1405450.0,0.0,-3.1355,-0.0,0.11573,0.0,0.0,-0.1915,0.0,0.0,128.0,551.0
1405490.0,0.0,-3.1355,-0.001,0.11573,0.0,0.0,-0.1915,0.0,0.0,128.0,557.0
1405530.0,0.0,-3.1355,-0.001,0.11573,0.0,0.0,-0.1915,0.0,0.0,128.0,550.0
1405570.0,0.0,-3.1355,0.001,0.11573,0.0,0.0,-0.1915,0.0,0.0,128.0,549.0
1405610.0,0.0,-3.1355,-0.001,0.11573,0.0,0.0,-0.1915,0.0,0.0,128.0,549.0
1405651.0,0.0,-3.1355,0.002,0.11573,0.0,0.0,-0.1915,0.0,0.0,128.0,549.0
1405691.0,0.0,-3.1355,-0.001,0.11573,0.0,0.0,-0.1915,0.0,0.0,128.0,550.0
1405731.0,0.0,-3.1355,-0.002,0.11573,0.0,0.0,-0.1915,0.0,0.0,128.0,549.0
1405771.0,0.0,-3.1355,-0.001,0.11573,0.0,0.0,-0.1915,0.0,0.0,128.0,550.0
1405812.0,0.0,-3.1355,-0.0,0.11573,0.0,0.0,-0.1915,0.0,0.0,128.0,549.0
1405852.0,0.0,-3.1355,0.0,0.11573,0.0,0.0,-0.1915,0.0,0.0,128.0,551.0
1405892.0,0.0,-3.1355,0.001,0.11573,0.0,0.0,-0.1915,0.0,0.0,128.0,550.0
1405932.0,0.0,-3.1355,-0.002,0.11573,0.0,0.0,-0.1915,0.0,0.0,128.0,543.0
1405972.0,0.0,-3.1355,-0.001,0.11573,0.0,0.0,-0.1915,0.0,0.0,128.0,549.0
1406013.0,0.0,-3.1355,-0.0,0.11573,0.0,0.0,-0.1915,0.0,0.0,128.0,549.0
1406053.0,0.0,-3.1355,0.001,0.11573,0.0,0.0,-0.1915,0.0,0.0,128.0,564.0
1406093.0,0.0,-3.1355,0.0,0.11573,0.0,0.0,-0.1915,0.0,0.0,128.0,549.0
1406134.0,0.0,-3.1355,0.0,0.11573,0.0,0.0,-0.1915,0.0,0.0,128.0,543.0
1406174.0,0.0,-3.1355,0.002,0.11573,0.0,0.0,-0.1915,0.0,0.0,128.0,544.0
1406214.0,0.0,-3.1355,-0.001,0.11573,0.0,0.0,-0.1915,0.0,0.0,128.0,558.0
1406254.0,0.0,-3.1355,-0.0,0.11573,0.0,0.0,-0.1915,0.0,0.0,128.0,551.0
1406295.0,0.0,-3.1355,-0.001,0.11573,0.0,0.0,-0.1915,0.0,0.0,128.0,550.0
1406335.0,0.0,-3.1355,-0.0,0.11573,0.0,0.0,-0.1915,0.0,0.0,128.0,557.0
1406375.0,0.0,-3.1355,-0.0,0.11573,0.0,0.0,-0.1915,0.0,0.0,128.0,543.0
1406415.0,0.0,-3.1355,0.0,0.11573,0.0,0.0,-0.1915,0.0,0.0,128.0,549.0
1406455.0,0.0,-3.1355,-0.0,0.11573,0.0,0.0,-0.1915,0.0,0.0,128.0,549.0
1406496.0,0.0,-3.1355,-0.0,0.11573,0.0,0.0,-0.1915,0.0,0.0,128.0,549.0
1406536.0,0.0,-3.1355,-0.001,0.11573,0.0,0.0,-0.1915,0.0,0.0,128.0,550.0
1406576.0,0.0,-3.1355,0.002,0.11573,0.0,0.0,-0.1915,0.0,0.0,128.0,549.0
1406617.0,0.0,-3.1355,-0.001,0.11573,0.0,0.0,-0.1915,0.0,0.0,128.0,544.0
1406657.0,0.0,-3.1355,-0.001,0.11573,0.0,0.0,-0.1915,0.0,0.0,128.0,550.0
1406697.0,0.0,-3.1355,-0.0,0.11573,0.0,0.0,-0.1915,0.0,0.0,128.0,550.0
1406738.0,0.0,-3.1355,-0.0,0.11573,0.0,0.0,-0.1915,0.0,0.0,128.0,549.0
1406778.0,0.0,-3.1355,-0.0,0.11573,0.0,0.0,-0.1915,0.0,0.0,128.0,558.0
1406818.0,0.0,-3.1355,-0.001,0.11573,0.0,0.0,-0.1915,0.0,0.0,128.0,564.0
1406858.0,0.0,-3.1355,-0.003,0.11573,0.0,0.0,-0.1915,0.0,0.0,128.0,542.0
1406899.0,0.0,-3.1355,0.0,0.11573,0.0,0.0,-0.1915,0.0,0.0,128.0,543.0
1406939.0,0.0,-3.1355,-0.0,0.11573,0.0,0.0,-0.1915,0.0,0.0,128.0,542.0
1406979.0,0.0,-3.1355,-0.001,0.11573,0.0,0.0,-0.1915,0.0,0.0,128.0,543.0
1407019.0,0.0,-3.1355,-0.003,0.11573,0.0,0.0,-0.1915,0.0,0.0,128.0,550.0
1407059.0,0.0,-3.1355,0.002,0.11573,0.0,0.0,-0.1915,0.0,0.0,128.0,545.0
1407100.0,0.0,-3.1355,-0.0,0.11573,0.0,0.0,-0.1915,0.0,0.0,128.0,549.0
1407140.0,0.0,-3.1355,-0.0,0.11573,0.0,0.0,-0.1915,0.0,0.0,128.0,549.0
1407180.0,0.0,-3.1355,-0.0,0.11573,0.0,0.0,-0.1915,0.0,0.0,128.0,550.0
1407220.0,0.0,-3.1355,-0.0,0.11573,0.0,0.0,-0.1915,0.0,0.0,128.0,549.0
1407260.0,0.0,-3.1355,0.001,0.11573,0.0,0.0,-0.1915,0.0,0.0,128.0,549.0
1407301.0,0.0,-3.1355,-0.001,0.11573,0.0,0.0,-0.1915,0.0,0.0,128.0,550.0
1407341.0,0.0,-3.1355,0.002,0.11573,0.0,0.0,-0.1915,0.0,0.0,128.0,549.0
1407381.0,0.0,-3.137,-0.007,0.11573,0.0,0.0,-0.1915,0.0,0.0,128.0,556.0
1407421.0,0.0,-3.1355,-0.006,0.11573,0.0,0.0,-0.1915,0.0,0.0,128.0,564.0
1407461.0,0.0,-3.1355,0.0,0.11573,0.0,0.0,-0.1915,0.0,0.0,128.0,549.0
1407502.0,0.0,-3.1355,0.0,0.11573,0.0,0.0,-0.1915,0.0,0.0,128.0,549.0
1407542.0,0.0,-3.1355,-0.001,0.11573,0.0,0.0,-0.1915,0.0,0.0,128.0,564.0
1407582.0,0.0,-3.1355,-0.002,0.11573,0.0,0.0,-0.1915,0.0,0.0,128.0,549.0
1407623.0,0.0,-3.1355,-0.001,0.11573,0.0,0.0,-0.1915,0.0,0.0,128.0,549.0
1407663.0,0.0,-3.1355,-0.0,0.11573,0.0,0.0,-0.1915,0.0,0.0,128.0,550.0
1407703.0,0.0,-3.1355,0.0,0.11573,0.0,0.0,-0.1915,0.0,0.0,128.0,549.0
1407743.0,0.0,-3.1355,0.0,0.11573,0.0,0.0,-0.1915,0.0,0.0,128.0,555.0
1407784.0,0.0,-3.1355,-0.001,0.11573,0.0,0.0,-0.1915,0.0,0.0,128.0,549.0
1407824.0,0.0,-3.1355,-0.001,0.11573,0.0,0.0,-0.1915,0.0,0.0,128.0,544.0
1407864.0,0.0,-3.1355,-0.0,0.11573,0.0,0.0,-0.1915,0.0,0.0,128.0,564.0
1407904.0,0.0,-3.1355,-0.0,0.11573,0.0,0.0,-0.1915,0.0,0.0,128.0,549.0
1407945.0,0.0,-3.1355,0.006,0.11573,0.0,0.0,-0.1915,0.0,0.0,128.0,551.0
1407985.0,0.0,-3.1355,-0.001,0.11573,0.0,0.0,-0.1915,0.0,0.0,128.0,564.0
1408025.0,0.0,-3.1355,0.0,0.11573,0.0,0.0,-0.1915,0.0,0.0,128.0,549.0
1408066.0,0.0,-3.1355,0.003,0.11573,0.0,0.0,-0.1915,0.0,0.0,128.0,549.0
1408106.0,0.0,-3.1355,-0.001,0.11573,0.0,0.0,-0.1915,0.0,0.0,128.0,550.0
1408146.0,0.0,-3.1355,-0.004,0.11573,0.0,0.0,-0.1915,0.0,0.0,128.0,549.0
1408186.0,0.0,-3.1355,0.0,0.11573,0.0,0.0,-0.1915,0.0,0.0,128.0,550.0
1408227.0,0.0,-3.1355,0.0,0.11573,0.0,0.0,-0.1915,0.0,0.0,128.0,549.0
1408267.0,0.0,-3.1355,-0.0,0.11573,0.0,0.0,-0.1915,0.0,0.0,128.0,551.0
1408307.0,0.0,-3.1355,-0.0,0.11573,0.0,0.0,-0.1915,0.0,0.0,128.0,557.0
1408347.0,0.0,-3.1355,-0.001,0.11573,0.0,0.0,-0.1915,0.0,0.0,128.0,564.0
1408387.0,0.0,-3.1355,-0.0,0.11573,0.0,0.0,-0.1915,0.0,0.0,128.0,549.0
1408428.0,0.0,-3.1355,0.0,0.11573,0.0,0.0,-0.1915,0.0,0.0,128.0,549.0
1408468.0,0.0,-3.1355,-0.0,0.11573,0.0,0.0,-0.1915,0.0,0.0,128.0,550.0
1408508.0,0.0,-3.1355,-0.001,0.11573,0.0,0.0,-0.1915,0.0,0.0,128.0,549.0
1408548.0,0.0,-3.1355,-0.0,0.11573,0.0,0.0,-0.1915,0.0,0.0,128.0,550.0
1408589.0,0.0,-3.1355,-0.001,0.11573,0.0,0.0,-0.1915,0.0,0.0,128.0,549.0
1408629.0,0.0,-3.1355,-0.001,0.11573,0.0,0.0,-0.1915,0.0,0.0,128.0,549.0
1408669.0,0.0,-3.1355,-0.0,0.11573,0.0,0.0,-0.1915,0.0,0.0,128.0,550.0
1408709.0,0.0,-3.1355,0.0,0.11573,0.0,0.0,-0.1915,0.0,0.0,128.0,543.0
1408749.0,0.0,-3.1355,0.0,0.11573,0.0,0.0,-0.1915,0.0,0.0,128.0,549.0
1408790.0,0.0,-3.1355,-0.002,0.11573,0.0,0.0,-0.1915,0.0,0.0,128.0,549.0
1408830.0,0.0,-3.1355,-0.001,0.11573,0.0,0.0,-0.1915,0.0,0.0,128.0,544.0
1408870.0,0.0,-3.1355,-0.001,0.11573,0.0,0.0,-0.1915,0.0,0.0,128.0,551.0
1408910.0,0.0,-3.1355,-0.003,0.11573,0.0,0.0,-0.1915,0.0,0.0,128.0,557.0
1408951.0,0.0,-3.1355,0.0,0.11573,0.0,0.0,-0.1915,0.0,0.0,128.0,557.0
1408991.0,0.0,-3.1355,-0.0,0.11573,0.0,0.0,-0.1915,0.0,0.0,128.0,558.0
1409031.0,0.0,-3.1355,-0.001,0.11573,0.0,0.0,-0.1915,0.0,0.0,128.0,543.0
1409071.0,0.0,-3.1355,-0.0,0.11573,0.0,0.0,-0.1915,0.0,0.0,128.0,549.0
1409111.0,0.0,-3.1355,-0.001,0.11573,0.0,0.0,-0.1915,0.0,0.0,128.0,549.0
1409152.0,0.0,-3.1355,-0.002,0.11573,0.0,0.0,-0.1915,0.0,0.0,128.0,549.0
1409192.0,0.0,-3.1355,0.001,0.11573,0.0,0.0,-0.1915,0.0,0.0,128.0,543.0
1409232.0,0.0,-3.1355,-0.001,0.11573,0.0,0.0,-0.1915,0.0,0.0,128.0,550.0
1409272.0,0.0,-3.1355,-0.001,0.11573,0.0,0.0,-0.1915,0.0,0.0,128.0,549.0
1409312.0,0.0,-3.1355,0.0,0.11573,0.0,0.0,-0.1915,0.0,0.0,128.0,549.0
1409353.0,0.0,-3.1355,0.0,0.11573,0.0,0.0,-0.1915,0.0,0.0,128.0,549.0
1409393.0,0.0,-3.1355,0.003,0.11573,0.0,0.0,-0.1915,0.0,0.0,128.0,549.0
1409433.0,0.0,-3.1355,-0.001,0.11573,0.0,0.0,-0.1915,0.0,0.0,128.0,550.0
1409473.0,0.0,-3.1355,-0.0,0.11573,0.0,0.0,-0.1915,0.0,0.0,128.0,544.0
1409514.0,0.0,-3.1355,0.0,0.11573,0.0,0.0,-0.1915,0.0,0.0,128.0,549.0
1409554.0,0.0,-3.1355,0.0,0.11573,0.0,0.0,-0.1915,0.0,0.0,128.0,556.0
1409594.0,0.0,-3.1355,0.0,0.11573,0.0,0.0,-0.1915,0.0,0.0,128.0,556.0
1409634.0,0.0,-3.1355,0.0,0.11573,0.0,0.0,-0.1915,0.0,0.0,128.0,556.0
1409675.0,0.0,-3.1355,0.0,0.11573,0.0,0.0,-0.1915,0.0,0.0,128.0,558.0
1409715.0,0.0,-3.1355,-0.005,0.11573,0.0,0.0,-0.1915,0.0,0.0,128.0,549.0
1409755.0,0.0,-3.1355,0.003,0.11573,0.0,0.0,-0.1915,0.0,0.0,128.0,543.0
1409796.0,0.0,-3.1355,-0.001,0.11573,0.0,0.0,-0.1915,0.0,0.0,128.0,549.0
1409836.0,0.0,-3.1355,-0.001,0.11573,0.0,0.0,-0.1915,0.0,0.0,128.0,550.0
1409876.0,0.0,-3.1355,-0.001,0.11573,0.0,0.0,-0.1915,0.0,0.0,128.0,543.0
1409917.0,0.0,-3.1355,-0.0,0.11573,0.0,0.0,-0.1915,0.0,0.0,128.0,549.0
1409957.0,0.0,-3.1355,-0.001,0.11573,0.0,0.0,-0.1915,0.0,0.0,128.0,551.0
1409997.0,0.0,-3.1355,-0.003,0.11573,0.0,0.0,-0.1915,0.0,0.0,128.0,550.0
1410037.0,0.0,-3.1355,-0.002,0.11573,0.0,0.0,-0.1915,0.0,0.0,128.0,549.0
1410077.0,0.0,-3.1355,-0.0,0.11573,0.0,0.0,-0.1915,0.0,0.0,128.0,549.0
1410118.0,0.0,-3.1355,0.001,0.11573,0.0,0.0,-0.1915,0.0,0.0,128.0,550.0
1410158.0,0.0,-3.1355,0.0,0.11573,0.0,0.0,-0.1915,0.0,0.0,128.0,550.0
1410198.0,0.0,-3.1355,0.003,0.11573,0.0,0.0,-0.1915,0.0,0.0,128.0,544.0
1410239.0,0.0,-3.1355,-0.001,0.11573,0.0,0.0,-0.1915,0.0,0.0,128.0,549.0
1410279.0,0.0,-3.1355,-0.0,0.11573,0.0,0.0,-0.1915,0.0,0.0,128.0,549.0
1410319.0,0.0,-3.1355,0.001,0.11573,0.0,0.0,-0.1915,0.0,0.0,128.0,550.0
1410359.0,0.0,-3.1355,0.0,0.11573,0.0,0.0,-0.1915,0.0,0.0,128.0,549.0
1410400.0,0.0,-3.1355,-0.0,0.11573,0.0,0.0,-0.1915,0.0,0.0,128.0,549.0
1410440.0,0.0,-3.1355,0.001,0.11573,0.0,0.0,-0.1915,0.0,0.0,128.0,543.0
1410480.0,0.0,-3.1355,-0.001,0.11573,0.0,0.0,-0.1915,0.0,0.0,128.0,549.0
1410520.0,0.0,-3.1355,-0.001,0.11573,0.0,0.0,-0.1915,0.0,0.0,128.0,564.0
1410560.0,0.0,-3.1355,-0.0,0.11573,0.0,0.0,-0.1915,0.0,0.0,128.0,549.0
1410601.0,0.0,-3.1355,0.002,0.11573,0.0,0.0,-0.1915,0.0,0.0,128.0,549.0
1410641.0,0.0,-3.1355,-0.001,0.11573,0.0,0.0,-0.1915,0.0,0.0,128.0,549.0
1410681.0,0.0,-3.1355,0.001,0.11573,0.0,0.0,-0.1915,0.0,0.0,128.0,544.0
1410721.0,0.0,-3.1355,0.004,0.11573,0.0,0.0,-0.1915,0.0,0.0,128.0,564.0
1410761.0,0.0,-3.1355,0.001,0.11573,0.0,0.0,-0.1915,0.0,0.0,128.0,549.0
1410802.0,0.0,-3.1339,0.005,0.11573,0.0,0.0,-0.1915,0.0,0.0,128.0,549.0
1410842.0,0.0,-3.1355,-0.001,0.11573,0.0,0.0,-0.1915,0.0,0.0,128.0,550.0
1410882.0,0.0,-3.1355,-0.0,0.11573,0.0,0.0,-0.1915,0.0,0.0,128.0,549.0
1410923.0,0.0,-3.1355,-0.0,0.11573,0.0,0.0,-0.1915,0.0,0.0,128.0,549.0
1410963.0,0.0,-3.1355,-0.001,0.11573,0.0,0.0,-0.1915,0.0,0.0,128.0,549.0
1411003.0,0.0,-3.1355,-0.0,0.11573,0.0,0.0,-0.1915,0.0,0.0,128.0,549.0
1411043.0,0.0,-3.1355,0.001,0.11573,0.0,0.0,-0.1915,0.0,0.0,128.0,550.0
1411083.0,0.0,-3.1355,0.003,0.11573,0.0,0.0,-0.1915,0.0,0.0,128.0,550.0
1411124.0,0.0,-3.1355,-0.002,0.11573,0.0,0.0,-0.1915,0.0,0.0,128.0,558.0
1411164.0,0.0,-3.1355,-0.002,0.11573,0.0,0.0,-0.1915,0.0,0.0,128.0,543.0
1411204.0,0.0,-3.1355,-0.001,0.11573,0.0,0.0,-0.1915,0.0,0.0,128.0,570.0
1411244.0,0.0,-3.1355,-0.002,0.11573,0.0,0.0,-0.1915,0.0,0.0,128.0,549.0
1411285.0,0.0,-3.1355,0.0,0.11573,0.0,0.0,-0.1915,0.0,0.0,128.0,550.0
1411325.0,0.0,-3.1339,0.011,0.11573,0.0,0.0,-0.1915,0.0,0.0,128.0,571.0
1411365.0,0.0,-3.1355,-0.001,0.11573,0.0,0.0,-0.1915,0.0,0.0,128.0,543.0
1411405.0,0.0,-3.1355,-0.0,0.11573,0.0,0.0,-0.1915,0.0,0.0,128.0,549.0
1411446.0,0.0,-3.1355,-0.001,0.11573,0.0,0.0,-0.1915,0.0,0.0,128.0,549.0
1411486.0,0.0,-3.1355,-0.001,0.11573,0.0,0.0,-0.1915,0.0,0.0,128.0,556.0
1411526.0,0.0,-3.1355,-0.001,0.11573,0.0,0.0,-0.1915,0.0,0.0,128.0,543.0
1411566.0,0.0,-3.1355,-0.0,0.11573,0.0,0.0,-0.1915,0.0,0.0,128.0,549.0
1411607.0,0.0,-3.1355,0.0,0.11573,0.0,0.0,-0.1915,0.0,0.0,128.0,549.0
1411647.0,0.0,-3.1355,0.0,0.11573,0.0,0.0,-0.1915,0.0,0.0,128.0,557.0
1411687.0,0.0,-3.1355,-0.0,0.11573,0.0,0.0,-0.1915,0.0,0.0,128.0,550.0
1411727.0,0.0,-3.1355,-0.0,0.11573,0.0,0.0,-0.1915,0.0,0.0,128.0,550.0
1411767.0,0.0,-3.1355,-0.002,0.11573,0.0,0.0,-0.1915,0.0,0.0,128.0,557.0
1411808.0,0.0,-3.1355,-0.001,0.11573,0.0,0.0,-0.1915,0.0,0.0,128.0,557.0
1411848.0,0.0,-3.1355,-0.0,0.11573,0.0,0.0,-0.1915,0.0,0.0,128.0,549.0
1411888.0,0.0,-3.1355,0.0,0.11573,0.0,0.0,-0.1915,0.0,0.0,128.0,543.0
1411928.0,0.0,-3.1355,-0.0,0.11573,0.0,0.0,-0.1915,0.0,0.0,128.0,550.0
1411969.0,0.0,-3.1355,-0.0,0.11573,0.0,0.0,-0.1915,0.0,0.0,128.0,549.0
1412009.0,0.0,-3.1355,0.001,0.11573,0.0,0.0,-0.1915,0.0,0.0,128.0,543.0
1412049.0,0.0,-3.1339,0.008,0.11573,0.0,0.0,-0.1915,0.0,0.0,128.0,557.0
1412089.0,0.0,-3.1355,-0.003,0.11573,0.0,0.0,-0.1915,0.0,0.0,128.0,550.0
1412129.0,0.0,-3.1355,0.002,0.11573,0.0,0.0,-0.1915,0.0,0.0,128.0,549.0
1412170.0,0.0,-3.1355,-0.003,0.11573,0.0,0.0,-0.1915,0.0,0.0,128.0,549.0
1412210.0,0.0,-3.1355,-0.001,0.11573,0.0,0.0,-0.1915,0.0,0.0,128.0,549.0
1412250.0,0.0,-3.1355,-0.001,0.11573,0.0,0.0,-0.1915,0.0,0.0,128.0,550.0
1412290.0,0.0,-3.1355,-0.001,0.11573,0.0,0.0,-0.1915,0.0,0.0,128.0,545.0
1412331.0,0.0,-3.1355,-0.002,0.11573,0.0,0.0,-0.1915,0.0,0.0,128.0,549.0
1412371.0,0.0,-3.137,-0.008,0.11573,0.0,0.0,-0.1915,0.0,0.0,128.0,557.0
1412411.0,0.0,-3.1355,0.0,0.11573,0.0,0.0,-0.1915,0.0,0.0,128.0,549.0
1412452.0,0.0,-3.1355,0.0,0.11573,0.0,0.0,-0.1915,0.0,0.0,128.0,549.0
1412492.0,0.0,-3.1355,-0.0,0.11573,0.0,0.0,-0.1915,0.0,0.0,128.0,550.0
1412532.0,0.0,-3.1355,-0.0,0.11573,0.0,0.0,-0.1915,0.0,0.0,128.0,549.0
1412573.0,0.0,-3.1355,0.0,0.11573,0.0,0.0,-0.1915,0.0,0.0,128.0,543.0
1412613.0,0.0,-3.1355,0.0,0.11573,0.0,0.0,-0.1915,0.0,0.0,128.0,555.0
1412653.0,0.0,-3.1355,-0.001,0.11573,0.0,0.0,-0.1915,0.0,0.0,128.0,564.0
1412693.0,0.0,-3.1355,-0.001,0.11573,0.0,0.0,-0.1915,0.0,0.0,128.0,549.0
1412734.0,0.0,-3.1355,0.003,0.11573,0.0,0.0,-0.1915,0.0,0.0,128.0,549.0
1412774.0,0.0,-3.1355,-0.001,0.11573,0.0,0.0,-0.1915,0.0,0.0,128.0,549.0
1412814.0,0.0,-3.1355,-0.001,0.11573,0.0,0.0,-0.1915,0.0,0.0,128.0,551.0
1412854.0,0.0,-3.1355,0.004,0.11573,0.0,0.0,-0.1915,0.0,0.0,128.0,557.0
1412895.0,0.0,-3.1355,-0.001,0.11573,0.0,0.0,-0.1915,0.0,0.0,128.0,557.0
1412935.0,0.0,-3.1355,-0.0,0.11573,0.0,0.0,-0.1915,0.0,0.0,128.0,557.0
1412975.0,0.0,-3.1355,0.0,0.11573,0.0,0.0,-0.1915,0.0,0.0,128.0,543.0
1413016.0,0.0,-3.1355,-0.0,0.11573,0.0,0.0,-0.1915,0.0,0.0,128.0,549.0
1413056.0,0.0,-3.1355,-0.0,0.11573,0.0,0.0,-0.1915,0.0,0.0,128.0,551.0
1413096.0,0.0,-3.1355,-0.0,0.11573,0.0,0.0,-0.1915,0.0,0.0,128.0,550.0
1413136.0,0.0,-3.1355,0.0,0.11573,0.0,0.0,-0.1915,0.0,0.0,128.0,542.0
1413176.0,0.0,-3.1355,0.002,0.11573,0.0,0.0,-0.1915,0.0,0.0,128.0,549.0
1413216.0,0.0,-3.1355,-0.0,0.11573,0.0,0.0,-0.1915,0.0,0.0,128.0,555.0
1413257.0,0.0,-3.1355,0.004,0.11573,0.0,0.0,-0.1915,0.0,0.0,128.0,549.0
1413297.0,0.0,-3.1355,-0.001,0.11573,0.0,0.0,-0.1915,0.0,0.0,128.0,550.0
1413337.0,0.0,-3.1355,-0.0,0.11573,0.0,0.0,-0.1915,0.0,0.0,128.0,549.0
1413378.0,0.0,-3.1355,-0.001,0.11573,0.0,0.0,-0.1915,0.0,0.0,128.0,543.0
1413418.0,0.0,-3.1355,0.0,0.11573,0.0,0.0,-0.1915,0.0,0.0,128.0,549.0
1413458.0,0.0,-3.1339,0.012,0.11573,0.0,0.0,-0.1915,0.0,0.0,128.0,556.0
1413498.0,0.0,-3.1355,-0.001,0.11573,0.0,0.0,-0.1915,0.0,0.0,128.0,558.0
1413538.0,0.0,-3.1355,-0.001,0.11573,0.0,0.0,-0.1915,0.0,0.0,128.0,564.0
1413578.0,0.0,-3.1355,-0.002,0.11573,0.0,0.0,-0.1915,0.0,0.0,128.0,549.0
1413619.0,0.0,-3.1355,0.0,0.11573,0.0,0.0,-0.1915,0.0,0.0,128.0,542.0
1413659.0,0.0,-3.1355,0.0,0.11573,0.0,0.0,-0.1915,0.0,0.0,128.0,549.0
1413699.0,0.0,-3.1355,-0.0,0.11573,0.0,0.0,-0.1915,0.0,0.0,128.0,556.0
1413739.0,0.0,-3.1355,0.001,0.11573,0.0,0.0,-0.1915,0.0,0.0,128.0,543.0
1413780.0,0.0,-3.1355,-0.002,0.11573,0.0,0.0,-0.1915,0.0,0.0,128.0,549.0
1413820.0,0.0,-3.1355,-0.001,0.11573,0.0,0.0,-0.1915,0.0,0.0,128.0,549.0
1413860.0,0.0,-3.1355,-0.0,0.11573,0.0,0.0,-0.1915,0.0,0.0,128.0,550.0
1413900.0,0.0,-3.1355,-0.0,0.11573,0.0,0.0,-0.1915,0.0,0.0,128.0,550.0
1413941.0,0.0,-3.1339,0.006,0.11573,0.0,0.0,-0.1915,0.0,0.0,128.0,549.0
1413981.0,0.0,-3.1355,0.001,0.11573,0.0,0.0,-0.1915,0.0,0.0,128.0,550.0
1414021.0,0.0,-3.1355,-0.003,0.11573,0.0,0.0,-0.1915,0.0,0.0,128.0,544.0
1414061.0,0.0,-3.1355,0.0,0.11573,0.0,0.0,-0.1915,0.0,0.0,128.0,564.0
1414101.0,0.0,-3.1355,0.0,0.11573,0.0,0.0,-0.1915,0.0,0.0,128.0,543.0
1414142.0,0.0,-3.1355,-0.0,0.11573,0.0,0.0,-0.1915,0.0,0.0,128.0,549.0
1414182.0,0.0,-3.1355,-0.001,0.11573,0.0,0.0,-0.1915,0.0,0.0,128.0,550.0
1414222.0,0.0,-3.1355,-0.001,0.11573,0.0,0.0,-0.1915,0.0,0.0,128.0,549.0
1414262.0,0.0,-3.1355,0.0,0.11573,0.0,0.0,-0.1915,0.0,0.0,128.0,549.0
1414303.0,0.0,-3.1355,0.0,0.11573,0.0,0.0,-0.1915,0.0,0.0,128.0,549.0
1414343.0,0.0,-3.1355,0.001,0.11573,0.0,0.0,-0.1915,0.0,0.0,128.0,549.0
1414383.0,0.0,-3.1355,0.001,0.11573,0.0,0.0,-0.1915,0.0,0.0,128.0,550.0
1414423.0,0.0,-3.1355,-0.001,0.11573,0.0,0.0,-0.1915,0.0,0.0,128.0,543.0
1414464.0,0.0,-3.1355,0.0,0.11573,0.0,0.0,-0.1915,0.0,0.0,128.0,549.0
1414504.0,0.0,-3.1355,-0.001,0.11573,0.0,0.0,-0.1915,0.0,0.0,128.0,549.0
1414544.0,0.0,-3.1355,-0.002,0.11573,0.0,0.0,-0.1915,0.0,0.0,128.0,551.0
1414584.0,0.0,-3.1355,-0.0,0.11573,0.0,0.0,-0.1915,0.0,0.0,128.0,550.0
1414624.0,0.0,-3.1355,0.0,0.11573,0.0,0.0,-0.1915,0.0,0.0,128.0,549.0
1414664.0,0.0,-3.1355,0.0,0.11573,0.0,0.0,-0.1915,0.0,0.0,128.0,549.0
1414704.0,0.0,-3.1355,0.0,0.11573,0.0,0.0,-0.1915,0.0,0.0,128.0,550.0
1414745.0,0.0,-3.1355,0.0,0.11573,0.0,0.0,-0.1915,0.0,0.0,128.0,542.0
1414785.0,0.0,-3.1355,-0.001,0.11573,0.0,0.0,-0.1915,0.0,0.0,128.0,550.0
1414825.0,0.0,-3.1355,-0.001,0.11573,0.0,0.0,-0.1915,0.0,0.0,128.0,564.0
1414865.0,0.0,-3.1355,-0.0,0.11573,0.0,0.0,-0.1915,0.0,0.0,128.0,550.0
1414906.0,0.0,-3.1355,-0.0,0.11573,0.0,0.0,-0.1915,0.0,0.0,128.0,549.0
1414946.0,0.0,-3.1355,0.0,0.11573,0.0,0.0,-0.1915,0.0,0.0,128.0,557.0
1414986.0,0.0,-3.1355,-0.001,0.11573,0.0,0.0,-0.1915,0.0,0.0,128.0,564.0
1415026.0,0.0,-3.1355,-0.0,0.11573,0.0,0.0,-0.1915,0.0,0.0,128.0,549.0
1415067.0,0.0,-3.1355,-0.0,0.11573,0.0,0.0,-0.1915,0.0,0.0,128.0,549.0
1415107.0,0.0,-3.1355,0.001,0.11573,0.0,0.0,-0.1915,0.0,0.0,128.0,564.0
1415147.0,0.0,-3.1355,-0.001,0.11573,0.0,0.0,-0.1915,0.0,0.0,128.0,549.0
1415188.0,0.0,-3.1355,0.0,0.11573,0.0,0.0,-0.1915,0.0,0.0,128.0,549.0
1415228.0,0.0,-3.1355,0.0,0.11573,0.0,0.0,-0.1915,0.0,0.0,128.0,550.0
1415268.0,0.0,-3.1355,0.001,0.11573,0.0,0.0,-0.1915,0.0,0.0,128.0,542.0
1415308.0,0.0,-3.1355,0.0,0.11573,0.0,0.0,-0.1915,0.0,0.0,128.0,550.0
1415349.0,0.0,-3.1355,-0.0,0.11573,0.0,0.0,-0.1915,0.0,0.0,128.0,549.0
1415389.0,0.0,-3.1355,0.011,0.11573,0.0,0.0,-0.1915,0.0,0.0,128.0,556.0
1415429.0,0.0,-3.1355,-0.002,0.11573,0.0,0.0,-0.1915,0.0,0.0,128.0,550.0
1415469.0,0.0,-3.1355,-0.001,0.11573,0.0,0.0,-0.1915,0.0,0.0,128.0,549.0
1415509.0,0.0,-3.1355,0.0,0.11573,0.0,0.0,-0.1915,0.0,0.0,128.0,550.0
1415550.0,0.0,-3.1355,0.002,0.11573,0.0,0.0,-0.1915,0.0,0.0,128.0,549.0
1415590.0,0.0,-3.1355,-0.001,0.11573,0.0,0.0,-0.1915,0.0,0.0,128.0,551.0
1415630.0,0.0,-3.1355,-0.0,0.11573,0.0,0.0,-0.1915,0.0,0.0,128.0,550.0
1415670.0,0.0,-3.1355,0.0,0.11573,0.0,0.0,-0.1915,0.0,0.0,128.0,570.0
1415710.0,0.0,-3.1355,0.0,0.11573,0.0,0.0,-0.1915,0.0,0.0,128.0,556.0
1415751.0,0.0,-3.1355,0.0,0.11573,0.0,0.0,-0.1915,0.0,0.0,128.0,550.0
1415791.0,0.0,-3.1355,0.001,0.11573,0.0,0.0,-0.1915,0.0,0.0,128.0,551.0
1415831.0,0.0,-3.1355,0.0,0.11573,0.0,0.0,-0.1915,0.0,0.0,128.0,544.0
1415871.0,0.0,-3.1355,-0.001,0.11573,0.0,0.0,-0.1915,0.0,0.0,128.0,556.0
1415911.0,0.0,-3.1355,0.002,0.11573,0.0,0.0,-0.1915,0.0,0.0,128.0,550.0
1415952.0,0.0,-3.1355,-0.0,0.11573,0.0,0.0,-0.1915,0.0,0.0,128.0,549.0
1415992.0,0.0,-3.1355,-0.001,0.11573,0.0,0.0,-0.1915,0.0,0.0,128.0,550.0
1416032.0,0.0,-3.1355,-0.0,0.11573,0.0,0.0,-0.1915,0.0,0.0,128.0,550.0
1416072.0,0.0,-3.1355,-0.001,0.11573,0.0,0.0,-0.1915,0.0,0.0,128.0,544.0
1416113.0,0.0,-3.1355,-0.005,0.11573,0.0,0.0,-0.1915,0.0,0.0,128.0,549.0
1416153.0,0.0,-3.1355,0.001,0.11573,0.0,0.0,-0.1915,0.0,0.0,128.0,551.0
1416193.0,0.0,-3.1355,-0.001,0.11573,0.0,0.0,-0.1915,0.0,0.0,128.0,550.0
1416233.0,0.0,-3.1355,0.004,0.11573,0.0,0.0,-0.1915,0.0,0.0,128.0,557.0
1416274.0,0.0,-3.1355,-0.001,0.11573,0.0,0.0,-0.1915,0.0,0.0,128.0,558.0
1416314.0,0.0,-3.1355,-0.0,0.11573,0.0,0.0,-0.1915,0.0,0.0,128.0,557.0
1416354.0,0.0,-3.1355,-0.0,0.11573,0.0,0.0,-0.1915,0.0,0.0,128.0,570.0
1416394.0,0.0,-3.1355,0.005,0.11573,0.0,0.0,-0.1915,0.0,0.0,128.0,551.0
1416435.0,0.0,-3.1355,-0.0,0.11573,0.0,0.0,-0.1915,0.0,0.0,128.0,542.0
1416475.0,0.0,-3.1355,-0.0,0.11573,0.0,0.0,-0.1915,0.0,0.0,128.0,551.0
1416515.0,0.0,-3.1355,0.001,0.11573,0.0,0.0,-0.1915,0.0,0.0,128.0,550.0
1416555.0,0.0,-3.1355,-0.001,0.11573,0.0,0.0,-0.1915,0.0,0.0,128.0,542.0
1416595.0,0.0,-3.1355,0.0,0.11573,0.0,0.0,-0.1915,0.0,0.0,128.0,549.0
1416635.0,0.0,-3.137,-0.007,0.11573,0.0,0.0,-0.1915,0.0,0.0,128.0,557.0
1416676.0,0.0,-3.1355,0.003,0.11573,0.0,0.0,-0.1915,0.0,0.0,128.0,543.0
1416716.0,0.0,-3.1355,-0.0,0.11573,0.0,0.0,-0.1915,0.0,0.0,128.0,549.0
1416756.0,0.0,-3.1355,-0.002,0.11573,0.0,0.0,-0.1915,0.0,0.0,128.0,544.0
1416796.0,0.0,-3.1355,-0.002,0.11573,0.0,0.0,-0.1915,0.0,0.0,128.0,551.0
1416836.0,0.0,-3.1355,-0.001,0.11573,0.0,0.0,-0.1915,0.0,0.0,128.0,557.0
1416877.0,0.0,-3.1355,-0.0,0.11573,0.0,0.0,-0.1915,0.0,0.0,128.0,557.0
1416917.0,0.0,-3.1355,-0.001,0.11573,0.0,0.0,-0.1915,0.0,0.0,128.0,543.0
1416957.0,0.0,-3.1355,0.001,0.11573,0.0,0.0,-0.1915,0.0,0.0,128.0,549.0
1416997.0,0.0,-3.1355,0.0,0.11573,0.0,0.0,-0.1915,0.0,0.0,128.0,549.0
1417038.0,0.0,-3.1355,-0.001,0.11573,0.0,0.0,-0.1915,0.0,0.0,128.0,549.0
1417078.0,0.0,-3.1355,-0.0,0.11573,0.0,0.0,-0.1915,0.0,0.0,128.0,550.0
1417118.0,0.0,-3.1355,-0.001,0.11573,0.0,0.0,-0.1915,0.0,0.0,128.0,549.0
1417158.0,0.0,-3.1355,-0.001,0.11573,0.0,0.0,-0.1915,0.0,0.0,128.0,549.0
1417199.0,0.0,-3.1355,-0.001,0.11573,0.0,0.0,-0.1915,0.0,0.0,128.0,549.0
1417239.0,0.0,-3.1355,0.001,0.11573,0.0,0.0,-0.1915,0.0,0.0,128.0,550.0
1417279.0,0.0,-3.1355,-0.0,0.11573,0.0,0.0,-0.1915,0.0,0.0,128.0,549.0
1417319.0,0.0,-3.1355,0.002,0.11573,0.0,0.0,-0.1915,0.0,0.0,128.0,543.0
1417360.0,0.0,-3.1355,-0.001,0.11573,0.0,0.0,-0.1915,0.0,0.0,128.0,544.0
1417400.0,0.0,-3.1355,-0.001,0.11573,0.0,0.0,-0.1915,0.0,0.0,128.0,543.0
1417440.0,0.0,-3.1355,-0.001,0.11573,0.0,0.0,-0.1915,0.0,0.0,128.0,549.0
1417480.0,0.0,-3.1355,-0.0,0.11573,0.0,0.0,-0.1915,0.0,0.0,128.0,549.0
1417520.0,0.0,-3.1355,0.001,0.11573,0.0,0.0,-0.1915,0.0,0.0,128.0,549.0
1417560.0,0.0,-3.1355,-0.001,0.11573,0.0,0.0,-0.1915,0.0,0.0,128.0,564.0
1417600.0,0.0,-3.1355,-0.0,0.11573,0.0,0.0,-0.1915,0.0,0.0,128.0,550.0
1417641.0,0.0,-3.1355,0.0,0.11573,0.0,0.0,-0.1915,0.0,0.0,128.0,549.0
1417681.0,0.0,-3.1355,0.0,0.11573,0.0,0.0,-0.1915,0.0,0.0,128.0,550.0
1417721.0,0.0,-3.1355,0.002,0.11573,0.0,0.0,-0.1915,0.0,0.0,128.0,551.0
1417761.0,0.0,-3.1355,-0.002,0.11573,0.0,0.0,-0.1915,0.0,0.0,128.0,551.0
1417802.0,0.0,-3.1355,-0.0,0.11573,0.0,0.0,-0.1915,0.0,0.0,128.0,558.0
1417842.0,0.0,-3.1355,0.0,0.11573,0.0,0.0,-0.1915,0.0,0.0,128.0,549.0
1417882.0,0.0,-3.1355,0.0,0.11573,0.0,0.0,-0.1915,0.0,0.0,128.0,549.0
1417923.0,0.0,-3.1355,0.001,0.11573,0.0,0.0,-0.1915,0.0,0.0,128.0,549.0
1417963.0,0.0,-3.1355,0.0,0.11573,0.0,0.0,-0.1915,0.0,0.0,128.0,550.0
1418003.0,0.0,-3.1355,-0.0,0.11573,0.0,0.0,-0.1915,0.0,0.0,128.0,549.0
1418044.0,0.0,-3.1355,-0.0,0.11573,0.0,0.0,-0.1915,0.0,0.0,128.0,549.0
1418084.0,0.0,-3.1355,-0.001,0.11573,0.0,0.0,-0.1915,0.0,0.0,128.0,551.0
1418124.0,0.0,-3.1355,0.0,0.11573,0.0,0.0,-0.1915,0.0,0.0,128.0,550.0
1418164.0,0.0,-3.1355,-0.001,0.11573,0.0,0.0,-0.1915,0.0,0.0,128.0,549.0
1418205.0,0.0,-3.1355,-0.0,0.11573,0.0,0.0,-0.1915,0.0,0.0,128.0,549.0
1418245.0,0.0,-3.1355,0.0,0.11573,0.0,0.0,-0.1915,0.0,0.0,128.0,551.0
1418285.0,0.0,-3.1355,-0.001,0.11573,0.0,0.0,-0.1915,0.0,0.0,128.0,550.0
1418325.0,0.0,-3.1355,-0.001,0.11573,0.0,0.0,-0.1915,0.0,0.0,128.0,549.0
1418365.0,0.0,-3.1355,0.002,0.11573,0.0,0.0,-0.1915,0.0,0.0,128.0,549.0
1418406.0,0.0,-3.1355,-0.0,0.11573,0.0,0.0,-0.1915,0.0,0.0,128.0,543.0
1418446.0,0.0,-3.1355,0.002,0.11573,0.0,0.0,-0.1915,0.0,0.0,128.0,550.0
1418486.0,0.0,-3.1355,-0.002,0.11573,0.0,0.0,-0.1915,0.0,0.0,128.0,549.0
1418526.0,0.0,-3.1355,-0.005,0.11573,0.0,0.0,-0.1915,0.0,0.0,128.0,549.0
1418567.0,0.0,-3.1355,0.0,0.11573,0.0,0.0,-0.1915,0.0,0.0,128.0,549.0
1418607.0,0.0,-3.1339,0.006,0.11573,0.0,0.0,-0.1915,0.0,0.0,128.0,550.0
1418647.0,0.0,-3.1355,-0.001,0.11573,0.0,0.0,-0.1915,0.0,0.0,128.0,549.0
1418687.0,0.0,-3.1355,0.002,0.11573,0.0,0.0,-0.1915,0.0,0.0,128.0,550.0
1418727.0,0.0,-3.1355,-0.001,0.11573,0.0,0.0,-0.1915,0.0,0.0,128.0,543.0
1418767.0,0.0,-3.1355,0.005,0.11573,0.0,0.0,-0.1915,0.0,0.0,128.0,549.0
1418807.0,0.0,-3.1355,-0.0,0.11573,0.0,0.0,-0.1915,0.0,0.0,128.0,549.0
1418848.0,0.0,-3.1355,-0.0,0.11573,0.0,0.0,-0.1915,0.0,0.0,128.0,543.0
1418888.0,0.0,-3.1355,-0.0,0.11573,0.0,0.0,-0.1915,0.0,0.0,128.0,549.0
1418928.0,0.0,-3.1339,0.006,0.11573,0.0,0.0,-0.1915,0.0,0.0,128.0,558.0
1418968.0,0.0,-3.1355,-0.001,0.11573,0.0,0.0,-0.1915,0.0,0.0,128.0,550.0
1419008.0,0.0,-3.1355,0.001,0.11573,0.0,0.0,-0.1915,0.0,0.0,128.0,543.0
1419048.0,0.0,-3.1355,0.001,0.11573,0.0,0.0,-0.1915,0.0,0.0,128.0,549.0
1419089.0,0.0,-3.137,-0.006,0.11573,0.0,0.0,-0.1915,0.0,0.0,128.0,550.0
1419129.0,0.0,-3.1355,0.001,0.11573,0.0,0.0,-0.1915,0.0,0.0,128.0,543.0
1419169.0,0.0,-3.1355,0.001,0.11573,0.0,0.0,-0.1915,0.0,0.0,128.0,550.0
1419209.0,0.0,-3.1355,-0.0,0.11573,0.0,0.0,-0.1915,0.0,0.0,128.0,549.0
1419249.0,0.0,-3.1355,0.001,0.11573,0.0,0.0,-0.1915,0.0,0.0,128.0,551.0
1419290.0,0.0,-3.1355,-0.001,0.11573,0.0,0.0,-0.1915,0.0,0.0,128.0,549.0
1419330.0,0.0,-3.1355,0.001,0.11573,0.0,0.0,-0.1915,0.0,0.0,128.0,544.0
1419370.0,0.0,-3.1355,-0.001,0.11573,0.0,0.0,-0.1915,0.0,0.0,128.0,564.0
1419410.0,0.0,-3.1355,0.001,0.11573,0.0,0.0,-0.1915,0.0,0.0,128.0,549.0
1419451.0,0.0,-3.1355,0.0,0.11573,0.0,0.0,-0.1915,0.0,0.0,128.0,550.0
1419491.0,0.0,-3.1355,-0.0,0.11573,0.0,0.0,-0.1915,0.0,0.0,128.0,550.0
1419531.0,0.0,-3.1355,-0.0,0.11573,0.0,0.0,-0.1915,0.0,0.0,128.0,549.0
1419572.0,0.0,-3.1339,0.006,0.11573,0.0,0.0,-0.1915,0.0,0.0,128.0,549.0
1419612.0,0.0,-3.1355,0.002,0.11573,0.0,0.0,-0.1915,0.0,0.0,128.0,549.0
1419652.0,0.0,-3.1355,-0.0,0.11573,0.0,0.0,-0.1915,0.0,0.0,128.0,551.0
1419692.0,0.0,-3.1355,-0.0,0.11573,0.0,0.0,-0.1915,0.0,0.0,128.0,557.0
1419732.0,0.0,-3.1355,0.0,0.11573,0.0,0.0,-0.1915,0.0,0.0,128.0,558.0
1419773.0,0.0,-3.1355,0.001,0.11573,0.0,0.0,-0.1915,0.0,0.0,128.0,558.0
1419813.0,0.0,-3.1355,0.001,0.11573,0.0,0.0,-0.1915,0.0,0.0,128.0,549.0
1419853.0,0.0,-3.1355,-0.0,0.11573,0.0,0.0,-0.1915,0.0,0.0,128.0,549.0
1419894.0,0.0,-3.1355,0.0,0.11573,0.0,0.0,-0.1915,0.0,0.0,128.0,549.0
1419934.0,0.0,-3.1355,0.0,0.11573,0.0,0.0,-0.1915,0.0,0.0,128.0,550.0
1419974.0,0.0,-3.1355,-0.0,0.11573,0.0,0.0,-0.1915,0.0,0.0,128.0,550.0
1420015.0,0.0,-3.1355,-0.002,0.11573,0.0,0.0,-0.1915,0.0,0.0,128.0,549.0
1420055.0,0.0,-3.1355,-0.001,0.11573,0.0,0.0,-0.1915,0.0,0.0,128.0,543.0
1420095.0,0.0,-3.1355,0.0,0.11573,0.0,0.0,-0.1915,0.0,0.0,128.0,549.0
1420135.0,0.0,-3.1355,0.0,0.11573,0.0,0.0,-0.1915,0.0,0.0,128.0,550.0
1420175.0,0.0,-3.1355,-0.0,0.11573,0.0,0.0,-0.1915,0.0,0.0,128.0,543.0
1420215.0,0.0,-3.1355,-0.0,0.11573,0.0,0.0,-0.1915,0.0,0.0,128.0,555.0
1420256.0,0.0,-3.1355,-0.001,0.11573,0.0,0.0,-0.1915,0.0,0.0,128.0,549.0
1420296.0,0.0,-3.1355,-0.002,0.11573,0.0,0.0,-0.1915,0.0,0.0,128.0,543.0
1420336.0,0.0,-3.1355,0.001,0.11573,0.0,0.0,-0.1915,0.0,0.0,128.0,550.0
1420376.0,0.0,-3.1355,0.0,0.11573,0.0,0.0,-0.1915,0.0,0.0,128.0,549.0
1420416.0,0.0,-3.1355,-0.001,0.11573,0.0,0.0,-0.1915,0.0,0.0,128.0,549.0
1420457.0,0.0,-3.1355,-0.0,0.11573,0.0,0.0,-0.1915,0.0,0.0,128.0,549.0
1420497.0,0.0,-3.1355,0.0,0.11573,0.0,0.0,-0.1915,0.0,0.0,128.0,550.0
1420537.0,0.0,-3.1355,0.0,0.11573,0.0,0.0,-0.1915,0.0,0.0,128.0,549.0
1420577.0,0.0,-3.1355,0.0,0.11573,0.0,0.0,-0.1915,0.0,0.0,128.0,543.0
1420618.0,0.0,-3.1355,-0.001,0.11573,0.0,0.0,-0.1915,0.0,0.0,128.0,543.0
1420658.0,0.0,-3.1355,-0.001,0.11573,0.0,0.0,-0.1915,0.0,0.0,128.0,550.0
1420698.0,0.0,-3.1355,-0.0,0.11573,0.0,0.0,-0.1915,0.0,0.0,128.0,549.0
1420738.0,0.0,-3.1355,-0.0,0.11573,0.0,0.0,-0.1915,0.0,0.0,128.0,543.0
1420779.0,0.0,-3.1355,-0.001,0.11573,0.0,0.0,-0.1915,0.0,0.0,128.0,543.0
1420819.0,0.0,-3.1355,-0.001,0.11573,0.0,0.0,-0.1915,0.0,0.0,128.0,544.0
1420859.0,0.0,-3.1355,-0.0,0.11573,0.0,0.0,-0.1915,0.0,0.0,128.0,549.0
1420899.0,0.0,-3.1355,0.0,0.11573,0.0,0.0,-0.1915,0.0,0.0,128.0,550.0
1420939.0,0.0,-3.1355,0.0,0.11573,0.0,0.0,-0.1915,0.0,0.0,128.0,550.0
1420980.0,0.0,-3.1355,0.0,0.11573,0.0,0.0,-0.1915,0.0,0.0,128.0,549.0
1421020.0,0.0,-3.1355,0.002,0.11573,0.0,0.0,-0.1915,0.0,0.0,128.0,558.0
1421060.0,0.0,-3.1355,-0.001,0.11573,0.0,0.0,-0.1915,0.0,0.0,128.0,551.0
1421101.0,0.0,-3.1355,-0.0,0.11573,0.0,0.0,-0.1915,0.0,0.0,128.0,550.0
1421141.0,0.0,-3.1355,-0.001,0.11573,0.0,0.0,-0.1915,0.0,0.0,128.0,558.0
1421181.0,0.0,-3.1355,-0.0,0.11573,0.0,0.0,-0.1915,0.0,0.0,128.0,557.0
1421221.0,0.0,-3.1355,-0.002,0.11573,0.0,0.0,-0.1915,0.0,0.0,128.0,558.0
1421261.0,0.0,-3.1355,0.001,0.11573,0.0,0.0,-0.1915,0.0,0.0,128.0,564.0
1421301.0,0.0,-3.1355,0.0,0.11573,0.0,0.0,-0.1915,0.0,0.0,128.0,549.0
1421341.0,0.0,-3.1355,-0.0,0.11573,0.0,0.0,-0.1915,0.0,0.0,128.0,549.0
1421382.0,0.0,-3.1355,0.003,0.11573,0.0,0.0,-0.1915,0.0,0.0,128.0,549.0
1421422.0,0.0,-3.1355,-0.001,0.11573,0.0,0.0,-0.1915,0.0,0.0,128.0,549.0
1421462.0,0.0,-3.1355,0.0,0.11573,0.0,0.0,-0.1915,0.0,0.0,128.0,550.0
1421502.0,0.0,-3.1355,0.0,0.11573,0.0,0.0,-0.1915,0.0,0.0,128.0,545.0
1421542.0,0.0,-3.1339,0.008,0.11573,0.0,0.0,-0.1915,0.0,0.0,128.0,556.0
1421583.0,0.0,-3.1355,-0.002,0.11573,0.0,0.0,-0.1915,0.0,0.0,128.0,549.0
1421623.0,0.0,-3.1355,-0.0,0.11573,0.0,0.0,-0.1915,0.0,0.0,128.0,549.0
1421663.0,0.0,-3.1355,0.001,0.11573,0.0,0.0,-0.1915,0.0,0.0,128.0,544.0
1421703.0,0.0,-3.1355,0.0,0.11573,0.0,0.0,-0.1915,0.0,0.0,128.0,551.0
1421743.0,0.0,-3.1355,0.001,0.11573,0.0,0.0,-0.1915,0.0,0.0,128.0,550.0
1421784.0,0.0,-3.1355,0.004,0.11573,0.0,0.0,-0.1915,0.0,0.0,128.0,551.0
1421824.0,0.0,-3.1355,0.0,0.11573,0.0,0.0,-0.1915,0.0,0.0,128.0,543.0
1421864.0,0.0,-3.1355,-0.001,0.11573,0.0,0.0,-0.1915,0.0,0.0,128.0,549.0
1421904.0,0.0,-3.1355,-0.0,0.11573,0.0,0.0,-0.1915,0.0,0.0,128.0,543.0
1421945.0,0.0,-3.1355,0.0,0.11573,0.0,0.0,-0.1915,0.0,0.0,128.0,549.0
1421985.0,0.0,-3.1355,-0.004,0.11573,0.0,0.0,-0.1915,0.0,0.0,128.0,544.0
1422025.0,0.0,-3.1355,0.002,0.11573,0.0,0.0,-0.1915,0.0,0.0,128.0,550.0
1422065.0,0.0,-3.1355,-0.005,0.11573,0.0,0.0,-0.1915,0.0,0.0,128.0,543.0
1422105.0,0.0,-3.1355,0.002,0.11573,0.0,0.0,-0.1915,0.0,0.0,128.0,558.0
1422146.0,0.0,-3.1355,-0.001,0.11573,0.0,0.0,-0.1915,0.0,0.0,128.0,558.0
1422186.0,0.0,-3.1355,-0.0,0.11573,0.0,0.0,-0.1915,0.0,0.0,128.0,549.0
1422226.0,0.0,-3.1355,0.001,0.11573,0.0,0.0,-0.1915,0.0,0.0,128.0,549.0
1422266.0,0.0,-3.1355,0.0,0.11573,0.0,0.0,-0.1915,0.0,0.0,128.0,549.0
1422307.0,0.0,-3.1355,-0.001,0.11573,0.0,0.0,-0.1915,0.0,0.0,128.0,544.0
1422347.0,0.0,-3.1355,-0.001,0.11573,0.0,0.0,-0.1915,0.0,0.0,128.0,542.0
1422387.0,0.0,-3.1355,-0.0,0.11573,0.0,0.0,-0.1915,0.0,0.0,128.0,550.0
1422427.0,0.0,-3.1355,-0.0,0.11573,0.0,0.0,-0.1915,0.0,0.0,128.0,549.0
1422467.0,0.0,-3.1355,0.0,0.11573,0.0,0.0,-0.1915,0.0,0.0,128.0,551.0
1422507.0,0.0,-3.1355,0.0,0.11573,0.0,0.0,-0.1915,0.0,0.0,128.0,570.0
1422547.0,0.0,-3.1355,-0.0,0.11573,0.0,0.0,-0.1915,0.0,0.0,128.0,549.0
1422588.0,0.0,-3.1355,0.0,0.11573,0.0,0.0,-0.1915,0.0,0.0,128.0,549.0
1422628.0,0.0,-3.1355,0.0,0.11573,0.0,0.0,-0.1915,0.0,0.0,128.0,570.0
1422668.0,0.0,-3.1355,0.0,0.11573,0.0,0.0,-0.1915,0.0,0.0,128.0,556.0
1422709.0,0.0,-3.1355,0.0,0.11573,0.0,0.0,-0.1915,0.0,0.0,128.0,555.0
1422749.0,0.0,-3.1355,0.002,0.11573,0.0,0.0,-0.1915,0.0,0.0,128.0,550.0
1422789.0,0.0,-3.1355,-0.001,0.11573,0.0,0.0,-0.1915,0.0,0.0,128.0,549.0
1422829.0,0.0,-3.1355,-0.0,0.11573,0.0,0.0,-0.1915,0.0,0.0,128.0,549.0
1422870.0,0.0,-3.1355,-0.0,0.11573,0.0,0.0,-0.1915,0.0,0.0,128.0,543.0
1422910.0,0.0,-3.1355,0.0,0.11573,0.0,0.0,-0.1915,0.0,0.0,128.0,550.0
1422950.0,0.0,-3.1355,0.0,0.11573,0.0,0.0,-0.1915,0.0,0.0,128.0,548.0
1422991.0,0.0,-3.1355,-0.0,0.11573,0.0,0.0,-0.1915,0.0,0.0,128.0,550.0
1423031.0,0.0,-3.1355,0.004,0.11573,0.0,0.0,-0.1915,0.0,0.0,128.0,550.0
1423071.0,0.0,-3.1355,-0.001,0.11573,0.0,0.0,-0.1915,0.0,0.0,128.0,551.0
1423111.0,0.0,-3.1355,-0.001,0.11573,0.0,0.0,-0.1915,0.0,0.0,128.0,551.0
1423152.0,0.0,-3.1355,0.004,0.11573,0.0,0.0,-0.1915,0.0,0.0,128.0,557.0
1423192.0,0.0,-3.1355,-0.003,0.11573,0.0,0.0,-0.1915,0.0,0.0,128.0,543.0
1423232.0,0.0,-3.1355,0.001,0.11573,0.0,0.0,-0.1915,0.0,0.0,128.0,549.0
1423273.0,0.0,-3.1355,-0.0,0.11573,0.0,0.0,-0.1915,0.0,0.0,128.0,543.0
1423313.0,0.0,-3.1355,-0.0,0.11573,0.0,0.0,-0.1915,0.0,0.0,128.0,550.0
1423353.0,0.0,-3.1355,0.0,0.11573,0.0,0.0,-0.1915,0.0,0.0,128.0,550.0
1423393.0,0.0,-3.1355,0.0,0.11573,0.0,0.0,-0.1915,0.0,0.0,128.0,564.0
1423434.0,0.0,-3.137,-0.006,0.11573,0.0,0.0,-0.1915,0.0,0.0,128.0,564.0
1423474.0,0.0,-3.1355,0.001,0.11573,0.0,0.0,-0.1915,0.0,0.0,128.0,549.0
1423514.0,0.0,-3.1355,0.001,0.11573,0.0,0.0,-0.1915,0.0,0.0,128.0,544.0
1423555.0,0.0,-3.1355,-0.001,0.11573,0.0,0.0,-0.1915,0.0,0.0,128.0,549.0
1423595.0,0.0,-3.1355,-0.0,0.11573,0.0,0.0,-0.1915,0.0,0.0,128.0,549.0
1423635.0,0.0,-3.1355,0.0,0.11573,0.0,0.0,-0.1915,0.0,0.0,128.0,550.0
1423675.0,0.0,-3.1355,0.0,0.11573,0.0,0.0,-0.1915,0.0,0.0,128.0,542.0
1423715.0,0.0,-3.1355,-0.001,0.11573,0.0,0.0,-0.1915,0.0,0.0,128.0,549.0
1423756.0,0.0,-3.1355,-0.0,0.11573,0.0,0.0,-0.1915,0.0,0.0,128.0,543.0
1423796.0,0.0,-3.1355,-0.0,0.11573,0.0,0.0,-0.1915,0.0,0.0,128.0,543.0
1423836.0,0.0,-3.1355,-0.001,0.11573,0.0,0.0,-0.1915,0.0,0.0,128.0,557.0
1423876.0,0.0,-3.1355,-0.0,0.11573,0.0,0.0,-0.1915,0.0,0.0,128.0,550.0
1423916.0,0.0,-3.1355,-0.001,0.11573,0.0,0.0,-0.1915,0.0,0.0,128.0,549.0
1423957.0,0.0,-3.1355,-0.0,0.11573,0.0,0.0,-0.1915,0.0,0.0,128.0,543.0
1423997.0,0.0,-3.1355,-0.0,0.11573,0.0,0.0,-0.1915,0.0,0.0,128.0,549.0
1424037.0,0.0,-3.1355,0.0,0.11573,0.0,0.0,-0.1915,0.0,0.0,128.0,551.0
1424077.0,0.0,-3.1355,-0.001,0.11573,0.0,0.0,-0.1915,0.0,0.0,128.0,558.0
1424118.0,0.0,-3.1355,-0.001,0.11573,0.0,0.0,-0.1915,0.0,0.0,128.0,550.0
1424158.0,0.0,-3.1355,-0.0,0.11573,0.0,0.0,-0.1915,0.0,0.0,128.0,557.0
1424198.0,0.0,-3.1355,0.002,0.11573,0.0,0.0,-0.1915,0.0,0.0,128.0,549.0
1424238.0,0.0,-3.1355,-0.001,0.11573,0.0,0.0,-0.1915,0.0,0.0,128.0,543.0
1424279.0,0.0,-3.1355,-0.0,0.11573,0.0,0.0,-0.1915,0.0,0.0,128.0,549.0
1424319.0,0.0,-3.1339,0.006,0.11573,0.0,0.0,-0.1915,0.0,0.0,128.0,557.0
1424359.0,0.0,-3.1355,-0.001,0.11573,0.0,0.0,-0.1915,0.0,0.0,128.0,557.0
1424399.0,0.0,-3.1355,0.0,0.11573,0.0,0.0,-0.1915,0.0,0.0,128.0,551.0
1424440.0,0.0,-3.1355,0.005,0.11573,0.0,0.0,-0.1915,0.0,0.0,128.0,558.0
1424480.0,0.0,-3.1355,-0.002,0.11573,0.0,0.0,-0.1915,0.0,0.0,128.0,557.0
1424520.0,0.0,-3.1355,-0.0,0.11573,0.0,0.0,-0.1915,0.0,0.0,128.0,549.0
1424560.0,0.0,-3.1355,-0.0,0.11573,0.0,0.0,-0.1915,0.0,0.0,128.0,549.0
1424601.0,0.0,-3.1355,0.0,0.11573,0.0,0.0,-0.1915,0.0,0.0,128.0,549.0
1424641.0,0.0,-3.1355,0.01,0.11573,0.0,0.0,-0.1915,0.0,0.0,128.0,557.0
1424681.0,0.0,-3.1355,-0.002,0.11573,0.0,0.0,-0.1915,0.0,0.0,128.0,557.0
1424722.0,0.0,-3.1355,-0.001,0.11573,0.0,0.0,-0.1915,0.0,0.0,128.0,557.0
1424762.0,0.0,-3.1355,-0.0,0.11573,0.0,0.0,-0.1915,0.0,0.0,128.0,569.0
1424802.0,0.0,-3.1355,0.002,0.11573,0.0,0.0,-0.1915,0.0,0.0,128.0,549.0
1424842.0,0.0,-3.1355,0.004,0.11573,0.0,0.0,-0.1915,0.0,0.0,128.0,543.0
1424882.0,0.0,-3.1355,-0.002,0.11573,0.0,0.0,-0.1915,0.0,0.0,128.0,549.0
1424923.0,0.0,-3.1355,-0.0,0.11573,0.0,0.0,-0.1915,0.0,0.0,128.0,549.0
1424963.0,0.0,-3.1355,-0.0,0.11573,0.0,0.0,-0.1915,0.0,0.0,128.0,544.0
1425003.0,0.0,-3.1355,0.0,0.11573,0.0,0.0,-0.1915,0.0,0.0,128.0,550.0
1425044.0,0.0,-3.1355,0.0,0.11573,0.0,0.0,-0.1915,0.0,0.0,128.0,549.0
1425084.0,0.0,-3.1355,-0.001,0.11573,0.0,0.0,-0.1915,0.0,0.0,128.0,549.0
1425124.0,0.0,-3.1355,0.003,0.11573,0.0,0.0,-0.1915,0.0,0.0,128.0,544.0
1425165.0,0.0,-3.1355,-0.001,0.11573,0.0,0.0,-0.1915,0.0,0.0,128.0,549.0
1425205.0,0.0,-3.1355,-0.0,0.11573,0.0,0.0,-0.1915,0.0,0.0,128.0,550.0
1425245.0,0.0,-3.1355,0.0,0.11573,0.0,0.0,-0.1915,0.0,0.0,128.0,549.0
1425285.0,0.0,-3.1355,0.001,0.11573,0.0,0.0,-0.1915,0.0,0.0,128.0,549.0
1425326.0,0.0,-3.1355,0.0,0.11573,0.0,0.0,-0.1915,0.0,0.0,128.0,549.0
1425366.0,0.0,-3.1355,-0.001,0.11573,0.0,0.0,-0.1915,0.0,0.0,128.0,550.0
1425406.0,0.0,-3.1355,-0.004,0.11573,0.0,0.0,-0.1915,0.0,0.0,128.0,551.0
1425446.0,0.0,-3.1355,0.0,0.11573,0.0,0.0,-0.1915,0.0,0.0,128.0,551.0
1425487.0,0.0,-3.1355,-0.0,0.11573,0.0,0.0,-0.1915,0.0,0.0,128.0,551.0
1425527.0,0.0,-3.1355,-0.0,0.11573,0.0,0.0,-0.1915,0.0,0.0,128.0,551.0
1425567.0,0.0,-3.1355,0.003,0.11573,0.0,0.0,-0.1915,0.0,0.0,128.0,557.0
1425607.0,0.0,-3.1355,-0.001,0.11573,0.0,0.0,-0.1915,0.0,0.0,128.0,570.0
1425647.0,0.0,-3.1355,-0.0,0.11573,0.0,0.0,-0.1915,0.0,0.0,128.0,543.0
1425687.0,0.0,-3.1355,0.0,0.11573,0.0,0.0,-0.1915,0.0,0.0,128.0,550.0
1425728.0,0.0,-3.1355,0.001,0.11573,0.0,0.0,-0.1915,0.0,0.0,128.0,549.0
1425768.0,0.0,-3.1355,0.0,0.11573,0.0,0.0,-0.1915,0.0,0.0,128.0,544.0
1425808.0,0.0,-3.1355,-0.001,0.11573,0.0,0.0,-0.1915,0.0,0.0,128.0,550.0
1425848.0,0.0,-3.1355,-0.001,0.11573,0.0,0.0,-0.1915,0.0,0.0,128.0,550.0
1425889.0,0.0,-3.1355,-0.001,0.11573,0.0,0.0,-0.1915,0.0,0.0,128.0,550.0
1425929.0,0.0,-3.1355,-0.0,0.11573,0.0,0.0,-0.1915,0.0,0.0,128.0,543.0
1425969.0,0.0,-3.1355,0.0,0.11573,0.0,0.0,-0.1915,0.0,0.0,128.0,549.0
1426009.0,0.0,-3.1339,0.006,0.11573,0.0,0.0,-0.1915,0.0,0.0,128.0,557.0
1426050.0,0.0,-3.1355,-0.001,0.11573,0.0,0.0,-0.1915,0.0,0.0,128.0,549.0
1426090.0,0.0,-3.1355,-0.0,0.11573,0.0,0.0,-0.1915,0.0,0.0,128.0,543.0
1426130.0,0.0,-3.1355,-0.003,0.11573,0.0,0.0,-0.1915,0.0,0.0,128.0,551.0
1426170.0,0.0,-3.1355,0.004,0.11573,0.0,0.0,-0.1915,0.0,0.0,128.0,564.0
1426210.0,0.0,-3.1355,0.001,0.11573,0.0,0.0,-0.1915,0.0,0.0,128.0,550.0
1426251.0,0.0,-3.1355,-0.0,0.11573,0.0,0.0,-0.1915,0.0,0.0,128.0,550.0
1426291.0,0.0,-3.1355,-0.002,0.11573,0.0,0.0,-0.1915,0.0,0.0,128.0,564.0
1426331.0,0.0,-3.1355,0.001,0.11573,0.0,0.0,-0.1915,0.0,0.0,128.0,549.0
1426372.0,0.0,-3.1355,-0.001,0.11573,0.0,0.0,-0.1915,0.0,0.0,128.0,549.0
1426412.0,0.0,-3.1355,0.001,0.11573,0.0,0.0,-0.1915,0.0,0.0,128.0,544.0
1426452.0,0.0,-3.1355,0.002,0.11573,0.0,0.0,-0.1915,0.0,0.0,128.0,564.0
1426492.0,0.0,-3.1355,-0.002,0.11573,0.0,0.0,-0.1915,0.0,0.0,128.0,549.0
1426533.0,0.0,-3.1355,-0.001,0.11573,0.0,0.0,-0.1915,0.0,0.0,128.0,549.0
1426573.0,0.0,-3.1355,-0.001,0.11573,0.0,0.0,-0.1915,0.0,0.0,128.0,543.0
1426613.0,0.0,-3.1355,0.002,0.11573,0.0,0.0,-0.1915,0.0,0.0,128.0,550.0
1426653.0,0.0,-3.1355,-0.001,0.11573,0.0,0.0,-0.1915,0.0,0.0,128.0,549.0
1426694.0,0.0,-3.1355,-0.002,0.11573,0.0,0.0,-0.1915,0.0,0.0,128.0,549.0
1426734.0,0.0,-3.1355,0.001,0.11573,0.0,0.0,-0.1915,0.0,0.0,128.0,550.0
1426774.0,0.0,-3.1355,0.004,0.11573,0.0,0.0,-0.1915,0.0,0.0,128.0,549.0
1426814.0,0.0,-3.1355,-0.002,0.11573,0.0,0.0,-0.1915,0.0,0.0,128.0,549.0
1426855.0,0.0,-3.1355,0.002,0.11573,0.0,0.0,-0.1915,0.0,0.0,128.0,549.0
1426895.0,0.0,-3.1355,-0.001,0.11573,0.0,0.0,-0.1915,0.0,0.0,128.0,544.0
1426935.0,0.0,-3.1355,-0.0,0.11573,0.0,0.0,-0.1915,0.0,0.0,128.0,543.0
1426975.0,0.0,-3.1355,-0.001,0.11573,0.0,0.0,-0.1915,0.0,0.0,128.0,557.0
1427016.0,0.0,-3.1355,-0.001,0.11573,0.0,0.0,-0.1915,0.0,0.0,128.0,558.0
1427056.0,0.0,-3.137,-0.007,0.11573,0.0,0.0,-0.1915,0.0,0.0,128.0,550.0
1427096.0,0.0,-3.1355,-0.0,0.11573,0.0,0.0,-0.1915,0.0,0.0,128.0,549.0
1427136.0,0.0,-3.1355,-0.0,0.11573,0.0,0.0,-0.1915,0.0,0.0,128.0,549.0
1427177.0,0.0,-3.1355,-0.002,0.11573,0.0,0.0,-0.1915,0.0,0.0,128.0,549.0
1427217.0,0.0,-3.1355,-0.002,0.11573,0.0,0.0,-0.1915,0.0,0.0,128.0,556.0
1427257.0,0.0,-3.1355,-0.001,0.11573,0.0,0.0,-0.1915,0.0,0.0,128.0,550.0
1427298.0,0.0,-3.1355,-0.0,0.11573,0.0,0.0,-0.1915,0.0,0.0,128.0,549.0
1427338.0,0.0,-3.1355,0.001,0.11573,0.0,0.0,-0.1915,0.0,0.0,128.0,550.0
1427378.0,0.0,-3.1355,-0.001,0.11573,0.0,0.0,-0.1915,0.0,0.0,128.0,550.0
1427419.0,0.0,-3.1355,-0.001,0.11573,0.0,0.0,-0.1915,0.0,0.0,128.0,549.0
1427459.0,0.0,-3.1355,0.0,0.11573,0.0,0.0,-0.1915,0.0,0.0,128.0,550.0
1427499.0,0.0,-3.1355,-0.001,0.11573,0.0,0.0,-0.1915,0.0,0.0,128.0,549.0
1427539.0,0.0,-3.1355,-0.0,0.11573,0.0,0.0,-0.1915,0.0,0.0,128.0,549.0
1427580.0,0.0,-3.1355,0.0,0.11573,0.0,0.0,-0.1915,0.0,0.0,128.0,549.0
1427620.0,0.0,-3.1355,0.0,0.11573,0.0,0.0,-0.1915,0.0,0.0,128.0,543.0
1427660.0,0.0,-3.1355,0.0,0.11573,0.0,0.0,-0.1915,0.0,0.0,128.0,556.0
1427700.0,0.0,-3.1355,0.0,0.11573,0.0,0.0,-0.1915,0.0,0.0,128.0,563.0
1427741.0,0.0,-3.1355,0.001,0.11573,0.0,0.0,-0.1915,0.0,0.0,128.0,552.0
1427781.0,0.0,-3.1355,0.004,0.11573,0.0,0.0,-0.1915,0.0,0.0,128.0,558.0
1427821.0,0.0,-3.1355,-0.001,0.11573,0.0,0.0,-0.1915,0.0,0.0,128.0,570.0
1427861.0,0.0,-3.1355,-0.001,0.11573,0.0,0.0,-0.1915,0.0,0.0,128.0,549.0
1427902.0,0.0,-3.1355,-0.0,0.11573,0.0,0.0,-0.1915,0.0,0.0,128.0,550.0
1427942.0,0.0,-3.1355,0.001,0.11573,0.0,0.0,-0.1915,0.0,0.0,128.0,550.0
1427982.0,0.0,-3.1355,-0.001,0.11573,0.0,0.0,-0.1915,0.0,0.0,128.0,549.0
1428022.0,0.0,-3.1355,-0.001,0.11573,0.0,0.0,-0.1915,0.0,0.0,128.0,549.0
1428063.0,0.0,-3.1355,-0.008,0.11573,0.0,0.0,-0.1915,0.0,0.0,128.0,549.0
1428103.0,0.0,-3.1355,0.0,0.11573,0.0,0.0,-0.1915,0.0,0.0,128.0,544.0
1428143.0,0.0,-3.1355,0.003,0.11573,0.0,0.0,-0.1915,0.0,0.0,128.0,564.0
1428183.0,0.0,-3.1355,-0.001,0.11573,0.0,0.0,-0.1915,0.0,0.0,128.0,549.0
1428224.0,0.0,-3.1355,0.0,0.11573,0.0,0.0,-0.1915,0.0,0.0,128.0,550.0
1428264.0,0.0,-3.1355,-0.002,0.11573,0.0,0.0,-0.1915,0.0,0.0,128.0,549.0
1428304.0,0.0,-3.1355,-0.0,0.11573,0.0,0.0,-0.1915,0.0,0.0,128.0,549.0
1428344.0,0.0,-3.1355,0.001,0.11573,0.0,0.0,-0.1915,0.0,0.0,128.0,550.0
1428384.0,0.0,-3.1355,-0.001,0.11573,0.0,0.0,-0.1915,0.0,0.0,128.0,549.0
1428424.0,0.0,-3.1355,-0.0,0.11573,0.0,0.0,-0.1915,0.0,0.0,128.0,543.0
1428465.0,0.0,-3.1355,-0.0,0.11573,0.0,0.0,-0.1915,0.0,0.0,128.0,544.0
1428505.0,0.0,-3.1355,-0.0,0.11573,0.0,0.0,-0.1915,0.0,0.0,128.0,549.0
1428545.0,0.0,-3.1355,0.0,0.11573,0.0,0.0,-0.1915,0.0,0.0,128.0,557.0
1428585.0,0.0,-3.1355,0.0,0.11573,0.0,0.0,-0.1915,0.0,0.0,128.0,564.0
1428625.0,0.0,-3.1355,0.0,0.11573,0.0,0.0,-0.1915,0.0,0.0,128.0,543.0
1428666.0,0.0,-3.1355,-0.001,0.11573,0.0,0.0,-0.1915,0.0,0.0,128.0,549.0
1428706.0,0.0,-3.1355,0.0,0.11573,0.0,0.0,-0.1915,0.0,0.0,128.0,549.0
1428746.0,0.0,-3.1355,0.0,0.11573,0.0,0.0,-0.1915,0.0,0.0,128.0,550.0
1428786.0,0.0,-3.1355,0.0,0.11573,0.0,0.0,-0.1915,0.0,0.0,128.0,549.0
1428827.0,0.0,-3.1355,-0.0,0.11573,0.0,0.0,-0.1915,0.0,0.0,128.0,549.0
1428867.0,0.0,-3.1355,-0.0,0.11573,0.0,0.0,-0.1915,0.0,0.0,128.0,549.0
1428907.0,0.0,-3.1355,-0.001,0.11573,0.0,0.0,-0.1915,0.0,0.0,128.0,549.0
1428947.0,0.0,-3.1355,-0.0,0.11573,0.0,0.0,-0.1915,0.0,0.0,128.0,544.0
1428987.0,0.0,-3.1355,0.005,0.11573,0.0,0.0,-0.1915,0.0,0.0,128.0,557.0
1429027.0,0.0,-3.1355,-0.001,0.11573,0.0,0.0,-0.1915,0.0,0.0,128.0,557.0
1429068.0,0.0,-3.1355,-0.001,0.11573,0.0,0.0,-0.1915,0.0,0.0,128.0,550.0
1429108.0,0.0,-3.1355,-0.0,0.11573,0.0,0.0,-0.1915,0.0,0.0,128.0,557.0
1429148.0,0.0,-3.1355,-0.0,0.11573,0.0,0.0,-0.1915,0.0,0.0,128.0,558.0
1429188.0,0.0,-3.1355,-0.0,0.11573,0.0,0.0,-0.1915,0.0,0.0,128.0,557.0
1429228.0,0.0,-3.1355,0.001,0.11573,0.0,0.0,-0.1915,0.0,0.0,128.0,549.0
1429268.0,0.0,-3.1355,-0.001,0.11573,0.0,0.0,-0.1915,0.0,0.0,128.0,549.0
1429308.0,0.0,-3.1355,-0.0,0.11573,0.0,0.0,-0.1915,0.0,0.0,128.0,549.0
1429348.0,0.0,-3.1355,0.0,0.11573,0.0,0.0,-0.1915,0.0,0.0,128.0,557.0
1429389.0,0.0,-3.1355,0.0,0.11573,0.0,0.0,-0.1915,0.0,0.0,128.0,555.0
1429429.0,0.0,-3.1355,-0.0,0.11573,0.0,0.0,-0.1915,0.0,0.0,128.0,550.0
1429469.0,0.0,-3.1355,-0.001,0.11573,0.0,0.0,-0.1915,0.0,0.0,128.0,549.0
1429510.0,0.0,-3.1355,0.0,0.11573,0.0,0.0,-0.1915,0.0,0.0,128.0,544.0
1429550.0,0.0,-3.1355,-0.0,0.11573,0.0,0.0,-0.1915,0.0,0.0,128.0,550.0
1429590.0,0.0,-3.1355,-0.0,0.11573,0.0,0.0,-0.1915,0.0,0.0,128.0,544.0
1429630.0,0.0,-3.1355,0.0,0.11573,0.0,0.0,-0.1915,0.0,0.0,128.0,550.0
1429670.0,0.0,-3.1355,0.001,0.11573,0.0,0.0,-0.1915,0.0,0.0,128.0,551.0
1429711.0,0.0,-3.1355,-0.001,0.11573,0.0,0.0,-0.1915,0.0,0.0,128.0,557.0
1429751.0,0.0,-3.1355,-0.001,0.11573,0.0,0.0,-0.1915,0.0,0.0,128.0,557.0
1429791.0,0.0,-3.137,-0.006,0.11573,0.0,0.0,-0.1915,0.0,0.0,128.0,564.0
1429831.0,0.0,-3.1355,0.001,0.11573,0.0,0.0,-0.1915,0.0,0.0,128.0,570.0
1429871.0,0.0,-3.1355,0.001,0.11573,0.0,0.0,-0.1915,0.0,0.0,128.0,549.0
1429912.0,0.0,-3.1355,-0.001,0.11573,0.0,0.0,-0.1915,0.0,0.0,128.0,543.0
1429952.0,0.0,-3.1355,-0.0,0.11573,0.0,0.0,-0.1915,0.0,0.0,128.0,543.0
1429992.0,0.0,-3.1355,-0.0,0.11573,0.0,0.0,-0.1915,0.0,0.0,128.0,549.0
1430032.0,0.0,-3.1355,0.005,0.11573,0.0,0.0,-0.1915,0.0,0.0,128.0,559.0
1430072.0,0.0,-3.1355,-0.001,0.11573,0.0,0.0,-0.1915,0.0,0.0,128.0,558.0
1430113.0,0.0,-3.1355,-0.0,0.11573,0.0,0.0,-0.1915,0.0,0.0,128.0,557.0
1430153.0,0.0,-3.1355,-0.0,0.11573,0.0,0.0,-0.1915,0.0,0.0,128.0,557.0
1430193.0,0.0,-3.1355,0.001,0.11573,0.0,0.0,-0.1915,0.0,0.0,128.0,549.0
1430233.0,0.0,-3.1355,0.0,0.11573,0.0,0.0,-0.1915,0.0,0.0,128.0,549.0
1430274.0,0.0,-3.1355,0.0,0.11573,0.0,0.0,-0.1915,0.0,0.0,128.0,549.0
1430314.0,0.0,-3.1355,-0.001,0.11573,0.0,0.0,-0.1915,0.0,0.0,128.0,550.0
1430354.0,0.0,-3.1355,-0.001,0.11573,0.0,0.0,-0.1915,0.0,0.0,128.0,550.0
1430394.0,0.0,-3.1355,-0.004,0.11573,0.0,0.0,-0.1915,0.0,0.0,128.0,543.0
1430434.0,0.0,-3.1355,0.001,0.11573,0.0,0.0,-0.1915,0.0,0.0,128.0,549.0
1430475.0,0.0,-3.1355,-0.003,0.11573,0.0,0.0,-0.1915,0.0,0.0,128.0,545.0
1430515.0,0.0,-3.1355,0.0,0.11573,0.0,0.0,-0.1915,0.0,0.0,128.0,544.0
1430555.0,0.0,-3.1355,-0.0,0.11573,0.0,0.0,-0.1915,0.0,0.0,128.0,564.0
1430595.0,0.0,-3.1355,-0.0,0.11573,0.0,0.0,-0.1915,0.0,0.0,128.0,543.0
1430635.0,0.0,-3.1355,-0.0,0.11573,0.0,0.0,-0.1915,0.0,0.0,128.0,550.0
1430676.0,0.0,-3.1355,0.012,0.11573,0.0,0.0,-0.1915,0.0,0.0,128.0,556.0
1430716.0,0.0,-3.1355,-0.002,0.11573,0.0,0.0,-0.1915,0.0,0.0,128.0,550.0
1430756.0,0.0,-3.1355,-0.0,0.11573,0.0,0.0,-0.1915,0.0,0.0,128.0,543.0
1430797.0,0.0,-3.1355,0.001,0.11573,0.0,0.0,-0.1915,0.0,0.0,128.0,549.0
1430837.0,0.0,-3.1355,-0.001,0.11573,0.0,0.0,-0.1915,0.0,0.0,128.0,551.0
1430877.0,0.0,-3.1355,-0.0,0.11573,0.0,0.0,-0.1915,0.0,0.0,128.0,550.0
1430917.0,0.0,-3.1355,-0.002,0.11573,0.0,0.0,-0.1915,0.0,0.0,128.0,543.0
1430957.0,0.0,-3.1355,0.007,0.11573,0.0,0.0,-0.1915,0.0,0.0,128.0,557.0
1430998.0,0.0,-3.1355,-0.002,0.11573,0.0,0.0,-0.1915,0.0,0.0,128.0,549.0
1431038.0,0.0,-3.1355,-0.001,0.11573,0.0,0.0,-0.1915,0.0,0.0,128.0,551.0
1431078.0,0.0,-3.1355,-0.001,0.11573,0.0,0.0,-0.1915,0.0,0.0,128.0,558.0
1431118.0,0.0,-3.1355,-0.001,0.11573,0.0,0.0,-0.1915,0.0,0.0,128.0,564.0
1431158.0,0.0,-3.1355,0.0,0.11573,0.0,0.0,-0.1915,0.0,0.0,128.0,549.0
1431199.0,0.0,-3.1355,-0.0,0.11573,0.0,0.0,-0.1915,0.0,0.0,128.0,549.0
1431239.0,0.0,-3.1355,0.0,0.11573,0.0,0.0,-0.1915,0.0,0.0,128.0,549.0
1431279.0,0.0,-3.1355,-0.001,0.11573,0.0,0.0,-0.1915,0.0,0.0,128.0,544.0
1431319.0,0.0,-3.1355,0.0,0.11573,0.0,0.0,-0.1915,0.0,0.0,128.0,549.0
1431360.0,0.0,-3.1355,-0.006,0.11573,0.0,0.0,-0.1915,0.0,0.0,128.0,550.0
1431400.0,0.0,-3.1355,0.001,0.11573,0.0,0.0,-0.1915,0.0,0.0,128.0,569.0
1431440.0,0.0,-3.1355,0.006,0.11573,0.0,0.0,-0.1915,0.0,0.0,128.0,550.0
1431481.0,0.0,-3.1355,0.002,0.11573,0.0,0.0,-0.1915,0.0,0.0,128.0,549.0
1431521.0,0.0,-3.1355,-0.001,0.11573,0.0,0.0,-0.1915,0.0,0.0,128.0,549.0
1431561.0,0.0,-3.1355,-0.001,0.11573,0.0,0.0,-0.1915,0.0,0.0,128.0,550.0
1431601.0,0.0,-3.1355,0.0,0.11573,0.0,0.0,-0.1915,0.0,0.0,128.0,544.0
1431642.0,0.0,-3.1355,0.0,0.11573,0.0,0.0,-0.1915,0.0,0.0,128.0,549.0
1431682.0,0.0,-3.1355,0.0,0.11573,0.0,0.0,-0.1915,0.0,0.0,128.0,549.0
1431722.0,0.0,-3.1355,-0.0,0.11573,0.0,0.0,-0.1915,0.0,0.0,128.0,544.0
1431762.0,0.0,-3.1355,-0.002,0.11573,0.0,0.0,-0.1915,0.0,0.0,128.0,550.0
1431802.0,0.0,-3.1355,0.001,0.11573,0.0,0.0,-0.1915,0.0,0.0,128.0,557.0
1431843.0,0.0,-3.1355,0.0,0.11573,0.0,0.0,-0.1915,0.0,0.0,128.0,558.0
1431883.0,0.0,-3.1355,-0.0,0.11573,0.0,0.0,-0.1915,0.0,0.0,128.0,549.0
1431923.0,0.0,-3.1355,-0.002,0.11573,0.0,0.0,-0.1915,0.0,0.0,128.0,549.0
1431964.0,0.0,-3.1355,-0.0,0.11573,0.0,0.0,-0.1915,0.0,0.0,128.0,549.0
1432004.0,0.0,-3.1355,-0.0,0.11573,0.0,0.0,-0.1915,0.0,0.0,128.0,544.0
1432044.0,0.0,-3.1355,0.0,0.11573,0.0,0.0,-0.1915,0.0,0.0,128.0,549.0
1432084.0,0.0,-3.1355,-0.001,0.11573,0.0,0.0,-0.1915,0.0,0.0,128.0,564.0
1432124.0,0.0,-3.1355,-0.0,0.11573,0.0,0.0,-0.1915,0.0,0.0,128.0,549.0
1432165.0,0.0,-3.1355,-0.0,0.11573,0.0,0.0,-0.1915,0.0,0.0,128.0,550.0
1432205.0,0.0,-3.1355,0.0,0.11573,0.0,0.0,-0.1915,0.0,0.0,128.0,564.0
1432245.0,0.0,-3.1355,-0.001,0.11573,0.0,0.0,-0.1915,0.0,0.0,128.0,549.0
1432286.0,0.0,-3.1355,-0.0,0.11573,0.0,0.0,-0.1915,0.0,0.0,128.0,550.0
1432326.0,0.0,-3.1355,-0.0,0.11573,0.0,0.0,-0.1915,0.0,0.0,128.0,549.0
1432366.0,0.0,-3.1355,0.0,0.11573,0.0,0.0,-0.1915,0.0,0.0,128.0,551.0
1432406.0,0.0,-3.1355,0.001,0.11573,0.0,0.0,-0.1915,0.0,0.0,128.0,564.0
1432446.0,0.0,-3.1355,0.0,0.11573,0.0,0.0,-0.1915,0.0,0.0,128.0,549.0
1432487.0,0.0,-3.1355,-0.0,0.11573,0.0,0.0,-0.1915,0.0,0.0,128.0,549.0
1432527.0,0.0,-3.1355,-0.0,0.11573,0.0,0.0,-0.1915,0.0,0.0,128.0,549.0
1432567.0,0.0,-3.1355,0.002,0.11573,0.0,0.0,-0.1915,0.0,0.0,128.0,564.0
1432607.0,0.0,-3.1355,-0.003,0.11573,0.0,0.0,-0.1915,0.0,0.0,128.0,549.0
1432648.0,0.0,-3.1355,0.002,0.11573,0.0,0.0,-0.1915,0.0,0.0,128.0,543.0
1432688.0,0.0,-3.1355,-0.0,0.11573,0.0,0.0,-0.1915,0.0,0.0,128.0,550.0
1432728.0,0.0,-3.1355,-0.001,0.11573,0.0,0.0,-0.1915,0.0,0.0,128.0,549.0
1432768.0,0.0,-3.1355,-0.001,0.11573,0.0,0.0,-0.1915,0.0,0.0,128.0,549.0
1432809.0,0.0,-3.1355,-0.0,0.11573,0.0,0.0,-0.1915,0.0,0.0,128.0,549.0
1432849.0,0.0,-3.1355,0.0,0.11573,0.0,0.0,-0.1915,0.0,0.0,128.0,549.0
1432889.0,0.0,-3.1355,0.0,0.11573,0.0,0.0,-0.1915,0.0,0.0,128.0,564.0
1432929.0,0.0,-3.137,-0.003,0.11573,0.0,0.0,-0.1915,0.0,0.0,128.0,557.0
1432970.0,0.0,-3.1355,0.006,0.11573,0.0,0.0,-0.1915,0.0,0.0,128.0,550.0
1433010.0,0.0,-3.1355,-0.002,0.11573,0.0,0.0,-0.1915,0.0,0.0,128.0,550.0
1433050.0,0.0,-3.1355,-0.0,0.11573,0.0,0.0,-0.1915,0.0,0.0,128.0,550.0
1433090.0,0.0,-3.1355,0.0,0.11573,0.0,0.0,-0.1915,0.0,0.0,128.0,543.0
1433131.0,0.0,-3.1355,0.0,0.11573,0.0,0.0,-0.1915,0.0,0.0,128.0,543.0
1433171.0,0.0,-3.1355,0.0,0.11573,0.0,0.0,-0.1915,0.0,0.0,128.0,549.0
1433211.0,0.0,-3.1355,0.001,0.11573,0.0,0.0,-0.1915,0.0,0.0,128.0,550.0
1433251.0,0.0,-3.1355,0.0,0.11573,0.0,0.0,-0.1915,0.0,0.0,128.0,549.0
1433291.0,0.0,-3.1355,0.0,0.11573,0.0,0.0,-0.1915,0.0,0.0,128.0,549.0
1433332.0,0.0,-3.1355,0.003,0.11573,0.0,0.0,-0.1915,0.0,0.0,128.0,543.0
1433372.0,0.0,-3.1355,-0.0,0.11573,0.0,0.0,-0.1915,0.0,0.0,128.0,543.0
1433412.0,0.0,-3.1355,0.0,0.11573,0.0,0.0,-0.1915,0.0,0.0,128.0,544.0
1433452.0,0.0,-3.1355,-0.0,0.11573,0.0,0.0,-0.1915,0.0,0.0,128.0,564.0
1433492.0,0.0,-3.1355,-0.0,0.11573,0.0,0.0,-0.1915,0.0,0.0,128.0,549.0
1433533.0,0.0,-3.1355,0.001,0.11573,0.0,0.0,-0.1915,0.0,0.0,128.0,549.0
1433573.0,0.0,-3.1355,0.0,0.11573,0.0,0.0,-0.1915,0.0,0.0,128.0,543.0
1433613.0,0.0,-3.1355,0.004,0.11573,0.0,0.0,-0.1915,0.0,0.0,128.0,549.0
1433653.0,0.0,-3.1355,-0.002,0.11573,0.0,0.0,-0.1915,0.0,0.0,128.0,549.0
1433693.0,0.0,-3.1355,-0.0,0.11573,0.0,0.0,-0.1915,0.0,0.0,128.0,550.0
1433733.0,0.0,-3.1355,0.002,0.11573,0.0,0.0,-0.1915,0.0,0.0,128.0,543.0
1433773.0,0.0,-3.1355,0.001,0.11573,0.0,0.0,-0.1915,0.0,0.0,128.0,550.0
1433814.0,0.0,-3.1355,0.0,0.11573,0.0,0.0,-0.1915,0.0,0.0,128.0,549.0
1433854.0,0.0,-3.1355,-0.0,0.11573,0.0,0.0,-0.1915,0.0,0.0,128.0,549.0
1433894.0,0.0,-3.1355,0.004,0.11573,0.0,0.0,-0.1915,0.0,0.0,128.0,564.0
1433934.0,0.0,-3.137,-0.006,0.11573,0.0,0.0,-0.1915,0.0,0.0,128.0,556.0
1433975.0,0.0,-3.1355,0.001,0.11573,0.0,0.0,-0.1915,0.0,0.0,128.0,549.0
1434015.0,0.0,-3.1355,0.0,0.11573,0.0,0.0,-0.1915,0.0,0.0,128.0,550.0
1434055.0,0.0,-3.1355,-0.0,0.11573,0.0,0.0,-0.1915,0.0,0.0,128.0,549.0
1434095.0,0.0,-3.1355,-0.0,0.11573,0.0,0.0,-0.1915,0.0,0.0,128.0,550.0
1434136.0,0.0,-3.1355,-0.0,0.11573,0.0,0.0,-0.1915,0.0,0.0,128.0,542.0
1434176.0,0.0,-3.1355,0.0,0.11573,0.0,0.0,-0.1915,0.0,0.0,128.0,564.0
1434216.0,0.0,-3.1355,0.001,0.11573,0.0,0.0,-0.1915,0.0,0.0,128.0,549.0
1434257.0,0.0,-3.1355,0.0,0.11573,0.0,0.0,-0.1915,0.0,0.0,128.0,549.0
1434297.0,0.0,-3.1355,-0.0,0.11573,0.0,0.0,-0.1915,0.0,0.0,128.0,550.0
1434337.0,0.0,-3.1355,0.0,0.11573,0.0,0.0,-0.1915,0.0,0.0,128.0,543.0
1434377.0,0.0,-3.1355,0.0,0.11573,0.0,0.0,-0.1915,0.0,0.0,128.0,549.0
1434418.0,0.0,-3.1355,-0.002,0.11573,0.0,0.0,-0.1915,0.0,0.0,128.0,550.0
1434458.0,0.0,-3.1355,0.001,0.11573,0.0,0.0,-0.1915,0.0,0.0,128.0,549.0
1434498.0,0.0,-3.1355,0.001,0.11573,0.0,0.0,-0.1915,0.0,0.0,128.0,544.0
1434538.0,0.0,-3.1355,0.003,0.11573,0.0,0.0,-0.1915,0.0,0.0,128.0,557.0
1434579.0,0.0,-3.1355,-0.001,0.11573,0.0,0.0,-0.1915,0.0,0.0,128.0,557.0
1434619.0,0.0,-3.1355,-0.001,0.11573,0.0,0.0,-0.1915,0.0,0.0,128.0,569.0
1434659.0,0.0,-3.1355,-0.0,0.11573,0.0,0.0,-0.1915,0.0,0.0,128.0,543.0
1434700.0,0.0,-3.1355,-0.001,0.11573,0.0,0.0,-0.1915,0.0,0.0,128.0,549.0
1434740.0,0.0,-3.1355,-0.0,0.11573,0.0,0.0,-0.1915,0.0,0.0,128.0,550.0
1434780.0,0.0,-3.1355,0.0,0.11573,0.0,0.0,-0.1915,0.0,0.0,128.0,549.0
1434820.0,0.0,-3.1355,-0.001,0.11573,0.0,0.0,-0.1915,0.0,0.0,128.0,549.0
1434861.0,0.0,-3.1355,-0.0,0.11573,0.0,0.0,-0.1915,0.0,0.0,128.0,549.0
1434901.0,0.0,-3.1355,-0.001,0.11573,0.0,0.0,-0.1915,0.0,0.0,128.0,550.0
1434941.0,0.0,-3.1355,0.002,0.11573,0.0,0.0,-0.1915,0.0,0.0,128.0,544.0
1434982.0,0.0,-3.1355,-0.001,0.11573,0.0,0.0,-0.1915,0.0,0.0,128.0,550.0
1435022.0,0.0,-3.1355,-0.0,0.11573,0.0,0.0,-0.1915,0.0,0.0,128.0,543.0
1435062.0,0.0,-3.1355,0.0,0.11573,0.0,0.0,-0.1915,0.0,0.0,128.0,544.0
1435102.0,0.0,-3.1355,0.003,0.11573,0.0,0.0,-0.1915,0.0,0.0,128.0,543.0
1435142.0,0.0,-3.1355,-0.001,0.11573,0.0,0.0,-0.1915,0.0,0.0,128.0,557.0
1435183.0,0.0,-3.1355,0.001,0.11573,0.0,0.0,-0.1915,0.0,0.0,128.0,557.0
1435223.0,0.0,-3.1355,0.0,0.11573,0.0,0.0,-0.1915,0.0,0.0,128.0,549.0
1435263.0,0.0,-3.1355,0.0,0.11573,0.0,0.0,-0.1915,0.0,0.0,128.0,549.0
1435303.0,0.0,-3.1355,-0.0,0.11573,0.0,0.0,-0.1915,0.0,0.0,128.0,543.0
1435343.0,0.0,-3.1355,-0.002,0.11573,0.0,0.0,-0.1915,0.0,0.0,128.0,549.0
1435384.0,0.0,-3.1355,-0.0,0.11573,0.0,0.0,-0.1915,0.0,0.0,128.0,543.0
1435424.0,0.0,-3.1355,0.0,0.11573,0.0,0.0,-0.1915,0.0,0.0,128.0,550.0
1435464.0,0.0,-3.1355,0.0,0.11573,0.0,0.0,-0.1915,0.0,0.0,128.0,555.0
1435504.0,0.0,-3.1355,0.004,0.11573,0.0,0.0,-0.1915,0.0,0.0,128.0,551.0
1435544.0,0.0,-3.1355,0.005,0.11573,0.0,0.0,-0.1915,0.0,0.0,128.0,565.0
1435585.0,0.0,-3.1355,-0.004,0.11573,0.0,0.0,-0.1915,0.0,0.0,128.0,557.0
1435625.0,0.0,-3.1355,-0.001,0.11573,0.0,0.0,-0.1915,0.0,0.0,128.0,543.0
1435665.0,0.0,-3.1355,0.0,0.11573,0.0,0.0,-0.1915,0.0,0.0,128.0,543.0
1435706.0,0.0,-3.1355,-0.0,0.11573,0.0,0.0,-0.1915,0.0,0.0,128.0,543.0
1435746.0,0.0,-3.1355,0.003,0.11573,0.0,0.0,-0.1915,0.0,0.0,128.0,549.0
1435786.0,0.0,-3.1355,-0.006,0.11573,0.0,0.0,-0.1915,0.0,0.0,128.0,550.0
1435826.0,0.0,-3.1355,0.001,0.11573,0.0,0.0,-0.1915,0.0,0.0,128.0,549.0
1435867.0,0.0,-3.1355,-0.0,0.11573,0.0,0.0,-0.1915,0.0,0.0,128.0,543.0
1435907.0,0.0,-3.1355,-0.0,0.11573,0.0,0.0,-0.1915,0.0,0.0,128.0,549.0
1435947.0,0.0,-3.1355,-0.0,0.11573,0.0,0.0,-0.1915,0.0,0.0,128.0,549.0
1435987.0,0.0,-3.1355,-0.001,0.11573,0.0,0.0,-0.1915,0.0,0.0,128.0,550.0
1436027.0,0.0,-3.1355,-0.0,0.11573,0.0,0.0,-0.1915,0.0,0.0,128.0,551.0
1436067.0,0.0,-3.1355,0.004,0.11573,0.0,0.0,-0.1915,0.0,0.0,128.0,565.0
1436108.0,0.0,-3.1355,-0.002,0.11573,0.0,0.0,-0.1915,0.0,0.0,128.0,550.0
1436148.0,0.0,-3.1355,0.001,0.11573,0.0,0.0,-0.1915,0.0,0.0,128.0,558.0
1436188.0,0.0,-3.1355,-0.001,0.11573,0.0,0.0,-0.1915,0.0,0.0,128.0,570.0
1436228.0,0.0,-3.1355,-0.0,0.11573,0.0,0.0,-0.1915,0.0,0.0,128.0,549.0
1436268.0,0.0,-3.1355,0.001,0.11573,0.0,0.0,-0.1915,0.0,0.0,128.0,543.0
1436308.0,0.0,-3.1355,-0.0,0.11573,0.0,0.0,-0.1915,0.0,0.0,128.0,549.0
1436349.0,0.0,-3.1355,0.001,0.11573,0.0,0.0,-0.1915,0.0,0.0,128.0,549.0
1436389.0,0.0,-3.1355,-0.002,0.11573,0.0,0.0,-0.1915,0.0,0.0,128.0,550.0
1436429.0,0.0,-3.1355,-0.003,0.11573,0.0,0.0,-0.1915,0.0,0.0,128.0,549.0
1436469.0,0.0,-3.1355,0.001,0.11573,0.0,0.0,-0.1915,0.0,0.0,128.0,543.0
1436509.0,0.0,-3.1339,0.006,0.11573,0.0,0.0,-0.1915,0.0,0.0,128.0,556.0
1436550.0,0.0,-3.1355,-0.001,0.11573,0.0,0.0,-0.1915,0.0,0.0,128.0,549.0
1436590.0,0.0,-3.1355,-0.001,0.11573,0.0,0.0,-0.1915,0.0,0.0,128.0,549.0
1436630.0,0.0,-3.1355,-0.0,0.11573,0.0,0.0,-0.1915,0.0,0.0,128.0,550.0
1436670.0,0.0,-3.1355,0.001,0.11573,0.0,0.0,-0.1915,0.0,0.0,128.0,542.0
1436710.0,0.0,-3.1355,0.0,0.11573,0.0,0.0,-0.1915,0.0,0.0,128.0,549.0
1436751.0,0.0,-3.1355,0.0,0.11573,0.0,0.0,-0.1915,0.0,0.0,128.0,549.0
1436791.0,0.0,-3.1355,-0.0,0.11573,0.0,0.0,-0.1915,0.0,0.0,128.0,544.0
1436831.0,0.0,-3.1355,-0.0,0.11573,0.0,0.0,-0.1915,0.0,0.0,128.0,550.0
1436872.0,0.0,-3.1355,-0.0,0.11573,0.0,0.0,-0.1915,0.0,0.0,128.0,557.0
1436912.0,0.0,-3.1355,-0.001,0.11573,0.0,0.0,-0.1915,0.0,0.0,128.0,557.0
1436952.0,0.0,-3.1355,-0.001,0.11573,0.0,0.0,-0.1915,0.0,0.0,128.0,542.0
1436992.0,0.0,-3.1355,-0.001,0.11573,0.0,0.0,-0.1915,0.0,0.0,128.0,549.0
1437033.0,0.0,-3.1355,-0.0,0.11573,0.0,0.0,-0.1915,0.0,0.0,128.0,549.0
1437073.0,0.0,-3.1355,-0.001,0.11573,0.0,0.0,-0.1915,0.0,0.0,128.0,543.0
1437113.0,0.0,-3.1355,-0.0,0.11573,0.0,0.0,-0.1915,0.0,0.0,128.0,544.0
1437153.0,0.0,-3.1355,-0.0,0.11573,0.0,0.0,-0.1915,0.0,0.0,128.0,564.0
1437193.0,0.0,-3.1355,0.001,0.11573,0.0,0.0,-0.1915,0.0,0.0,128.0,549.0
1437234.0,0.0,-3.1355,0.0,0.11573,0.0,0.0,-0.1915,0.0,0.0,128.0,544.0
1437274.0,0.0,-3.1355,0.002,0.11573,0.0,0.0,-0.1915,0.0,0.0,128.0,544.0
1437314.0,0.0,-3.1355,-0.001,0.11573,0.0,0.0,-0.1915,0.0,0.0,128.0,549.0
1437354.0,0.0,-3.1355,-0.0,0.11573,0.0,0.0,-0.1915,0.0,0.0,128.0,549.0
1437394.0,0.0,-3.1355,0.0,0.11573,0.0,0.0,-0.1915,0.0,0.0,128.0,543.0
1437434.0,0.0,-3.1355,0.0,0.11573,0.0,0.0,-0.1915,0.0,0.0,128.0,544.0
1437474.0,0.0,-3.1355,-0.002,0.11573,0.0,0.0,-0.1915,0.0,0.0,128.0,549.0
1437514.0,0.0,-3.1355,0.0,0.11573,0.0,0.0,-0.1915,0.0,0.0,128.0,550.0
1437554.0,0.0,-3.1355,0.0,0.11573,0.0,0.0,-0.1915,0.0,0.0,128.0,549.0
1437594.0,0.0,-3.1355,-0.0,0.11573,0.0,0.0,-0.1915,0.0,0.0,128.0,549.0
1437635.0,0.0,-3.1355,-0.001,0.11573,0.0,0.0,-0.1915,0.0,0.0,128.0,550.0
1437675.0,0.0,-3.1355,0.002,0.11573,0.0,0.0,-0.1915,0.0,0.0,128.0,549.0
1437715.0,0.0,-3.1355,-0.001,0.11573,0.0,0.0,-0.1915,0.0,0.0,128.0,551.0
1437755.0,0.0,-3.1355,0.005,0.11573,0.0,0.0,-0.1915,0.0,0.0,128.0,564.0
1437795.0,0.0,-3.1355,-0.0,0.11573,0.0,0.0,-0.1915,0.0,0.0,128.0,549.0
1437835.0,0.0,-3.1355,-0.0,0.11573,0.0,0.0,-0.1915,0.0,0.0,128.0,555.0
1437876.0,0.0,-3.1355,-0.0,0.11573,0.0,0.0,-0.1915,0.0,0.0,128.0,555.0
1437916.0,0.0,-3.1355,-0.0,0.11573,0.0,0.0,-0.1915,0.0,0.0,128.0,550.0
1437956.0,0.0,-3.1355,-0.0,0.11573,0.0,0.0,-0.1915,0.0,0.0,128.0,556.0
1437996.0,0.0,-3.1355,-0.0,0.11573,0.0,0.0,-0.1915,0.0,0.0,128.0,564.0
1438036.0,0.0,-3.1355,0.001,0.11573,0.0,0.0,-0.1915,0.0,0.0,128.0,551.0
1438077.0,0.0,-3.1355,0.001,0.11573,0.0,0.0,-0.1915,0.0,0.0,128.0,550.0
1438117.0,0.0,-3.1355,-0.001,0.11573,0.0,0.0,-0.1915,0.0,0.0,128.0,550.0
1438157.0,0.0,-3.1355,-0.001,0.11573,0.0,0.0,-0.1915,0.0,0.0,128.0,557.0
1438197.0,0.0,-3.1355,0.001,0.11573,0.0,0.0,-0.1915,0.0,0.0,128.0,558.0
1438237.0,0.0,-3.1355,-0.001,0.11573,0.0,0.0,-0.1915,0.0,0.0,128.0,569.0
1438277.0,0.0,-3.1355,-0.001,0.11573,0.0,0.0,-0.1915,0.0,0.0,128.0,549.0
1438317.0,0.0,-3.1355,0.001,0.11573,0.0,0.0,-0.1915,0.0,0.0,128.0,543.0
1438358.0,0.0,-3.1355,0.0,0.11573,0.0,0.0,-0.1915,0.0,0.0,128.0,542.0
1438398.0,0.0,-3.1355,-0.002,0.11573,0.0,0.0,-0.1915,0.0,0.0,128.0,543.0
1438438.0,0.0,-3.1355,-0.001,0.11573,0.0,0.0,-0.1915,0.0,0.0,128.0,550.0
1438478.0,0.0,-3.1355,-0.001,0.11573,0.0,0.0,-0.1915,0.0,0.0,128.0,549.0
1438518.0,0.0,-3.1355,0.006,0.11573,0.0,0.0,-0.1915,0.0,0.0,128.0,557.0
1438559.0,0.0,-3.1355,-0.003,0.11573,0.0,0.0,-0.1915,0.0,0.0,128.0,549.0
1438599.0,0.0,-3.137,-0.007,0.11573,0.0,0.0,-0.1915,0.0,0.0,128.0,556.0
1438639.0,0.0,-3.1355,-0.001,0.11573,0.0,0.0,-0.1915,0.0,0.0,128.0,551.0
1438679.0,0.0,-3.1355,-0.0,0.11573,0.0,0.0,-0.1915,0.0,0.0,128.0,550.0
1438719.0,0.0,-3.1355,-0.0,0.11573,0.0,0.0,-0.1915,0.0,0.0,128.0,551.0
1438760.0,0.0,-3.1355,0.0,0.11573,0.0,0.0,-0.1915,0.0,0.0,128.0,550.0
1438800.0,0.0,-3.1355,0.0,0.11573,0.0,0.0,-0.1915,0.0,0.0,128.0,555.0
1438840.0,0.0,-3.1355,0.0,0.11573,0.0,0.0,-0.1915,0.0,0.0,128.0,550.0
1438881.0,0.0,-3.1355,0.0,0.11573,0.0,0.0,-0.1915,0.0,0.0,128.0,555.0
1438921.0,0.0,-3.1355,0.0,0.11573,0.0,0.0,-0.1915,0.0,0.0,128.0,570.0
1438961.0,0.0,-3.1355,0.004,0.11573,0.0,0.0,-0.1915,0.0,0.0,128.0,549.0
1439002.0,0.0,-3.1355,0.004,0.11573,0.0,0.0,-0.1915,0.0,0.0,128.0,543.0
1439042.0,0.0,-3.1355,-0.002,0.11573,0.0,0.0,-0.1915,0.0,0.0,128.0,550.0
1439082.0,0.0,-3.1355,-0.0,0.11573,0.0,0.0,-0.1915,0.0,0.0,128.0,543.0
1439123.0,0.0,-3.1355,-0.0,0.11573,0.0,0.0,-0.1915,0.0,0.0,128.0,543.0
1439163.0,0.0,-3.1355,0.0,0.11573,0.0,0.0,-0.1915,0.0,0.0,128.0,551.0
1439203.0,0.0,-3.1355,0.001,0.11573,0.0,0.0,-0.1915,0.0,0.0,128.0,564.0
1439243.0,0.0,-3.1355,0.0,0.11573,0.0,0.0,-0.1915,0.0,0.0,128.0,549.0
1439284.0,0.0,-3.1355,-0.0,0.11573,0.0,0.0,-0.1915,0.0,0.0,128.0,549.0
1439324.0,0.0,-3.1355,-0.001,0.11573,0.0,0.0,-0.1915,0.0,0.0,128.0,564.0
1439364.0,0.0,-3.1355,-0.0,0.11573,0.0,0.0,-0.1915,0.0,0.0,128.0,549.0
1439405.0,0.0,-3.1355,0.0,0.11573,0.0,0.0,-0.1915,0.0,0.0,128.0,549.0
1439445.0,0.0,-3.1355,-0.001,0.11573,0.0,0.0,-0.1915,0.0,0.0,128.0,543.0
1439485.0,0.0,-3.1355,-0.0,0.11573,0.0,0.0,-0.1915,0.0,0.0,128.0,557.0
1439525.0,0.0,-3.1355,0.002,0.11573,0.0,0.0,-0.1915,0.0,0.0,128.0,558.0
1439565.0,0.0,-3.1355,-0.001,0.11573,0.0,0.0,-0.1915,0.0,0.0,128.0,564.0
1439605.0,0.0,-3.1355,-0.0,0.11573,0.0,0.0,-0.1915,0.0,0.0,128.0,543.0
1439646.0,0.0,-3.1355,-0.0,0.11573,0.0,0.0,-0.1915,0.0,0.0,128.0,549.0
1439686.0,0.0,-3.1355,-0.0,0.11573,0.0,0.0,-0.1915,0.0,0.0,128.0,549.0
1439726.0,0.0,-3.1355,-0.0,0.11573,0.0,0.0,-0.1915,0.0,0.0,128.0,550.0
1439766.0,0.0,-3.1355,0.001,0.11573,0.0,0.0,-0.1915,0.0,0.0,128.0,549.0
1439806.0,0.0,-3.1355,0.001,0.11573,0.0,0.0,-0.1915,0.0,0.0,128.0,543.0
1439847.0,0.0,-3.1355,0.0,0.11573,0.0,0.0,-0.1915,0.0,0.0,128.0,549.0
1439887.0,0.0,-3.1355,0.0,0.11573,0.0,0.0,-0.1915,0.0,0.0,128.0,543.0
1439927.0,0.0,-3.1355,-0.003,0.11573,0.0,0.0,-0.1915,0.0,0.0,128.0,551.0
1439967.0,0.0,-3.1355,-0.005,0.11573,0.0,0.0,-0.1915,0.0,0.0,128.0,550.0
1440007.0,0.0,-3.1355,-0.0,0.11573,0.0,0.0,-0.1915,0.0,0.0,128.0,564.0
1440047.0,0.0,-3.1355,-0.0,0.11573,0.0,0.0,-0.1915,0.0,0.0,128.0,544.0
1440088.0,0.0,-3.1355,-0.0,0.11573,0.0,0.0,-0.1915,0.0,0.0,128.0,549.0
1440128.0,0.0,-3.1355,-0.002,0.11573,0.0,0.0,-0.1915,0.0,0.0,128.0,544.0
1440168.0,0.0,-3.1355,-0.001,0.11573,0.0,0.0,-0.1915,0.0,0.0,128.0,564.0
1440208.0,0.0,-3.137,-0.006,0.11573,0.0,0.0,-0.1915,0.0,0.0,128.0,550.0
1440249.0,0.0,-3.1355,0.001,0.11573,0.0,0.0,-0.1915,0.0,0.0,128.0,549.0
1440289.0,0.0,-3.1355,0.0,0.11573,0.0,0.0,-0.1915,0.0,0.0,128.0,549.0
1440329.0,0.0,-3.1355,0.002,0.11573,0.0,0.0,-0.1915,0.0,0.0,128.0,551.0
1440369.0,0.0,-3.1355,-0.001,0.11573,0.0,0.0,-0.1915,0.0,0.0,128.0,557.0
1440410.0,0.0,-3.1355,-0.001,0.11573,0.0,0.0,-0.1915,0.0,0.0,128.0,550.0
1440450.0,0.0,-3.1355,-0.002,0.11573,0.0,0.0,-0.1915,0.0,0.0,128.0,551.0
1440490.0,0.0,-3.1355,-0.0,0.11573,0.0,0.0,-0.1915,0.0,0.0,128.0,550.0
1440530.0,0.0,-3.1355,-0.0,0.11573,0.0,0.0,-0.1915,0.0,0.0,128.0,558.0
1440570.0,0.0,-3.1355,0.0,0.11573,0.0,0.0,-0.1915,0.0,0.0,128.0,557.0
1440610.0,0.0,-3.1355,0.0,0.11573,0.0,0.0,-0.1915,0.0,0.0,128.0,549.0
1440650.0,0.0,-3.1355,0.0,0.11573,0.0,0.0,-0.1915,0.0,0.0,128.0,555.0
1440691.0,0.0,-3.1355,-0.005,0.11573,0.0,0.0,-0.1915,0.0,0.0,128.0,544.0
1440731.0,0.0,-3.137,-0.005,0.11573,0.0,0.0,-0.1915,0.0,0.0,128.0,551.0
1440771.0,0.0,-3.1355,0.001,0.11573,0.0,0.0,-0.1915,0.0,0.0,128.0,564.0
1440811.0,0.0,-3.1355,0.0,0.11573,0.0,0.0,-0.1915,0.0,0.0,128.0,543.0
1440851.0,0.0,-3.1355,0.001,0.11573,0.0,0.0,-0.1915,0.0,0.0,128.0,550.0
1440892.0,0.0,-3.1355,0.006,0.11573,0.0,0.0,-0.1915,0.0,0.0,128.0,549.0
1440932.0,0.0,-3.1355,-0.002,0.11573,0.0,0.0,-0.1915,0.0,0.0,128.0,550.0
1440972.0,0.0,-3.1355,0.0,0.11573,0.0,0.0,-0.1915,0.0,0.0,128.0,549.0
1441013.0,0.0,-3.1355,0.0,0.11573,0.0,0.0,-0.1915,0.0,0.0,128.0,549.0
1441053.0,0.0,-3.1355,-0.001,0.11573,0.0,0.0,-0.1915,0.0,0.0,128.0,551.0
1441093.0,0.0,-3.1355,-0.0,0.11573,0.0,0.0,-0.1915,0.0,0.0,128.0,558.0
1441133.0,0.0,-3.1355,0.0,0.11573,0.0,0.0,-0.1915,0.0,0.0,128.0,551.0
1441174.0,0.0,-3.1355,0.01,0.11573,0.0,0.0,-0.1915,0.0,0.0,128.0,551.0
1441214.0,0.0,-3.1355,-0.002,0.11573,0.0,0.0,-0.1915,0.0,0.0,128.0,550.0
1441254.0,0.0,-3.1355,-0.001,0.11573,0.0,0.0,-0.1915,0.0,0.0,128.0,557.0
1441294.0,0.0,-3.1355,-0.002,0.11573,0.0,0.0,-0.1915,0.0,0.0,128.0,570.0
1441334.0,0.0,-3.1355,-0.0,0.11573,0.0,0.0,-0.1915,0.0,0.0,128.0,549.0
1441374.0,0.0,-3.1355,-0.0,0.11573,0.0,0.0,-0.1915,0.0,0.0,128.0,549.0
1441415.0,0.0,-3.1355,0.0,0.11573,0.0,0.0,-0.1915,0.0,0.0,128.0,549.0
1441455.0,0.0,-3.1355,0.0,0.11573,0.0,0.0,-0.1915,0.0,0.0,128.0,549.0
1441495.0,0.0,-3.1355,0.0,0.11573,0.0,0.0,-0.1915,0.0,0.0,128.0,550.0
1441535.0,0.0,-3.1355,-0.0,0.11573,0.0,0.0,-0.1915,0.0,0.0,128.0,549.0
1441576.0,0.0,-3.1355,0.003,0.11573,0.0,0.0,-0.1915,0.0,0.0,128.0,549.0
1441616.0,0.0,-3.1355,-0.002,0.11573,0.0,0.0,-0.1915,0.0,0.0,128.0,549.0
1441656.0,0.0,-3.1355,-0.002,0.11573,0.0,0.0,-0.1915,0.0,0.0,128.0,551.0
1441696.0,0.0,-3.1355,-0.0,0.11573,0.0,0.0,-0.1915,0.0,0.0,128.0,564.0
1441736.0,0.0,-3.1355,0.0,0.11573,0.0,0.0,-0.1915,0.0,0.0,128.0,549.0
1441777.0,0.0,-3.1355,0.0,0.11573,0.0,0.0,-0.1915,0.0,0.0,128.0,550.0
1441817.0,0.0,-3.1355,-0.0,0.11573,0.0,0.0,-0.1915,0.0,0.0,128.0,550.0
1441857.0,0.0,-3.1355,-0.001,0.11573,0.0,0.0,-0.1915,0.0,0.0,128.0,557.0
1441898.0,0.0,-3.1355,-0.0,0.11573,0.0,0.0,-0.1915,0.0,0.0,128.0,550.0
1441938.0,0.0,-3.1355,-0.003,0.11573,0.0,0.0,-0.1915,0.0,0.0,128.0,550.0
1441978.0,0.0,-3.1339,0.006,0.11573,0.0,0.0,-0.1915,0.0,0.0,128.0,564.0
1442018.0,0.0,-3.1355,-0.001,0.11573,0.0,0.0,-0.1915,0.0,0.0,128.0,557.0
1442058.0,0.0,-3.1355,-0.001,0.11573,0.0,0.0,-0.1915,0.0,0.0,128.0,549.0
1442098.0,0.0,-3.1355,-0.0,0.11573,0.0,0.0,-0.1915,0.0,0.0,128.0,549.0
1442139.0,0.0,-3.1355,0.003,0.11573,0.0,0.0,-0.1915,0.0,0.0,128.0,549.0
1442179.0,0.0,-3.1355,-0.002,0.11573,0.0,0.0,-0.1915,0.0,0.0,128.0,550.0
1442219.0,0.0,-3.1355,-0.0,0.11573,0.0,0.0,-0.1915,0.0,0.0,128.0,549.0
1442260.0,0.0,-3.1355,-0.0,0.11573,0.0,0.0,-0.1915,0.0,0.0,128.0,549.0
1442300.0,0.0,-3.1355,-0.0,0.11573,0.0,0.0,-0.1915,0.0,0.0,128.0,550.0
1442340.0,0.0,-3.1355,0.001,0.11573,0.0,0.0,-0.1915,0.0,0.0,128.0,564.0
1442380.0,0.0,-3.1355,-0.001,0.11573,0.0,0.0,-0.1915,0.0,0.0,128.0,544.0
1442421.0,0.0,-3.1355,-0.001,0.11573,0.0,0.0,-0.1915,0.0,0.0,128.0,549.0
1442461.0,0.0,-3.1355,-0.0,0.11573,0.0,0.0,-0.1915,0.0,0.0,128.0,543.0
1442501.0,0.0,-3.1355,-0.001,0.11573,0.0,0.0,-0.1915,0.0,0.0,128.0,550.0
1442541.0,0.0,-3.1355,-0.001,0.11573,0.0,0.0,-0.1915,0.0,0.0,128.0,549.0
1442581.0,0.0,-3.1355,-0.005,0.11573,0.0,0.0,-0.1915,0.0,0.0,128.0,549.0
1442622.0,0.0,-3.1355,0.0,0.11573,0.0,0.0,-0.1915,0.0,0.0,128.0,549.0
1442662.0,0.0,-3.1355,-0.003,0.11573,0.0,0.0,-0.1915,0.0,0.0,128.0,550.0
1442702.0,0.0,-3.1355,0.002,0.11573,0.0,0.0,-0.1915,0.0,0.0,128.0,549.0
1442743.0,0.0,-3.1355,-0.0,0.11573,0.0,0.0,-0.1915,0.0,0.0,128.0,549.0
1442783.0,0.0,-3.1355,0.002,0.11573,0.0,0.0,-0.1915,0.0,0.0,128.0,549.0
1442823.0,0.0,-3.137,-0.005,0.11573,0.0,0.0,-0.1915,0.0,0.0,128.0,556.0
1442863.0,0.0,-3.1355,-0.005,0.11573,0.0,0.0,-0.1915,0.0,0.0,128.0,551.0
1442903.0,0.0,-3.1355,-0.001,0.11573,0.0,0.0,-0.1915,0.0,0.0,128.0,564.0
1442943.0,0.0,-3.1355,0.001,0.11573,0.0,0.0,-0.1915,0.0,0.0,128.0,549.0
1442984.0,0.0,-3.1355,0.0,0.11573,0.0,0.0,-0.1915,0.0,0.0,128.0,543.0
1443024.0,0.0,-3.1355,-0.001,0.11573,0.0,0.0,-0.1915,0.0,0.0,128.0,549.0
1443064.0,0.0,-3.1355,0.004,0.11573,0.0,0.0,-0.1915,0.0,0.0,128.0,558.0
1443104.0,0.0,-3.1355,-0.001,0.11573,0.0,0.0,-0.1915,0.0,0.0,128.0,550.0
1443144.0,0.0,-3.1355,0.006,0.11573,0.0,0.0,-0.1915,0.0,0.0,128.0,564.0
1443185.0,0.0,-3.1355,0.001,0.11573,0.0,0.0,-0.1915,0.0,0.0,128.0,557.0
1443225.0,0.0,-3.1355,-0.002,0.11573,0.0,0.0,-0.1915,0.0,0.0,128.0,569.0
1443265.0,0.0,-3.1355,-0.0,0.11573,0.0,0.0,-0.1915,0.0,0.0,128.0,549.0
1443305.0,0.0,-3.1355,-0.001,0.11573,0.0,0.0,-0.1915,0.0,0.0,128.0,549.0
1443346.0,0.0,-3.1355,-0.0,0.11573,0.0,0.0,-0.1915,0.0,0.0,128.0,549.0
1443386.0,0.0,-3.1355,-0.002,0.11573,0.0,0.0,-0.1915,0.0,0.0,128.0,550.0
1443426.0,0.0,-3.1355,0.0,0.11573,0.0,0.0,-0.1915,0.0,0.0,128.0,549.0
1443467.0,0.0,-3.1355,-0.001,0.11573,0.0,0.0,-0.1915,0.0,0.0,128.0,543.0
1443507.0,0.0,-3.1355,-0.0,0.11573,0.0,0.0,-0.1915,0.0,0.0,128.0,549.0
1443547.0,0.0,-3.1355,0.0,0.11573,0.0,0.0,-0.1915,0.0,0.0,128.0,550.0
1443587.0,0.0,-3.1355,0.0,0.11573,0.0,0.0,-0.1915,0.0,0.0,128.0,549.0
1443627.0,0.0,-3.1355,0.0,0.11573,0.0,0.0,-0.1915,0.0,0.0,128.0,555.0
1443668.0,0.0,-3.1355,0.0,0.11573,0.0,0.0,-0.1915,0.0,0.0,128.0,555.0
1443708.0,0.0,-3.1355,0.0,0.11573,0.0,0.0,-0.1915,0.0,0.0,128.0,556.0
1443748.0,0.0,-3.1355,-0.0,0.11573,0.0,0.0,-0.1915,0.0,0.0,128.0,550.0
1443788.0,0.0,-3.1355,0.006,0.11573,0.0,0.0,-0.1915,0.0,0.0,128.0,558.0
1443829.0,0.0,-3.1355,-0.001,0.11573,0.0,0.0,-0.1915,0.0,0.0,128.0,557.0
1443869.0,0.0,-3.1355,-0.0,0.11573,0.0,0.0,-0.1915,0.0,0.0,128.0,558.0
1443909.0,0.0,-3.1355,0.0,0.11573,0.0,0.0,-0.1915,0.0,0.0,128.0,557.0
1443949.0,0.0,-3.1355,0.0,0.11573,0.0,0.0,-0.1915,0.0,0.0,128.0,570.0
1443989.0,0.0,-3.1355,0.0,0.11573,0.0,0.0,-0.1915,0.0,0.0,128.0,549.0
1444030.0,0.0,-3.1355,0.001,0.11573,0.0,0.0,-0.1915,0.0,0.0,128.0,549.0
1444070.0,0.0,-3.1355,-0.001,0.11573,0.0,0.0,-0.1915,0.0,0.0,128.0,550.0
1444110.0,0.0,-3.1355,-0.0,0.11573,0.0,0.0,-0.1915,0.0,0.0,128.0,549.0
1444151.0,0.0,-3.1355,0.0,0.11573,0.0,0.0,-0.1915,0.0,0.0,128.0,549.0
1444191.0,0.0,-3.1355,0.0,0.11573,0.0,0.0,-0.1915,0.0,0.0,128.0,550.0
1444231.0,0.0,-3.1355,0.0,0.11573,0.0,0.0,-0.1915,0.0,0.0,128.0,542.0
1444271.0,0.0,-3.1355,0.0,0.11573,0.0,0.0,-0.1915,0.0,0.0,128.0,550.0
1444312.0,0.0,-3.1355,0.003,0.11573,0.0,0.0,-0.1915,0.0,0.0,128.0,550.0
1444352.0,0.0,-3.1355,-0.001,0.11573,0.0,0.0,-0.1915,0.0,0.0,128.0,550.0
1444392.0,0.0,-3.1355,0.0,0.11573,0.0,0.0,-0.1915,0.0,0.0,128.0,543.0
1444432.0,0.0,-3.1355,0.001,0.11573,0.0,0.0,-0.1915,0.0,0.0,128.0,549.0
1444473.0,0.0,-3.1355,-0.001,0.11573,0.0,0.0,-0.1915,0.0,0.0,128.0,549.0
1444513.0,0.0,-3.1355,-0.001,0.11573,0.0,0.0,-0.1915,0.0,0.0,128.0,550.0
1444553.0,0.0,-3.1355,0.001,0.11573,0.0,0.0,-0.1915,0.0,0.0,128.0,555.0
1444593.0,0.0,-3.1355,0.0,0.11573,0.0,0.0,-0.1915,0.0,0.0,128.0,549.0
1444634.0,0.0,-3.1355,-0.0,0.11573,0.0,0.0,-0.1915,0.0,0.0,128.0,549.0
1444674.0,0.0,-3.1355,-0.0,0.11573,0.0,0.0,-0.1915,0.0,0.0,128.0,557.0
1444714.0,0.0,-3.1355,-0.0,0.11573,0.0,0.0,-0.1915,0.0,0.0,128.0,550.0
1444754.0,0.0,-3.1355,0.0,0.11573,0.0,0.0,-0.1915,0.0,0.0,128.0,550.0
1444794.0,0.0,-3.1355,0.0,0.11573,0.0,0.0,-0.1915,0.0,0.0,128.0,555.0
1444835.0,0.0,-3.1355,-0.002,0.11573,0.0,0.0,-0.1915,0.0,0.0,128.0,550.0
1444875.0,0.0,-3.1355,0.0,0.11573,0.0,0.0,-0.1915,0.0,0.0,128.0,550.0
1444915.0,0.0,-3.1355,0.002,0.11573,0.0,0.0,-0.1915,0.0,0.0,128.0,550.0
1444956.0,0.0,-3.1355,-0.001,0.11573,0.0,0.0,-0.1915,0.0,0.0,128.0,543.0
1444996.0,0.0,-3.1355,0.005,0.11573,0.0,0.0,-0.1915,0.0,0.0,128.0,550.0
1445036.0,0.0,-3.1355,-0.001,0.11573,0.0,0.0,-0.1915,0.0,0.0,128.0,544.0
1445076.0,0.0,-3.1355,-0.0,0.11573,0.0,0.0,-0.1915,0.0,0.0,128.0,564.0
1445116.0,0.0,-3.1355,0.0,0.11573,0.0,0.0,-0.1915,0.0,0.0,128.0,543.0
1445156.0,0.0,-3.1355,0.0,0.11573,0.0,0.0,-0.1915,0.0,0.0,128.0,550.0
1445197.0,0.0,-3.1355,-0.0,0.11573,0.0,0.0,-0.1915,0.0,0.0,128.0,549.0
1445237.0,0.0,-3.1355,0.0,0.11573,0.0,0.0,-0.1915,0.0,0.0,128.0,544.0
1445277.0,0.0,-3.1355,0.001,0.11573,0.0,0.0,-0.1915,0.0,0.0,128.0,550.0
1445317.0,0.0,-3.1355,-0.001,0.11573,0.0,0.0,-0.1915,0.0,0.0,128.0,557.0
1445357.0,0.0,-3.1355,-0.001,0.11573,0.0,0.0,-0.1915,0.0,0.0,128.0,551.0
1445398.0,0.0,-3.1355,-0.002,0.11573,0.0,0.0,-0.1915,0.0,0.0,128.0,550.0
1445438.0,0.0,-3.1355,-0.0,0.11573,0.0,0.0,-0.1915,0.0,0.0,128.0,557.0
1445478.0,0.0,-3.1355,0.008,0.11573,0.0,0.0,-0.1915,0.0,0.0,128.0,563.0
1445518.0,0.0,-3.1355,-0.002,0.11573,0.0,0.0,-0.1915,0.0,0.0,128.0,544.0
1445559.0,0.0,-3.1355,-0.001,0.11573,0.0,0.0,-0.1915,0.0,0.0,128.0,549.0
1445599.0,0.0,-3.1355,-0.009,0.11573,0.0,0.0,-0.1915,0.0,0.0,128.0,556.0
1445639.0,0.0,-3.1355,0.003,0.11573,0.0,0.0,-0.1915,0.0,0.0,128.0,544.0
1445679.0,0.0,-3.1355,0.004,0.11573,0.0,0.0,-0.1915,0.0,0.0,128.0,549.0
1445719.0,0.0,-3.1355,-0.002,0.11573,0.0,0.0,-0.1915,0.0,0.0,128.0,557.0
1445760.0,0.0,-3.1355,-0.001,0.11573,0.0,0.0,-0.1915,0.0,0.0,128.0,558.0
1445800.0,0.0,-3.1355,-0.0,0.11573,0.0,0.0,-0.1915,0.0,0.0,128.0,563.0
1445840.0,0.0,-3.1355,-0.0,0.11573,0.0,0.0,-0.1915,0.0,0.0,128.0,549.0
1445880.0,0.0,-3.1355,-0.0,0.11573,0.0,0.0,-0.1915,0.0,0.0,128.0,544.0
1445921.0,0.0,-3.1355,-0.001,0.11573,0.0,0.0,-0.1915,0.0,0.0,128.0,544.0
1445961.0,0.0,-3.1355,-0.001,0.11573,0.0,0.0,-0.1915,0.0,0.0,128.0,542.0
1446001.0,0.0,-3.1355,0.0,0.11573,0.0,0.0,-0.1915,0.0,0.0,128.0,549.0
1446041.0,0.0,-3.1355,0.001,0.11573,0.0,0.0,-0.1915,0.0,0.0,128.0,550.0
1446081.0,0.0,-3.1355,0.001,0.11573,0.0,0.0,-0.1915,0.0,0.0,128.0,543.0
1446122.0,0.0,-3.1355,0.0,0.11573,0.0,0.0,-0.1915,0.0,0.0,128.0,549.0
1446162.0,0.0,-3.1355,-0.0,0.11573,0.0,0.0,-0.1915,0.0,0.0,128.0,550.0
1446202.0,0.0,-3.1355,-0.0,0.11573,0.0,0.0,-0.1915,0.0,0.0,128.0,549.0
1446242.0,0.0,-3.1355,0.0,0.11573,0.0,0.0,-0.1915,0.0,0.0,128.0,551.0
1446283.0,0.0,-3.1355,0.0,0.11573,0.0,0.0,-0.1915,0.0,0.0,128.0,555.0
1446323.0,0.0,-3.1355,0.003,0.11573,0.0,0.0,-0.1915,0.0,0.0,128.0,564.0
1446363.0,0.0,-3.1355,-0.0,0.11573,0.0,0.0,-0.1915,0.0,0.0,128.0,543.0
1446403.0,0.0,-3.1355,-0.001,0.11573,0.0,0.0,-0.1915,0.0,0.0,128.0,549.0
1446444.0,0.0,-3.1355,0.001,0.11573,0.0,0.0,-0.1915,0.0,0.0,128.0,549.0
1446484.0,0.0,-3.1355,0.0,0.11573,0.0,0.0,-0.1915,0.0,0.0,128.0,550.0
1446524.0,0.0,-3.1355,0.001,0.11573,0.0,0.0,-0.1915,0.0,0.0,128.0,549.0
1446565.0,0.0,-3.1355,-0.0,0.11573,0.0,0.0,-0.1915,0.0,0.0,128.0,543.0
1446605.0,0.0,-3.1355,0.001,0.11573,0.0,0.0,-0.1915,0.0,0.0,128.0,550.0
1446645.0,0.0,-3.1355,-0.003,0.11573,0.0,0.0,-0.1915,0.0,0.0,128.0,549.0
1446685.0,0.0,-3.1355,0.004,0.11573,0.0,0.0,-0.1915,0.0,0.0,128.0,550.0
1446725.0,0.0,-3.1355,-0.0,0.11573,0.0,0.0,-0.1915,0.0,0.0,128.0,543.0
1446766.0,0.0,-3.1355,-0.001,0.11573,0.0,0.0,-0.1915,0.0,0.0,128.0,549.0
1446806.0,0.0,-3.1355,-0.001,0.11573,0.0,0.0,-0.1915,0.0,0.0,128.0,551.0
1446846.0,0.0,-3.1355,-0.0,0.11573,0.0,0.0,-0.1915,0.0,0.0,128.0,551.0
1446887.0,0.0,-3.1355,-0.001,0.11573,0.0,0.0,-0.1915,0.0,0.0,128.0,551.0
1446927.0,0.0,-3.1355,0.003,0.11573,0.0,0.0,-0.1915,0.0,0.0,128.0,557.0
1446967.0,0.0,-3.1355,-0.001,0.11573,0.0,0.0,-0.1915,0.0,0.0,128.0,557.0
1447007.0,0.0,-3.1355,-0.005,0.11573,0.0,0.0,-0.1915,0.0,0.0,128.0,543.0
1447047.0,0.0,-3.1355,0.001,0.11573,0.0,0.0,-0.1915,0.0,0.0,128.0,543.0
1447087.0,0.0,-3.1355,0.0,0.11573,0.0,0.0,-0.1915,0.0,0.0,128.0,551.0
1447128.0,0.0,-3.1355,-0.0,0.11573,0.0,0.0,-0.1915,0.0,0.0,128.0,549.0
1447168.0,0.0,-3.1355,-0.0,0.11573,0.0,0.0,-0.1915,0.0,0.0,128.0,544.0
1447208.0,0.0,-3.1355,-0.0,0.11573,0.0,0.0,-0.1915,0.0,0.0,128.0,551.0
1447249.0,0.0,-3.1355,-0.0,0.11573,0.0,0.0,-0.1915,0.0,0.0,128.0,550.0
1447289.0,0.0,-3.1355,0.002,0.11573,0.0,0.0,-0.1915,0.0,0.0,128.0,558.0
1447329.0,0.0,-3.1355,-0.001,0.11573,0.0,0.0,-0.1915,0.0,0.0,128.0,570.0
1447369.0,0.0,-3.1355,-0.003,0.11573,0.0,0.0,-0.1915,0.0,0.0,128.0,543.0
1447410.0,0.0,-3.1355,-0.001,0.11573,0.0,0.0,-0.1915,0.0,0.0,128.0,549.0
1447450.0,0.0,-3.1355,0.0,0.11573,0.0,0.0,-0.1915,0.0,0.0,128.0,549.0
1447490.0,0.0,-3.1355,0.0,0.11573,0.0,0.0,-0.1915,0.0,0.0,128.0,549.0
1447530.0,0.0,-3.1355,0.0,0.11573,0.0,0.0,-0.1915,0.0,0.0,128.0,550.0
1447570.0,0.0,-3.1355,-0.001,0.11573,0.0,0.0,-0.1915,0.0,0.0,128.0,549.0
1447610.0,0.0,-3.1355,-0.002,0.11573,0.0,0.0,-0.1915,0.0,0.0,128.0,544.0
1447651.0,0.0,-3.1355,-0.004,0.11573,0.0,0.0,-0.1915,0.0,0.0,128.0,549.0
1447691.0,0.0,-3.1355,0.007,0.11573,0.0,0.0,-0.1915,0.0,0.0,128.0,557.0
1447731.0,0.0,-3.1355,-0.001,0.11573,0.0,0.0,-0.1915,0.0,0.0,128.0,550.0
1447771.0,0.0,-3.1355,-0.002,0.11573,0.0,0.0,-0.1915,0.0,0.0,128.0,549.0
1447811.0,0.0,-3.1355,-0.001,0.11573,0.0,0.0,-0.1915,0.0,0.0,128.0,549.0
1447852.0,0.0,-3.1355,-0.0,0.11573,0.0,0.0,-0.1915,0.0,0.0,128.0,543.0
1447892.0,0.0,-3.1355,0.001,0.11573,0.0,0.0,-0.1915,0.0,0.0,128.0,550.0
1447932.0,0.0,-3.1355,0.003,0.11573,0.0,0.0,-0.1915,0.0,0.0,128.0,543.0
1447972.0,0.0,-3.1355,-0.001,0.11573,0.0,0.0,-0.1915,0.0,0.0,128.0,550.0
1448013.0,0.0,-3.1355,0.0,0.11573,0.0,0.0,-0.1915,0.0,0.0,128.0,549.0
1448053.0,0.0,-3.1355,-0.001,0.11573,0.0,0.0,-0.1915,0.0,0.0,128.0,551.0
1448093.0,0.0,-3.1355,0.004,0.11573,0.0,0.0,-0.1915,0.0,0.0,128.0,550.0
1448133.0,0.0,-3.1355,0.008,0.11573,0.0,0.0,-0.1915,0.0,0.0,128.0,557.0
1448174.0,0.0,-3.1355,-0.004,0.11573,0.0,0.0,-0.1915,0.0,0.0,128.0,549.0
1448214.0,0.0,-3.1355,0.001,0.11573,0.0,0.0,-0.1915,0.0,0.0,128.0,550.0
1448254.0,0.0,-3.1355,-0.006,0.11573,0.0,0.0,-0.1915,0.0,0.0,128.0,549.0
1448294.0,0.0,-3.1355,-0.0,0.11573,0.0,0.0,-0.1915,0.0,0.0,128.0,543.0
1448335.0,0.0,-3.1355,-0.0,0.11573,0.0,0.0,-0.1915,0.0,0.0,128.0,549.0
1448375.0,0.0,-3.1355,-0.0,0.11573,0.0,0.0,-0.1915,0.0,0.0,128.0,549.0
1448415.0,0.0,-3.1355,-0.0,0.11573,0.0,0.0,-0.1915,0.0,0.0,128.0,550.0
1448455.0,0.0,-3.1355,-0.001,0.11573,0.0,0.0,-0.1915,0.0,0.0,128.0,544.0
1448496.0,0.0,-3.1355,0.002,0.11573,0.0,0.0,-0.1915,0.0,0.0,128.0,543.0
1448536.0,0.0,-3.1355,0.0,0.11573,0.0,0.0,-0.1915,0.0,0.0,128.0,550.0
1448576.0,0.0,-3.1355,-0.001,0.11573,0.0,0.0,-0.1915,0.0,0.0,128.0,549.0
1448617.0,0.0,-3.1355,-0.0,0.11573,0.0,0.0,-0.1915,0.0,0.0,128.0,549.0
1448657.0,0.0,-3.1355,-0.0,0.11573,0.0,0.0,-0.1915,0.0,0.0,128.0,543.0
1448697.0,0.0,-3.1355,-0.001,0.11573,0.0,0.0,-0.1915,0.0,0.0,128.0,550.0
1448737.0,0.0,-3.1355,-0.0,0.11573,0.0,0.0,-0.1915,0.0,0.0,128.0,557.0
1448778.0,0.0,-3.1355,-0.001,0.11573,0.0,0.0,-0.1915,0.0,0.0,128.0,557.0
1448818.0,0.0,-3.1355,-0.0,0.11573,0.0,0.0,-0.1915,0.0,0.0,128.0,569.0
1448858.0,0.0,-3.1355,0.0,0.11573,0.0,0.0,-0.1915,0.0,0.0,128.0,543.0
1448899.0,0.0,-3.1355,-0.001,0.11573,0.0,0.0,-0.1915,0.0,0.0,128.0,543.0
1448939.0,0.0,-3.1355,-0.001,0.11573,0.0,0.0,-0.1915,0.0,0.0,128.0,550.0
1448979.0,0.0,-3.1355,0.001,0.11573,0.0,0.0,-0.1915,0.0,0.0,128.0,544.0
1449020.0,0.0,-3.1355,0.0,0.11573,0.0,0.0,-0.1915,0.0,0.0,128.0,549.0
1449060.0,0.0,-3.1355,0.006,0.11573,0.0,0.0,-0.1915,0.0,0.0,128.0,551.0
1449100.0,0.0,-3.1355,-0.001,0.11573,0.0,0.0,-0.1915,0.0,0.0,128.0,550.0
1449140.0,0.0,-3.1355,-0.0,0.11573,0.0,0.0,-0.1915,0.0,0.0,128.0,549.0
1449180.0,0.0,-3.137,-0.006,0.11573,0.0,0.0,-0.1915,0.0,0.0,128.0,556.0
1449221.0,0.0,-3.1355,0.001,0.11573,0.0,0.0,-0.1915,0.0,0.0,128.0,549.0
1449261.0,0.0,-3.1355,-0.0,0.11573,0.0,0.0,-0.1915,0.0,0.0,128.0,544.0
1449301.0,0.0,-3.1355,-0.0,0.11573,0.0,0.0,-0.1915,0.0,0.0,128.0,550.0
1449341.0,0.0,-3.1355,0.0,0.11573,0.0,0.0,-0.1915,0.0,0.0,128.0,557.0
1449381.0,0.0,-3.1355,0.005,0.11573,0.0,0.0,-0.1915,0.0,0.0,128.0,558.0
1449422.0,0.0,-3.1355,-0.001,0.11573,0.0,0.0,-0.1915,0.0,0.0,128.0,557.0
1449462.0,0.0,-3.1355,-0.001,0.11573,0.0,0.0,-0.1915,0.0,0.0,128.0,557.0
1449502.0,0.0,-3.1355,-0.001,0.11573,0.0,0.0,-0.1915,0.0,0.0,128.0,549.0
1449542.0,0.0,-3.1355,-0.0,0.11573,0.0,0.0,-0.1915,0.0,0.0,128.0,549.0
1449583.0,0.0,-3.1355,0.0,0.11573,0.0,0.0,-0.1915,0.0,0.0,128.0,549.0
1449623.0,0.0,-3.1355,-0.003,0.11573,0.0,0.0,-0.1915,0.0,0.0,128.0,542.0
1449663.0,0.0,-3.1355,0.004,0.11573,0.0,0.0,-0.1915,0.0,0.0,128.0,544.0
1449703.0,0.0,-3.1355,-0.001,0.11573,0.0,0.0,-0.1915,0.0,0.0,128.0,550.0
1449743.0,0.0,-3.1355,-0.0,0.11573,0.0,0.0,-0.1915,0.0,0.0,128.0,557.0
1449784.0,0.0,-3.1355,0.0,0.11573,0.0,0.0,-0.1915,0.0,0.0,128.0,557.0
1449824.0,0.0,-3.1355,-0.0,0.11573,0.0,0.0,-0.1915,0.0,0.0,128.0,549.0
1449864.0,0.0,-3.1355,-0.002,0.11573,0.0,0.0,-0.1915,0.0,0.0,128.0,544.0
1449905.0,0.0,-3.1355,-0.0,0.11573,0.0,0.0,-0.1915,0.0,0.0,128.0,543.0
1449945.0,0.0,-3.1355,-0.0,0.11573,0.0,0.0,-0.1915,0.0,0.0,128.0,551.0
1449985.0,0.0,-3.1355,0.0,0.11573,0.0,0.0,-0.1915,0.0,0.0,128.0,550.0
1450025.0,0.0,-3.1355,0.002,0.11573,0.0,0.0,-0.1915,0.0,0.0,128.0,549.0
1450066.0,0.0,-3.1355,-0.001,0.11573,0.0,0.0,-0.1915,0.0,0.0,128.0,549.0
1450106.0,0.0,-3.1355,-0.0,0.11573,0.0,0.0,-0.1915,0.0,0.0,128.0,544.0
1450146.0,0.0,-3.1355,-0.004,0.11573,0.0,0.0,-0.1915,0.0,0.0,128.0,550.0
1450186.0,0.0,-3.1355,0.001,0.11573,0.0,0.0,-0.1915,0.0,0.0,128.0,550.0
1450226.0,0.0,-3.1355,0.0,0.11573,0.0,0.0,-0.1915,0.0,0.0,128.0,557.0
1450267.0,0.0,-3.1355,0.004,0.11573,0.0,0.0,-0.1915,0.0,0.0,128.0,557.0
1450307.0,0.0,-3.1355,-0.001,0.11573,0.0,0.0,-0.1915,0.0,0.0,128.0,543.0
1450347.0,0.0,-3.1355,-0.0,0.11573,0.0,0.0,-0.1915,0.0,0.0,128.0,549.0
1450387.0,0.0,-3.1339,0.007,0.11573,0.0,0.0,-0.1915,0.0,0.0,128.0,556.0
1450428.0,0.0,-3.1355,-0.001,0.11573,0.0,0.0,-0.1915,0.0,0.0,128.0,543.0
1450468.0,0.0,-3.1355,-0.001,0.11573,0.0,0.0,-0.1915,0.0,0.0,128.0,549.0
1450508.0,0.0,-3.1355,-0.0,0.11573,0.0,0.0,-0.1915,0.0,0.0,128.0,544.0
1450548.0,0.0,-3.1355,0.003,0.11573,0.0,0.0,-0.1915,0.0,0.0,128.0,564.0
1450588.0,0.0,-3.1355,0.002,0.11573,0.0,0.0,-0.1915,0.0,0.0,128.0,544.0
1450629.0,0.0,-3.1355,-0.0,0.11573,0.0,0.0,-0.1915,0.0,0.0,128.0,549.0
1450669.0,0.0,-3.1355,-0.0,0.11573,0.0,0.0,-0.1915,0.0,0.0,128.0,550.0
1450709.0,0.0,-3.1355,-0.0,0.11573,0.0,0.0,-0.1915,0.0,0.0,128.0,549.0
1450749.0,0.0,-3.1355,0.0,0.11573,0.0,0.0,-0.1915,0.0,0.0,128.0,549.0
1450790.0,0.0,-3.1355,0.0,0.11573,0.0,0.0,-0.1915,0.0,0.0,128.0,555.0
1450830.0,0.0,-3.1355,-0.001,0.11573,0.0,0.0,-0.1915,0.0,0.0,128.0,557.0
1450870.0,0.0,-3.1355,-0.0,0.11573,0.0,0.0,-0.1915,0.0,0.0,128.0,544.0
1450910.0,0.0,-3.1355,0.0,0.11573,0.0,0.0,-0.1915,0.0,0.0,128.0,564.0
1450950.0,0.0,-3.1355,0.0,0.11573,0.0,0.0,-0.1915,0.0,0.0,128.0,543.0
1450990.0,0.0,-3.1355,-0.003,0.11573,0.0,0.0,-0.1915,0.0,0.0,128.0,549.0
1451031.0,0.0,-3.1355,0.001,0.11573,0.0,0.0,-0.1915,0.0,0.0,128.0,549.0
1451071.0,0.0,-3.1355,-0.001,0.11573,0.0,0.0,-0.1915,0.0,0.0,128.0,550.0
1451111.0,0.0,-3.1355,-0.0,0.11573,0.0,0.0,-0.1915,0.0,0.0,128.0,549.0
1451151.0,0.0,-3.1355,-0.001,0.11573,0.0,0.0,-0.1915,0.0,0.0,128.0,550.0
1451192.0,0.0,-3.1355,-0.0,0.11573,0.0,0.0,-0.1915,0.0,0.0,128.0,543.0
1451232.0,0.0,-3.1339,0.006,0.11573,0.0,0.0,-0.1915,0.0,0.0,128.0,571.0
1451272.0,0.0,-3.1355,0.0,0.11573,0.0,0.0,-0.1915,0.0,0.0,128.0,549.0
1451312.0,0.0,-3.1339,0.006,0.11573,0.0,0.0,-0.1915,0.0,0.0,128.0,556.0
1451353.0,0.0,-3.1355,-0.002,0.11573,0.0,0.0,-0.1915,0.0,0.0,128.0,543.0
1451393.0,0.0,-3.1355,-0.001,0.11573,0.0,0.0,-0.1915,0.0,0.0,128.0,550.0
1451433.0,0.0,-3.1355,-0.002,0.11573,0.0,0.0,-0.1915,0.0,0.0,128.0,544.0
1451473.0,0.0,-3.1355,0.0,0.11573,0.0,0.0,-0.1915,0.0,0.0,128.0,564.0
1451513.0,0.0,-3.1355,-0.0,0.11573,0.0,0.0,-0.1915,0.0,0.0,128.0,543.0
1451554.0,0.0,-3.1355,-0.0,0.11573,0.0,0.0,-0.1915,0.0,0.0,128.0,549.0
1451594.0,0.0,-3.1355,0.0,0.11573,0.0,0.0,-0.1915,0.0,0.0,128.0,543.0
1451634.0,0.0,-3.1355,0.0,0.11573,0.0,0.0,-0.1915,0.0,0.0,128.0,570.0
1451674.0,0.0,-3.1355,0.0,0.11573,0.0,0.0,-0.1915,0.0,0.0,128.0,549.0
1451715.0,0.0,-3.1355,-0.0,0.11573,0.0,0.0,-0.1915,0.0,0.0,128.0,549.0
1451755.0,0.0,-3.1355,-0.0,0.11573,0.0,0.0,-0.1915,0.0,0.0,128.0,550.0
1451795.0,0.0,-3.1355,0.0,0.11573,0.0,0.0,-0.1915,0.0,0.0,128.0,570.0
1451835.0,0.0,-3.1355,0.002,0.11573,0.0,0.0,-0.1915,0.0,0.0,128.0,549.0
1451875.0,0.0,-3.1355,0.0,0.11573,0.0,0.0,-0.1915,0.0,0.0,128.0,543.0
1451916.0,0.0,-3.1355,-0.001,0.11573,0.0,0.0,-0.1915,0.0,0.0,128.0,549.0
1451956.0,0.0,-3.1355,0.007,0.11573,0.0,0.0,-0.1915,0.0,0.0,128.0,550.0
1451996.0,0.0,-3.1339,0.005,0.11573,0.0,0.0,-0.1915,0.0,0.0,128.0,556.0
1452036.0,0.0,-3.1355,-0.001,0.11573,0.0,0.0,-0.1915,0.0,0.0,128.0,550.0
1452076.0,0.0,-3.1355,-0.0,0.11573,0.0,0.0,-0.1915,0.0,0.0,128.0,549.0
1452117.0,0.0,-3.1355,-0.004,0.11573,0.0,0.0,-0.1915,0.0,0.0,128.0,549.0
1452157.0,0.0,-3.1355,0.001,0.11573,0.0,0.0,-0.1915,0.0,0.0,128.0,550.0
1452197.0,0.0,-3.1355,0.002,0.11573,0.0,0.0,-0.1915,0.0,0.0,128.0,549.0
1452238.0,0.0,-3.1355,0.003,0.11573,0.0,0.0,-0.1915,0.0,0.0,128.0,543.0
1452278.0,0.0,-3.1355,-0.002,0.11573,0.0,0.0,-0.1915,0.0,0.0,128.0,551.0
1452318.0,0.0,-3.1355,0.0,0.11573,0.0,0.0,-0.1915,0.0,0.0,128.0,564.0
1452358.0,0.0,-3.1355,0.003,0.11573,0.0,0.0,-0.1915,0.0,0.0,128.0,549.0
1452399.0,0.0,-3.1355,-0.001,0.11573,0.0,0.0,-0.1915,0.0,0.0,128.0,549.0
1452439.0,0.0,-3.1355,-0.001,0.11573,0.0,0.0,-0.1915,0.0,0.0,128.0,550.0
1452479.0,0.0,-3.1355,0.001,0.11573,0.0,0.0,-0.1915,0.0,0.0,128.0,550.0
1452520.0,0.0,-3.1355,0.001,0.11573,0.0,0.0,-0.1915,0.0,0.0,128.0,543.0
1452560.0,0.0,-3.1355,-0.0,0.11573,0.0,0.0,-0.1915,0.0,0.0,128.0,551.0
1452600.0,0.0,-3.1355,-0.004,0.11573,0.0,0.0,-0.1915,0.0,0.0,128.0,550.0
1452640.0,0.0,-3.1355,0.001,0.11573,0.0,0.0,-0.1915,0.0,0.0,128.0,550.0
1452681.0,0.0,-3.1355,-0.002,0.11573,0.0,0.0,-0.1915,0.0,0.0,128.0,557.0
1452721.0,0.0,-3.1355,-0.003,0.11573,0.0,0.0,-0.1915,0.0,0.0,128.0,549.0
1452761.0,0.0,-3.1355,0.001,0.11573,0.0,0.0,-0.1915,0.0,0.0,128.0,549.0
1452802.0,0.0,-3.1355,-0.004,0.11573,0.0,0.0,-0.1915,0.0,0.0,128.0,549.0
1452842.0,0.0,-3.1355,0.001,0.11573,0.0,0.0,-0.1915,0.0,0.0,128.0,551.0
1452882.0,0.0,-3.1355,-0.001,0.11573,0.0,0.0,-0.1915,0.0,0.0,128.0,550.0
1452956.0,0.0,-3.1355,-0.0,0.11573,0.0,0.0,-0.1915,0.0,0.0,128.0,651.0
1452997.0,0.0,-3.1355,0.0,0.11573,0.0,0.0,-0.1915,0.0,0.0,128.0,552.0
1453037.0,0.0,-3.1355,0.0,0.11573,0.0,0.0,-0.1915,0.0,0.0,128.0,557.0
1453077.0,0.0,-3.1355,0.001,0.11573,0.0,0.0,-0.1915,0.0,0.0,128.0,557.0
1453117.0,0.0,-3.1355,0.002,0.11573,0.0,0.0,-0.1915,0.0,0.0,128.0,543.0
1453157.0,0.0,-3.1355,-0.001,0.11573,0.0,0.0,-0.1915,0.0,0.0,128.0,549.0
1453197.0,0.0,-3.1355,-0.001,0.11573,0.0,0.0,-0.1915,0.0,0.0,128.0,549.0
1453238.0,0.0,-3.1355,-0.002,0.11573,0.0,0.0,-0.1915,0.0,0.0,128.0,549.0
1453278.0,0.0,-3.1355,0.001,0.11573,0.0,0.0,-0.1915,0.0,0.0,128.0,550.0
1453318.0,0.0,-3.1355,0.001,0.11573,0.0,0.0,-0.1915,0.0,0.0,128.0,549.0
1453359.0,0.0,-3.1355,-0.001,0.11573,0.0,0.0,-0.1915,0.0,0.0,128.0,549.0
1453399.0,0.0,-3.1355,-0.001,0.11573,0.0,0.0,-0.1915,0.0,0.0,128.0,543.0
1453439.0,0.0,-3.1355,-0.001,0.11573,0.0,0.0,-0.1915,0.0,0.0,128.0,550.0
1453479.0,0.0,-3.1355,-0.001,0.11573,0.0,0.0,-0.1915,0.0,0.0,128.0,544.0
1453520.0,0.0,-3.1355,-0.0,0.11573,0.0,0.0,-0.1915,0.0,0.0,128.0,544.0
1453560.0,0.0,-3.1355,-0.002,0.11573,0.0,0.0,-0.1915,0.0,0.0,128.0,549.0
1453600.0,0.0,-3.1355,-0.001,0.11573,0.0,0.0,-0.1915,0.0,0.0,128.0,551.0
1453640.0,0.0,-3.1355,-0.0,0.11573,0.0,0.0,-0.1915,0.0,0.0,128.0,564.0
1453680.0,0.0,-3.1355,0.001,0.11573,0.0,0.0,-0.1915,0.0,0.0,128.0,543.0
1453721.0,0.0,-3.1355,0.0,0.11573,0.0,0.0,-0.1915,0.0,0.0,128.0,544.0
1453761.0,0.0,-3.1355,-0.002,0.11573,0.0,0.0,-0.1915,0.0,0.0,128.0,549.0
1453801.0,0.0,-3.1355,-0.0,0.11573,0.0,0.0,-0.1915,0.0,0.0,128.0,550.0
1453841.0,0.0,-3.1355,0.005,0.11573,0.0,0.0,-0.1915,0.0,0.0,128.0,549.0
1453881.0,0.0,-3.1355,-0.002,0.11573,0.0,0.0,-0.1915,0.0,0.0,128.0,549.0
1453922.0,0.0,-3.1355,-0.001,0.11573,0.0,0.0,-0.1915,0.0,0.0,128.0,543.0
1453962.0,0.0,-3.1355,-0.001,0.11573,0.0,0.0,-0.1915,0.0,0.0,128.0,550.0
1454002.0,0.0,-3.1355,0.002,0.11573,0.0,0.0,-0.1915,0.0,0.0,128.0,544.0
1454043.0,0.0,-3.1355,-0.001,0.11573,0.0,0.0,-0.1915,0.0,0.0,128.0,543.0
1454083.0,0.0,-3.1355,-0.001,0.11573,0.0,0.0,-0.1915,0.0,0.0,128.0,550.0
1454123.0,0.0,-3.1355,0.001,0.11573,0.0,0.0,-0.1915,0.0,0.0,128.0,558.0
1454163.0,0.0,-3.1355,-0.001,0.11573,0.0,0.0,-0.1915,0.0,0.0,128.0,550.0
1454203.0,0.0,-3.1355,-0.0,0.11573,0.0,0.0,-0.1915,0.0,0.0,128.0,550.0
1454243.0,0.0,-3.1355,0.0,0.11573,0.0,0.0,-0.1915,0.0,0.0,128.0,558.0
1454283.0,0.0,-3.1355,0.0,0.11573,0.0,0.0,-0.1915,0.0,0.0,128.0,564.0
1454324.0,0.0,-3.1355,0.001,0.11573,0.0,0.0,-0.1915,0.0,0.0,128.0,551.0
1454364.0,0.0,-3.1355,0.0,0.11573,0.0,0.0,-0.1915,0.0,0.0,128.0,557.0
1454404.0,0.0,-3.1355,0.006,0.11573,0.0,0.0,-0.1915,0.0,0.0,128.0,576.0
1454444.0,0.0,-3.1355,-0.003,0.11573,0.0,0.0,-0.1915,0.0,0.0,128.0,549.0
1454484.0,0.0,-3.1355,0.0,0.11573,0.0,0.0,-0.1915,0.0,0.0,128.0,549.0
1454525.0,0.0,-3.1355,-0.001,0.11573,0.0,0.0,-0.1915,0.0,0.0,128.0,549.0
1454565.0,0.0,-3.1355,-0.0,0.11573,0.0,0.0,-0.1915,0.0,0.0,128.0,549.0
1454605.0,0.0,-3.1355,0.0,0.11573,0.0,0.0,-0.1915,0.0,0.0,128.0,550.0
1454645.0,0.0,-3.1355,-0.0,0.11573,0.0,0.0,-0.1915,0.0,0.0,128.0,550.0
1454686.0,0.0,-3.1355,-0.0,0.11573,0.0,0.0,-0.1915,0.0,0.0,128.0,549.0
1454726.0,0.0,-3.1355,-0.0,0.11573,0.0,0.0,-0.1915,0.0,0.0,128.0,549.0
1454766.0,0.0,-3.1355,0.0,0.11573,0.0,0.0,-0.1915,0.0,0.0,128.0,550.0
1454806.0,0.0,-3.1339,0.006,0.11573,0.0,0.0,-0.1915,0.0,0.0,128.0,564.0
1454847.0,0.0,-3.1355,0.001,0.11573,0.0,0.0,-0.1915,0.0,0.0,128.0,558.0
1454887.0,0.0,-3.1355,0.001,0.11573,0.0,0.0,-0.1915,0.0,0.0,128.0,543.0
1454927.0,0.0,-3.1355,-0.001,0.11573,0.0,0.0,-0.1915,0.0,0.0,128.0,549.0
1454967.0,0.0,-3.1355,0.0,0.11573,0.0,0.0,-0.1915,0.0,0.0,128.0,549.0
1455008.0,0.0,-3.1355,-0.002,0.11573,0.0,0.0,-0.1915,0.0,0.0,128.0,549.0
1455048.0,0.0,-3.1355,-0.0,0.11573,0.0,0.0,-0.1915,0.0,0.0,128.0,549.0
1455088.0,0.0,-3.1339,0.005,0.11573,0.0,0.0,-0.1915,0.0,0.0,128.0,550.0
1455128.0,0.0,-3.1355,-0.001,0.11573,0.0,0.0,-0.1915,0.0,0.0,128.0,549.0
1455168.0,0.0,-3.1355,0.001,0.11573,0.0,0.0,-0.1915,0.0,0.0,128.0,549.0
1455209.0,0.0,-3.1355,-0.001,0.11573,0.0,0.0,-0.1915,0.0,0.0,128.0,542.0
1455249.0,0.0,-3.1355,-0.001,0.11573,0.0,0.0,-0.1915,0.0,0.0,128.0,543.0
1455289.0,0.0,-3.1355,-0.0,0.11573,0.0,0.0,-0.1915,0.0,0.0,128.0,550.0
1455329.0,0.0,-3.1355,-0.001,0.11573,0.0,0.0,-0.1915,0.0,0.0,128.0,549.0
1455370.0,0.0,-3.1355,-0.001,0.11573,0.0,0.0,-0.1915,0.0,0.0,128.0,549.0
1455410.0,0.0,-3.1355,-0.0,0.11573,0.0,0.0,-0.1915,0.0,0.0,128.0,550.0
1455450.0,0.0,-3.1355,0.0,0.11573,0.0,0.0,-0.1915,0.0,0.0,128.0,544.0
1455491.0,0.0,-3.1355,0.0,0.11573,0.0,0.0,-0.1915,0.0,0.0,128.0,549.0
1455531.0,0.0,-3.1355,-0.0,0.11573,0.0,0.0,-0.1915,0.0,0.0,128.0,544.0
1455571.0,0.0,-3.1355,0.0,0.11573,0.0,0.0,-0.1915,0.0,0.0,128.0,550.0
1455611.0,0.0,-3.1355,-0.001,0.11573,0.0,0.0,-0.1915,0.0,0.0,128.0,550.0
1455651.0,0.0,-3.1355,0.002,0.11573,0.0,0.0,-0.1915,0.0,0.0,128.0,558.0
1455691.0,0.0,-3.1355,-0.001,0.11573,0.0,0.0,-0.1915,0.0,0.0,128.0,551.0
1455732.0,0.0,-3.1355,-0.001,0.11573,0.0,0.0,-0.1915,0.0,0.0,128.0,550.0
1455772.0,0.0,-3.1355,-0.0,0.11573,0.0,0.0,-0.1915,0.0,0.0,128.0,557.0
1455812.0,0.0,-3.1355,0.001,0.11573,0.0,0.0,-0.1915,0.0,0.0,128.0,569.0
1455852.0,0.0,-3.1355,0.001,0.11573,0.0,0.0,-0.1915,0.0,0.0,128.0,544.0
1455893.0,0.0,-3.1355,0.003,0.11573,0.0,0.0,-0.1915,0.0,0.0,128.0,549.0
1455933.0,0.0,-3.1355,-0.001,0.11573,0.0,0.0,-0.1915,0.0,0.0,128.0,550.0
1455973.0,0.0,-3.1355,-0.0,0.11573,0.0,0.0,-0.1915,0.0,0.0,128.0,544.0
1456014.0,0.0,-3.1355,-0.001,0.11573,0.0,0.0,-0.1915,0.0,0.0,128.0,550.0
1456054.0,0.0,-3.1355,-0.0,0.11573,0.0,0.0,-0.1915,0.0,0.0,128.0,549.0
1456094.0,0.0,-3.1355,-0.001,0.11573,0.0,0.0,-0.1915,0.0,0.0,128.0,550.0
1456134.0,0.0,-3.1355,0.0,0.11573,0.0,0.0,-0.1915,0.0,0.0,128.0,549.0
1456174.0,0.0,-3.1355,0.0,0.11573,0.0,0.0,-0.1915,0.0,0.0,128.0,549.0
1456215.0,0.0,-3.1355,0.001,0.11573,0.0,0.0,-0.1915,0.0,0.0,128.0,549.0
1456255.0,0.0,-3.1355,0.0,0.11573,0.0,0.0,-0.1915,0.0,0.0,128.0,549.0
1456295.0,0.0,-3.1355,-0.0,0.11573,0.0,0.0,-0.1915,0.0,0.0,128.0,550.0
1456335.0,0.0,-3.1355,-0.0,0.11573,0.0,0.0,-0.1915,0.0,0.0,128.0,544.0
1456376.0,0.0,-3.1355,-0.0,0.11573,0.0,0.0,-0.1915,0.0,0.0,128.0,548.0
1456416.0,0.0,-3.1355,-0.005,0.11573,0.0,0.0,-0.1915,0.0,0.0,128.0,550.0
1456456.0,0.0,-3.1355,0.001,0.11573,0.0,0.0,-0.1915,0.0,0.0,128.0,557.0
1456497.0,0.0,-3.1355,-0.001,0.11573,0.0,0.0,-0.1915,0.0,0.0,128.0,558.0
1456537.0,0.0,-3.1355,-0.001,0.11573,0.0,0.0,-0.1915,0.0,0.0,128.0,569.0
1456577.0,0.0,-3.1355,-0.0,0.11573,0.0,0.0,-0.1915,0.0,0.0,128.0,549.0
1456618.0,0.0,-3.1355,0.0,0.11573,0.0,0.0,-0.1915,0.0,0.0,128.0,549.0
1456658.0,0.0,-3.1355,0.0,0.11573,0.0,0.0,-0.1915,0.0,0.0,128.0,570.0
1456698.0,0.0,-3.1355,-0.0,0.11573,0.0,0.0,-0.1915,0.0,0.0,128.0,549.0
1456739.0,0.0,-3.1355,-0.0,0.11573,0.0,0.0,-0.1915,0.0,0.0,128.0,549.0
1456779.0,0.0,-3.1355,-0.001,0.11573,0.0,0.0,-0.1915,0.0,0.0,128.0,550.0
1456819.0,0.0,-3.1355,-0.0,0.11573,0.0,0.0,-0.1915,0.0,0.0,128.0,550.0
1456860.0,0.0,-3.1355,0.0,0.11573,0.0,0.0,-0.1915,0.0,0.0,128.0,543.0
1456900.0,0.0,-3.1355,-0.001,0.11573,0.0,0.0,-0.1915,0.0,0.0,128.0,549.0
1456940.0,0.0,-3.1355,-0.0,0.11573,0.0,0.0,-0.1915,0.0,0.0,128.0,550.0
1456980.0,0.0,-3.1355,-0.0,0.11573,0.0,0.0,-0.1915,0.0,0.0,128.0,543.0
1457021.0,0.0,-3.1355,0.001,0.11573,0.0,0.0,-0.1915,0.0,0.0,128.0,549.0
1457061.0,0.0,-3.1355,-0.0,0.11573,0.0,0.0,-0.1915,0.0,0.0,128.0,549.0
1457101.0,0.0,-3.1355,-0.0,0.11573,0.0,0.0,-0.1915,0.0,0.0,128.0,549.0
1457141.0,0.0,-3.1339,0.007,0.11573,0.0,0.0,-0.1915,0.0,0.0,128.0,556.0
1457181.0,0.0,-3.1355,-0.001,0.11573,0.0,0.0,-0.1915,0.0,0.0,128.0,550.0
1457221.0,0.0,-3.1355,-0.0,0.11573,0.0,0.0,-0.1915,0.0,0.0,128.0,543.0
1457261.0,0.0,-3.1355,-0.001,0.11573,0.0,0.0,-0.1915,0.0,0.0,128.0,549.0
1457302.0,0.0,-3.1355,-0.006,0.11573,0.0,0.0,-0.1915,0.0,0.0,128.0,549.0
1457342.0,0.0,-3.1355,0.001,0.11573,0.0,0.0,-0.1915,0.0,0.0,128.0,544.0
1457382.0,0.0,-3.1355,-0.0,0.11573,0.0,0.0,-0.1915,0.0,0.0,128.0,564.0
1457422.0,0.0,-3.1355,-0.0,0.11573,0.0,0.0,-0.1915,0.0,0.0,128.0,549.0
1457463.0,0.0,-3.1355,0.001,0.11573,0.0,0.0,-0.1915,0.0,0.0,128.0,549.0
1457503.0,0.0,-3.1355,0.0,0.11573,0.0,0.0,-0.1915,0.0,0.0,128.0,544.0
1457543.0,0.0,-3.1355,0.001,0.11573,0.0,0.0,-0.1915,0.0,0.0,128.0,564.0
1457583.0,0.0,-3.1355,-0.006,0.11573,0.0,0.0,-0.1915,0.0,0.0,128.0,549.0
1457624.0,0.0,-3.1355,0.001,0.11573,0.0,0.0,-0.1915,0.0,0.0,128.0,550.0
1457664.0,0.0,-3.1355,0.003,0.11573,0.0,0.0,-0.1915,0.0,0.0,128.0,551.0
1457704.0,0.0,-3.1355,-0.001,0.11573,0.0,0.0,-0.1915,0.0,0.0,128.0,564.0
1457744.0,0.0,-3.1355,-0.001,0.11573,0.0,0.0,-0.1915,0.0,0.0,128.0,549.0
1457785.0,0.0,-3.1355,-0.0,0.11573,0.0,0.0,-0.1915,0.0,0.0,128.0,549.0
1457825.0,0.0,-3.1355,-0.0,0.11573,0.0,0.0,-0.1915,0.0,0.0,128.0,550.0
1457865.0,0.0,-3.1355,0.0,0.11573,0.0,0.0,-0.1915,0.0,0.0,128.0,549.0
1457905.0,0.0,-3.1355,0.003,0.11573,0.0,0.0,-0.1915,0.0,0.0,128.0,542.0
1457945.0,0.0,-3.1355,-0.001,0.11573,0.0,0.0,-0.1915,0.0,0.0,128.0,549.0
1457986.0,0.0,-3.1355,-0.0,0.11573,0.0,0.0,-0.1915,0.0,0.0,128.0,549.0
1458026.0,0.0,-3.1355,0.001,0.11573,0.0,0.0,-0.1915,0.0,0.0,128.0,564.0
1458066.0,0.0,-3.1355,0.006,0.11573,0.0,0.0,-0.1915,0.0,0.0,128.0,549.0
1458107.0,0.0,-3.1355,-0.001,0.11573,0.0,0.0,-0.1915,0.0,0.0,128.0,549.0
1458147.0,0.0,-3.1355,-0.0,0.11573,0.0,0.0,-0.1915,0.0,0.0,128.0,551.0
1458187.0,0.0,-3.1355,0.0,0.11573,0.0,0.0,-0.1915,0.0,0.0,128.0,564.0
1458227.0,0.0,-3.1355,0.0,0.11573,0.0,0.0,-0.1915,0.0,0.0,128.0,556.0
1458268.0,0.0,-3.1355,0.005,0.11573,0.0,0.0,-0.1915,0.0,0.0,128.0,549.0
1458308.0,0.0,-3.1339,0.005,0.11573,0.0,0.0,-0.1915,0.0,0.0,128.0,556.0
1458348.0,0.0,-3.1355,-0.001,0.11573,0.0,0.0,-0.1915,0.0,0.0,128.0,550.0
1458388.0,0.0,-3.1355,0.0,0.11573,0.0,0.0,-0.1915,0.0,0.0,128.0,549.0
1458429.0,0.0,-3.1355,-0.001,0.11573,0.0,0.0,-0.1915,0.0,0.0,128.0,549.0
1458469.0,0.0,-3.1355,-0.001,0.11573,0.0,0.0,-0.1915,0.0,0.0,128.0,549.0
1458509.0,0.0,-3.1355,-0.001,0.11573,0.0,0.0,-0.1915,0.0,0.0,128.0,550.0
1458549.0,0.0,-3.1355,-0.002,0.11573,0.0,0.0,-0.1915,0.0,0.0,128.0,549.0
1458590.0,0.0,-3.1355,0.0,0.11573,0.0,0.0,-0.1915,0.0,0.0,128.0,549.0
1458630.0,0.0,-3.1355,-0.0,0.11573,0.0,0.0,-0.1915,0.0,0.0,128.0,550.0
1458670.0,0.0,-3.1355,-0.001,0.11573,0.0,0.0,-0.1915,0.0,0.0,128.0,549.0
1458710.0,0.0,-3.1355,0.0,0.11573,0.0,0.0,-0.1915,0.0,0.0,128.0,549.0
1458751.0,0.0,-3.1355,0.002,0.11573,0.0,0.0,-0.1915,0.0,0.0,128.0,549.0
1458791.0,0.0,-3.1355,-0.001,0.11573,0.0,0.0,-0.1915,0.0,0.0,128.0,544.0
1458831.0,0.0,-3.1355,-0.0,0.11573,0.0,0.0,-0.1915,0.0,0.0,128.0,564.0
1458871.0,0.0,-3.1355,0.0,0.11573,0.0,0.0,-0.1915,0.0,0.0,128.0,549.0
1458912.0,0.0,-3.1355,0.002,0.11573,0.0,0.0,-0.1915,0.0,0.0,128.0,549.0
1458952.0,0.0,-3.1355,-0.0,0.11573,0.0,0.0,-0.1915,0.0,0.0,128.0,544.0
1458992.0,0.0,-3.1355,0.0,0.11573,0.0,0.0,-0.1915,0.0,0.0,128.0,551.0
1459032.0,0.0,-3.1355,0.0,0.11573,0.0,0.0,-0.1915,0.0,0.0,128.0,557.0
1459073.0,0.0,-3.1355,-0.003,0.11573,0.0,0.0,-0.1915,0.0,0.0,128.0,550.0
1459113.0,0.0,-3.1355,0.002,0.11573,0.0,0.0,-0.1915,0.0,0.0,128.0,543.0
1459153.0,0.0,-3.1355,0.001,0.11573,0.0,0.0,-0.1915,0.0,0.0,128.0,549.0
1459194.0,0.0,-3.1355,0.004,0.11573,0.0,0.0,-0.1915,0.0,0.0,128.0,549.0
1459234.0,0.0,-3.1355,-0.001,0.11573,0.0,0.0,-0.1915,0.0,0.0,128.0,549.0
1459274.0,0.0,-3.1355,-0.001,0.11573,0.0,0.0,-0.1915,0.0,0.0,128.0,549.0
1459314.0,0.0,-3.1355,-0.0,0.11573,0.0,0.0,-0.1915,0.0,0.0,128.0,551.0
1459354.0,0.0,-3.1355,-0.001,0.11573,0.0,0.0,-0.1915,0.0,0.0,128.0,550.0
1459395.0,0.0,-3.1355,-0.0,0.11573,0.0,0.0,-0.1915,0.0,0.0,128.0,550.0
1459435.0,0.0,-3.1355,0.0,0.11573,0.0,0.0,-0.1915,0.0,0.0,128.0,549.0
1459475.0,0.0,-3.1355,-0.002,0.11573,0.0,0.0,-0.1915,0.0,0.0,128.0,549.0
1459516.0,0.0,-3.1355,-0.003,0.11573,0.0,0.0,-0.1915,0.0,0.0,128.0,549.0
1459556.0,0.0,-3.1355,0.001,0.11573,0.0,0.0,-0.1915,0.0,0.0,128.0,550.0
1459596.0,0.0,-3.1355,-0.001,0.11573,0.0,0.0,-0.1915,0.0,0.0,128.0,556.0
1459636.0,0.0,-3.1355,-0.0,0.11573,0.0,0.0,-0.1915,0.0,0.0,128.0,549.0
1459677.0,0.0,-3.1355,-0.0,0.11573,0.0,0.0,-0.1915,0.0,0.0,128.0,550.0
1459717.0,0.0,-3.1355,-0.001,0.11573,0.0,0.0,-0.1915,0.0,0.0,128.0,550.0
1459757.0,0.0,-3.1355,-0.0,0.11573,0.0,0.0,-0.1915,0.0,0.0,128.0,550.0
1459797.0,0.0,-3.1355,0.0,0.11573,0.0,0.0,-0.1915,0.0,0.0,128.0,549.0
1459838.0,0.0,-3.1355,0.001,0.11573,0.0,0.0,-0.1915,0.0,0.0,128.0,549.0
1459878.0,0.0,-3.1355,0.003,0.11573,0.0,0.0,-0.1915,0.0,0.0,128.0,544.0
1459918.0,0.0,-3.1339,0.006,0.11573,0.0,0.0,-0.1915,0.0,0.0,128.0,558.0
1459959.0,0.0,-3.1355,0.0,0.11573,0.0,0.0,-0.1915,0.0,0.0,128.0,558.0
1459999.0,0.0,-3.1355,-0.001,0.11573,0.0,0.0,-0.1915,0.0,0.0,128.0,549.0
1460039.0,0.0,-3.1355,-0.0,0.11573,0.0,0.0,-0.1915,0.0,0.0,128.0,549.0
1460080.0,0.0,-3.1355,-0.002,0.11573,0.0,0.0,-0.1915,0.0,0.0,128.0,549.0
1460120.0,0.0,-3.1355,0.0,0.11573,0.0,0.0,-0.1915,0.0,0.0,128.0,549.0
1460160.0,0.0,-3.1355,0.0,0.11573,0.0,0.0,-0.1915,0.0,0.0,128.0,550.0
1460200.0,0.0,-3.1355,-0.002,0.11573,0.0,0.0,-0.1915,0.0,0.0,128.0,556.0
1460240.0,0.0,-3.1355,0.001,0.11573,0.0,0.0,-0.1915,0.0,0.0,128.0,550.0
1460281.0,0.0,-3.1355,-0.004,0.11573,0.0,0.0,-0.1915,0.0,0.0,128.0,549.0
1460321.0,0.0,-3.1355,0.0,0.11573,0.0,0.0,-0.1915,0.0,0.0,128.0,550.0
1460361.0,0.0,-3.1355,-0.0,0.11573,0.0,0.0,-0.1915,0.0,0.0,128.0,549.0
1460401.0,0.0,-3.1355,-0.0,0.11573,0.0,0.0,-0.1915,0.0,0.0,128.0,556.0
1460442.0,0.0,-3.1355,0.004,0.11573,0.0,0.0,-0.1915,0.0,0.0,128.0,549.0
1460482.0,0.0,-3.1355,-0.001,0.11573,0.0,0.0,-0.1915,0.0,0.0,128.0,549.0
1460522.0,0.0,-3.1355,-0.001,0.11573,0.0,0.0,-0.1915,0.0,0.0,128.0,550.0
1460562.0,0.0,-3.1355,-0.0,0.11573,0.0,0.0,-0.1915,0.0,0.0,128.0,550.0
1460603.0,0.0,-3.1355,0.003,0.11573,0.0,0.0,-0.1915,0.0,0.0,128.0,549.0
1460643.0,0.0,-3.1355,-0.001,0.11573,0.0,0.0,-0.1915,0.0,0.0,128.0,544.0
1460683.0,0.0,-3.1355,-0.0,0.11573,0.0,0.0,-0.1915,0.0,0.0,128.0,558.0
1460724.0,0.0,-3.1355,0.003,0.11573,0.0,0.0,-0.1915,0.0,0.0,128.0,551.0
1460764.0,0.0,-3.1355,-0.001,0.11573,0.0,0.0,-0.1915,0.0,0.0,128.0,557.0
1460804.0,0.0,-3.1355,-0.002,0.11573,0.0,0.0,-0.1915,0.0,0.0,128.0,543.0
1460844.0,0.0,-3.1355,0.001,0.11573,0.0,0.0,-0.1915,0.0,0.0,128.0,549.0
1460884.0,0.0,-3.1355,0.0,0.11573,0.0,0.0,-0.1915,0.0,0.0,128.0,549.0
1460925.0,0.0,-3.137,-0.006,0.11573,0.0,0.0,-0.1915,0.0,0.0,128.0,550.0
1460965.0,0.0,-3.1355,0.001,0.11573,0.0,0.0,-0.1915,0.0,0.0,128.0,549.0
1461005.0,0.0,-3.1355,-0.0,0.11573,0.0,0.0,-0.1915,0.0,0.0,128.0,544.0
1461045.0,0.0,-3.1355,0.001,0.11573,0.0,0.0,-0.1915,0.0,0.0,128.0,551.0
1461085.0,0.0,-3.1355,0.0,0.11573,0.0,0.0,-0.1915,0.0,0.0,128.0,557.0
1461125.0,0.0,-3.1355,0.006,0.11573,0.0,0.0,-0.1915,0.0,0.0,128.0,558.0
1461166.0,0.0,-3.1355,-0.001,0.11573,0.0,0.0,-0.1915,0.0,0.0,128.0,557.0
1461206.0,0.0,-3.1355,0.0,0.11573,0.0,0.0,-0.1915,0.0,0.0,128.0,558.0
1461246.0,0.0,-3.1355,0.001,0.11573,0.0,0.0,-0.1915,0.0,0.0,128.0,570.0
1461286.0,0.0,-3.1355,-0.001,0.11573,0.0,0.0,-0.1915,0.0,0.0,128.0,549.0
1461326.0,0.0,-3.1355,0.002,0.11573,0.0,0.0,-0.1915,0.0,0.0,128.0,549.0
1461367.0,0.0,-3.1355,-0.001,0.11573,0.0,0.0,-0.1915,0.0,0.0,128.0,549.0
1461407.0,0.0,-3.1355,-0.0,0.11573,0.0,0.0,-0.1915,0.0,0.0,128.0,550.0
1461447.0,0.0,-3.1355,0.0,0.11573,0.0,0.0,-0.1915,0.0,0.0,128.0,549.0
1461487.0,0.0,-3.1355,0.0,0.11573,0.0,0.0,-0.1915,0.0,0.0,128.0,551.0
1461527.0,0.0,-3.1355,0.0,0.11573,0.0,0.0,-0.1915,0.0,0.0,128.0,563.0
1461568.0,0.0,-3.1355,-0.002,0.11573,0.0,0.0,-0.1915,0.0,0.0,128.0,557.0
1461608.0,0.0,-3.1355,0.001,0.11573,0.0,0.0,-0.1915,0.0,0.0,128.0,557.0
1461648.0,0.0,-3.1355,0.001,0.11573,0.0,0.0,-0.1915,0.0,0.0,128.0,570.0
1461688.0,0.0,-3.1355,0.0,0.11573,0.0,0.0,-0.1915,0.0,0.0,128.0,549.0
1461728.0,0.0,-3.1355,-0.0,0.11573,0.0,0.0,-0.1915,0.0,0.0,128.0,549.0
1461769.0,0.0,-3.1355,0.0,0.11573,0.0,0.0,-0.1915,0.0,0.0,128.0,549.0
1461809.0,0.0,-3.1355,-0.001,0.11573,0.0,0.0,-0.1915,0.0,0.0,128.0,556.0
1461849.0,0.0,-3.1355,-0.001,0.11573,0.0,0.0,-0.1915,0.0,0.0,128.0,549.0
1461890.0,0.0,-3.1355,-0.002,0.11573,0.0,0.0,-0.1915,0.0,0.0,128.0,549.0
1461930.0,0.0,-3.1355,0.002,0.11573,0.0,0.0,-0.1915,0.0,0.0,128.0,550.0
1461970.0,0.0,-3.1355,0.003,0.11573,0.0,0.0,-0.1915,0.0,0.0,128.0,549.0
1462010.0,0.0,-3.1355,-0.001,0.11573,0.0,0.0,-0.1915,0.0,0.0,128.0,549.0
1462051.0,0.0,-3.1355,-0.0,0.11573,0.0,0.0,-0.1915,0.0,0.0,128.0,543.0
1462091.0,0.0,-3.1355,-0.0,0.11573,0.0,0.0,-0.1915,0.0,0.0,128.0,550.0
1462131.0,0.0,-3.1355,-0.001,0.11573,0.0,0.0,-0.1915,0.0,0.0,128.0,542.0
1462171.0,0.0,-3.1355,-0.0,0.11573,0.0,0.0,-0.1915,0.0,0.0,128.0,549.0
1462212.0,0.0,-3.1355,-0.0,0.11573,0.0,0.0,-0.1915,0.0,0.0,128.0,549.0
1462252.0,0.0,-3.1355,-0.001,0.11573,0.0,0.0,-0.1915,0.0,0.0,128.0,549.0
1462292.0,0.0,-3.1355,-0.0,0.11573,0.0,0.0,-0.1915,0.0,0.0,128.0,550.0
1462332.0,0.0,-3.1355,0.001,0.11573,0.0,0.0,-0.1915,0.0,0.0,128.0,544.0
1462373.0,0.0,-3.1355,-0.0,0.11573,0.0,0.0,-0.1915,0.0,0.0,128.0,543.0
1462413.0,0.0,-3.1355,-0.0,0.11573,0.0,0.0,-0.1915,0.0,0.0,128.0,551.0
1462453.0,0.0,-3.1355,-0.001,0.11573,0.0,0.0,-0.1915,0.0,0.0,128.0,564.0
1462493.0,0.0,-3.1355,-0.0,0.11573,0.0,0.0,-0.1915,0.0,0.0,128.0,549.0
1462534.0,0.0,-3.1355,-0.001,0.11573,0.0,0.0,-0.1915,0.0,0.0,128.0,549.0
1462574.0,0.0,-3.1355,-0.0,0.11573,0.0,0.0,-0.1915,0.0,0.0,128.0,550.0
1462614.0,0.0,-3.1355,0.0,0.11573,0.0,0.0,-0.1915,0.0,0.0,128.0,549.0
1462654.0,0.0,-3.1355,0.0,0.11573,0.0,0.0,-0.1915,0.0,0.0,128.0,550.0
1462695.0,0.0,-3.1355,0.0,0.11573,0.0,0.0,-0.1915,0.0,0.0,128.0,555.0
1462735.0,0.0,-3.1355,-0.0,0.11573,0.0,0.0,-0.1915,0.0,0.0,128.0,564.0
1462775.0,0.0,-3.1355,0.007,0.11573,0.0,0.0,-0.1915,0.0,0.0,128.0,556.0
1462816.0,0.0,-3.1355,-0.001,0.11573,0.0,0.0,-0.1915,0.0,0.0,128.0,550.0
1462856.0,0.0,-3.1355,0.004,0.11573,0.0,0.0,-0.1915,0.0,0.0,128.0,550.0
1462896.0,0.0,-3.1355,-0.002,0.11573,0.0,0.0,-0.1915,0.0,0.0,128.0,549.0
1462937.0,0.0,-3.1355,0.003,0.11573,0.0,0.0,-0.1915,0.0,0.0,128.0,549.0
1462977.0,0.0,-3.1355,-0.001,0.11573,0.0,0.0,-0.1915,0.0,0.0,128.0,549.0
1463017.0,0.0,-3.1355,-0.001,0.11573,0.0,0.0,-0.1915,0.0,0.0,128.0,549.0
1463057.0,0.0,-3.1355,-0.0,0.11573,0.0,0.0,-0.1915,0.0,0.0,128.0,550.0
1463097.0,0.0,-3.1355,0.001,0.11573,0.0,0.0,-0.1915,0.0,0.0,128.0,549.0
1463137.0,0.0,-3.1355,0.0,0.11573,0.0,0.0,-0.1915,0.0,0.0,128.0,549.0
1463178.0,0.0,-3.1355,-0.001,0.11573,0.0,0.0,-0.1915,0.0,0.0,128.0,544.0
1463218.0,0.0,-3.1355,-0.0,0.11573,0.0,0.0,-0.1915,0.0,0.0,128.0,549.0
1463258.0,0.0,-3.1355,0.0,0.11573,0.0,0.0,-0.1915,0.0,0.0,128.0,564.0
1463298.0,0.0,-3.1355,0.0,0.11573,0.0,0.0,-0.1915,0.0,0.0,128.0,549.0
1463339.0,0.0,-3.1355,0.005,0.11573,0.0,0.0,-0.1915,0.0,0.0,128.0,549.0
1463379.0,0.0,-3.1355,-0.001,0.11573,0.0,0.0,-0.1915,0.0,0.0,128.0,551.0
1463419.0,0.0,-3.1355,0.001,0.11573,0.0,0.0,-0.1915,0.0,0.0,128.0,550.0
1463459.0,0.0,-3.1355,-0.0,0.11573,0.0,0.0,-0.1915,0.0,0.0,128.0,549.0
1463500.0,0.0,-3.1355,-0.0,0.11573,0.0,0.0,-0.1915,0.0,0.0,128.0,549.0
1463540.0,0.0,-3.1355,0.003,0.11573,0.0,0.0,-0.1915,0.0,0.0,128.0,551.0
1463580.0,0.0,-3.1355,-0.001,0.11573,0.0,0.0,-0.1915,0.0,0.0,128.0,550.0
1463620.0,0.0,-3.1355,-0.0,0.11573,0.0,0.0,-0.1915,0.0,0.0,128.0,557.0
1463661.0,0.0,-3.1355,0.0,0.11573,0.0,0.0,-0.1915,0.0,0.0,128.0,551.0
1463701.0,0.0,-3.1355,0.001,0.11573,0.0,0.0,-0.1915,0.0,0.0,128.0,550.0
1463741.0,0.0,-3.1355,-0.001,0.11573,0.0,0.0,-0.1915,0.0,0.0,128.0,558.0
1463781.0,0.0,-3.1355,-0.001,0.11573,0.0,0.0,-0.1915,0.0,0.0,128.0,549.0
1463821.0,0.0,-3.1355,-0.001,0.11573,0.0,0.0,-0.1915,0.0,0.0,128.0,549.0
1463862.0,0.0,-3.1355,-0.0,0.11573,0.0,0.0,-0.1915,0.0,0.0,128.0,550.0
1463902.0,0.0,-3.1355,0.0,0.11573,0.0,0.0,-0.1915,0.0,0.0,128.0,550.0
1463942.0,0.0,-3.1355,-0.001,0.11573,0.0,0.0,-0.1915,0.0,0.0,128.0,542.0
1463982.0,0.0,-3.1355,-0.003,0.11573,0.0,0.0,-0.1915,0.0,0.0,128.0,549.0
1464023.0,0.0,-3.1355,0.003,0.11573,0.0,0.0,-0.1915,0.0,0.0,128.0,549.0
1464063.0,0.0,-3.1355,-0.0,0.11573,0.0,0.0,-0.1915,0.0,0.0,128.0,549.0
1464103.0,0.0,-3.1355,-0.0,0.11573,0.0,0.0,-0.1915,0.0,0.0,128.0,550.0
1464143.0,0.0,-3.1355,0.003,0.11573,0.0,0.0,-0.1915,0.0,0.0,128.0,557.0
1464184.0,0.0,-3.1355,0.0,0.11573,0.0,0.0,-0.1915,0.0,0.0,128.0,550.0
1464224.0,0.0,-3.1355,-0.004,0.11573,0.0,0.0,-0.1915,0.0,0.0,128.0,558.0
1464264.0,0.0,-3.1355,0.001,0.11573,0.0,0.0,-0.1915,0.0,0.0,128.0,564.0
1464304.0,0.0,-3.1355,-0.001,0.11573,0.0,0.0,-0.1915,0.0,0.0,128.0,549.0
1464345.0,0.0,-3.1355,-0.0,0.11573,0.0,0.0,-0.1915,0.0,0.0,128.0,549.0
1464385.0,0.0,-3.1355,0.0,0.11573,0.0,0.0,-0.1915,0.0,0.0,128.0,549.0
1464425.0,0.0,-3.1355,-0.001,0.11573,0.0,0.0,-0.1915,0.0,0.0,128.0,551.0
1464465.0,0.0,-3.1355,-0.002,0.11573,0.0,0.0,-0.1915,0.0,0.0,128.0,557.0
1464505.0,0.0,-3.1355,0.001,0.11573,0.0,0.0,-0.1915,0.0,0.0,128.0,551.0
1464546.0,0.0,-3.1355,-0.001,0.11573,0.0,0.0,-0.1915,0.0,0.0,128.0,557.0
1464586.0,0.0,-3.1355,0.001,0.11573,0.0,0.0,-0.1915,0.0,0.0,128.0,558.0
1464626.0,0.0,-3.1355,-0.001,0.11573,0.0,0.0,-0.1915,0.0,0.0,128.0,569.0
1464666.0,0.0,-3.1339,0.006,0.11573,0.0,0.0,-0.1915,0.0,0.0,128.0,556.0
1464706.0,0.0,-3.1355,-0.005,0.11573,0.0,0.0,-0.1915,0.0,0.0,128.0,549.0
1464747.0,0.0,-3.1355,0.001,0.11573,0.0,0.0,-0.1915,0.0,0.0,128.0,543.0
1464787.0,0.0,-3.1355,-0.003,0.11573,0.0,0.0,-0.1915,0.0,0.0,128.0,543.0
1464827.0,0.0,-3.1355,0.0,0.11573,0.0,0.0,-0.1915,0.0,0.0,128.0,549.0
1464867.0,0.0,-3.1355,-0.001,0.11573,0.0,0.0,-0.1915,0.0,0.0,128.0,550.0
1464907.0,0.0,-3.1355,-0.0,0.11573,0.0,0.0,-0.1915,0.0,0.0,128.0,549.0
1464947.0,0.0,-3.1355,0.0,0.11573,0.0,0.0,-0.1915,0.0,0.0,128.0,549.0
1464988.0,0.0,-3.1355,0.0,0.11573,0.0,0.0,-0.1915,0.0,0.0,128.0,549.0
1465028.0,0.0,-3.1355,-0.0,0.11573,0.0,0.0,-0.1915,0.0,0.0,128.0,550.0
1465068.0,0.0,-3.1355,-0.0,0.11573,0.0,0.0,-0.1915,0.0,0.0,128.0,549.0
1465108.0,0.0,-3.1355,0.001,0.11573,0.0,0.0,-0.1915,0.0,0.0,128.0,543.0
1465149.0,0.0,-3.1355,0.0,0.11573,0.0,0.0,-0.1915,0.0,0.0,128.0,543.0
1465189.0,0.0,-3.1355,0.001,0.11573,0.0,0.0,-0.1915,0.0,0.0,128.0,551.0
1465229.0,0.0,-3.1355,-0.0,0.11573,0.0,0.0,-0.1915,0.0,0.0,128.0,557.0
1465269.0,0.0,-3.1355,-0.001,0.11573,0.0,0.0,-0.1915,0.0,0.0,128.0,557.0
1465309.0,0.0,-3.1355,-0.0,0.11573,0.0,0.0,-0.1915,0.0,0.0,128.0,551.0
1465350.0,0.0,-3.1355,0.0,0.11573,0.0,0.0,-0.1915,0.0,0.0,128.0,557.0
1465390.0,0.0,-3.1355,0.0,0.11573,0.0,0.0,-0.1915,0.0,0.0,128.0,549.0
1465430.0,0.0,-3.1355,-0.0,0.11573,0.0,0.0,-0.1915,0.0,0.0,128.0,549.0
1465470.0,0.0,-3.1355,-0.0,0.11573,0.0,0.0,-0.1915,0.0,0.0,128.0,556.0
1465511.0,0.0,-3.1355,0.002,0.11573,0.0,0.0,-0.1915,0.0,0.0,128.0,549.0
1465551.0,0.0,-3.1355,-0.001,0.11573,0.0,0.0,-0.1915,0.0,0.0,128.0,549.0
1465591.0,0.0,-3.1355,-0.0,0.11573,0.0,0.0,-0.1915,0.0,0.0,128.0,550.0
1465631.0,0.0,-3.1355,0.0,0.11573,0.0,0.0,-0.1915,0.0,0.0,128.0,549.0
1465671.0,0.0,-3.1355,-0.001,0.11573,0.0,0.0,-0.1915,0.0,0.0,128.0,549.0
1465712.0,0.0,-3.1355,-0.003,0.11573,0.0,0.0,-0.1915,0.0,0.0,128.0,549.0
1465752.0,0.0,-3.1355,0.0,0.11573,0.0,0.0,-0.1915,0.0,0.0,128.0,551.0
1465792.0,0.0,-3.1339,0.005,0.11573,0.0,0.0,-0.1915,0.0,0.0,128.0,571.0
1465832.0,0.0,-3.1355,-0.001,0.11573,0.0,0.0,-0.1915,0.0,0.0,128.0,549.0
1465873.0,0.0,-3.1355,0.0,0.11573,0.0,0.0,-0.1915,0.0,0.0,128.0,543.0
1465913.0,0.0,-3.1355,-0.005,0.11573,0.0,0.0,-0.1915,0.0,0.0,128.0,543.0
1465953.0,0.0,-3.1355,0.0,0.11573,0.0,0.0,-0.1915,0.0,0.0,128.0,549.0
1465993.0,0.0,-3.1355,0.0,0.11573,0.0,0.0,-0.1915,0.0,0.0,128.0,543.0
1466033.0,0.0,-3.1355,-0.001,0.11573,0.0,0.0,-0.1915,0.0,0.0,128.0,557.0
1466073.0,0.0,-3.1355,-0.001,0.11573,0.0,0.0,-0.1915,0.0,0.0,128.0,544.0
1466113.0,0.0,-3.1355,-0.0,0.11573,0.0,0.0,-0.1915,0.0,0.0,128.0,551.0
1466153.0,0.0,-3.1355,0.005,0.11573,0.0,0.0,-0.1915,0.0,0.0,128.0,557.0
1466194.0,0.0,-3.1355,-0.002,0.11573,0.0,0.0,-0.1915,0.0,0.0,128.0,557.0
1466234.0,0.0,-3.1355,0.0,0.11573,0.0,0.0,-0.1915,0.0,0.0,128.0,543.0
1466274.0,0.0,-3.1355,-0.001,0.11573,0.0,0.0,-0.1915,0.0,0.0,128.0,549.0
1466314.0,0.0,-3.1355,-0.0,0.11573,0.0,0.0,-0.1915,0.0,0.0,128.0,549.0
1466355.0,0.0,-3.1355,0.0,0.11573,0.0,0.0,-0.1915,0.0,0.0,128.0,549.0
1466395.0,0.0,-3.1355,0.0,0.11573,0.0,0.0,-0.1915,0.0,0.0,128.0,550.0
1466435.0,0.0,-3.1355,-0.005,0.11573,0.0,0.0,-0.1915,0.0,0.0,128.0,570.0
1466475.0,0.0,-3.1355,-0.0,0.11573,0.0,0.0,-0.1915,0.0,0.0,128.0,549.0
1466515.0,0.0,-3.1355,0.001,0.11573,0.0,0.0,-0.1915,0.0,0.0,128.0,549.0
1466555.0,0.0,-3.1355,-0.001,0.11573,0.0,0.0,-0.1915,0.0,0.0,128.0,555.0
1466596.0,0.0,-3.1355,-0.0,0.11573,0.0,0.0,-0.1915,0.0,0.0,128.0,549.0
1466636.0,0.0,-3.1355,0.0,0.11573,0.0,0.0,-0.1915,0.0,0.0,128.0,550.0
1466676.0,0.0,-3.1355,0.004,0.11573,0.0,0.0,-0.1915,0.0,0.0,128.0,551.0
1466717.0,0.0,-3.1355,-0.001,0.11573,0.0,0.0,-0.1915,0.0,0.0,128.0,549.0
1466757.0,0.0,-3.1355,0.002,0.11573,0.0,0.0,-0.1915,0.0,0.0,128.0,550.0
1466797.0,0.0,-3.1355,0.0,0.11573,0.0,0.0,-0.1915,0.0,0.0,128.0,543.0
1466838.0,0.0,-3.1355,-0.001,0.11573,0.0,0.0,-0.1915,0.0,0.0,128.0,543.0
1466878.0,0.0,-3.1355,-0.0,0.11573,0.0,0.0,-0.1915,0.0,0.0,128.0,544.0
1466918.0,0.0,-3.1355,0.004,0.11573,0.0,0.0,-0.1915,0.0,0.0,128.0,558.0
1466959.0,0.0,-3.1355,-0.002,0.11573,0.0,0.0,-0.1915,0.0,0.0,128.0,557.0
1466999.0,0.0,-3.1355,-0.0,0.11573,0.0,0.0,-0.1915,0.0,0.0,128.0,557.0
1467039.0,0.0,-3.1355,0.0,0.11573,0.0,0.0,-0.1915,0.0,0.0,128.0,551.0
1467080.0,0.0,-3.1355,-0.001,0.11573,0.0,0.0,-0.1915,0.0,0.0,128.0,550.0
1467120.0,0.0,-3.1355,-0.001,0.11573,0.0,0.0,-0.1915,0.0,0.0,128.0,549.0
1467160.0,0.0,-3.1355,-0.001,0.11573,0.0,0.0,-0.1915,0.0,0.0,128.0,550.0
1467200.0,0.0,-3.1355,-0.001,0.11573,0.0,0.0,-0.1915,0.0,0.0,128.0,549.0
1467240.0,0.0,-3.1355,-0.0,0.11573,0.0,0.0,-0.1915,0.0,0.0,128.0,549.0
1467281.0,0.0,-3.1355,-0.001,0.11573,0.0,0.0,-0.1915,0.0,0.0,128.0,543.0
1467321.0,0.0,-3.1355,0.001,0.11573,0.0,0.0,-0.1915,0.0,0.0,128.0,549.0
1467361.0,0.0,-3.1355,-0.001,0.11573,0.0,0.0,-0.1915,0.0,0.0,128.0,550.0
1467401.0,0.0,-3.1355,-0.0,0.11573,0.0,0.0,-0.1915,0.0,0.0,128.0,544.0
1467442.0,0.0,-3.1355,-0.001,0.11573,0.0,0.0,-0.1915,0.0,0.0,128.0,549.0
1467482.0,0.0,-3.1355,0.0,0.11573,0.0,0.0,-0.1915,0.0,0.0,128.0,555.0
1467522.0,0.0,-3.1355,0.0,0.11573,0.0,0.0,-0.1915,0.0,0.0,128.0,556.0
1467562.0,0.0,-3.1355,0.0,0.11573,0.0,0.0,-0.1915,0.0,0.0,128.0,550.0
1467603.0,0.0,-3.1355,-0.001,0.11573,0.0,0.0,-0.1915,0.0,0.0,128.0,549.0
1467643.0,0.0,-3.1355,-0.0,0.11573,0.0,0.0,-0.1915,0.0,0.0,128.0,550.0
1467683.0,0.0,-3.1355,0.0,0.11573,0.0,0.0,-0.1915,0.0,0.0,128.0,549.0
1467723.0,0.0,-3.1355,0.0,0.11573,0.0,0.0,-0.1915,0.0,0.0,128.0,543.0
1467764.0,0.0,-3.1355,-0.001,0.11573,0.0,0.0,-0.1915,0.0,0.0,128.0,549.0
1467804.0,0.0,-3.1355,-0.001,0.11573,0.0,0.0,-0.1915,0.0,0.0,128.0,549.0
1467844.0,0.0,-3.1355,0.003,0.11573,0.0,0.0,-0.1915,0.0,0.0,128.0,550.0
1467884.0,0.0,-3.1355,-0.001,0.11573,0.0,0.0,-0.1915,0.0,0.0,128.0,543.0
1467924.0,0.0,-3.1355,-0.0,0.11573,0.0,0.0,-0.1915,0.0,0.0,128.0,550.0
1467965.0,0.0,-3.1355,0.001,0.11573,0.0,0.0,-0.1915,0.0,0.0,128.0,549.0
1468005.0,0.0,-3.1355,-0.0,0.11573,0.0,0.0,-0.1915,0.0,0.0,128.0,551.0
1468045.0,0.0,-3.1355,-0.001,0.11573,0.0,0.0,-0.1915,0.0,0.0,128.0,550.0
1468085.0,0.0,-3.1355,-0.001,0.11573,0.0,0.0,-0.1915,0.0,0.0,128.0,558.0
1468126.0,0.0,-3.1355,-0.0,0.11573,0.0,0.0,-0.1915,0.0,0.0,128.0,557.0
1468166.0,0.0,-3.1355,0.0,0.11573,0.0,0.0,-0.1915,0.0,0.0,128.0,549.0
1468206.0,0.0,-3.1355,0.004,0.11573,0.0,0.0,-0.1915,0.0,0.0,128.0,544.0
1468247.0,0.0,-3.1355,-0.001,0.11573,0.0,0.0,-0.1915,0.0,0.0,128.0,543.0
1468287.0,0.0,-3.1355,-0.0,0.11573,0.0,0.0,-0.1915,0.0,0.0,128.0,551.0
1468327.0,0.0,-3.1339,0.006,0.11573,0.0,0.0,-0.1915,0.0,0.0,128.0,571.0
1468367.0,0.0,-3.1355,0.005,0.11573,0.0,0.0,-0.1915,0.0,0.0,128.0,549.0
1468408.0,0.0,-3.1355,-0.001,0.11573,0.0,0.0,-0.1915,0.0,0.0,128.0,549.0
1468448.0,0.0,-3.1355,-0.0,0.11573,0.0,0.0,-0.1915,0.0,0.0,128.0,542.0
1468488.0,0.0,-3.1355,-0.0,0.11573,0.0,0.0,-0.1915,0.0,0.0,128.0,551.0
1468528.0,0.0,-3.1355,-0.002,0.11573,0.0,0.0,-0.1915,0.0,0.0,128.0,550.0
1468568.0,0.0,-3.1355,0.0,0.11573,0.0,0.0,-0.1915,0.0,0.0,128.0,558.0
1468609.0,0.0,-3.1355,0.001,0.11573,0.0,0.0,-0.1915,0.0,0.0,128.0,557.0
1468649.0,0.0,-3.1355,0.0,0.11573,0.0,0.0,-0.1915,0.0,0.0,128.0,558.0
1468689.0,0.0,-3.1355,-0.0,0.11573,0.0,0.0,-0.1915,0.0,0.0,128.0,543.0
1468729.0,0.0,-3.137,-0.004,0.11573,0.0,0.0,-0.1915,0.0,0.0,128.0,556.0
1468769.0,0.0,-3.1355,0.001,0.11573,0.0,0.0,-0.1915,0.0,0.0,128.0,549.0
1468810.0,0.0,-3.1355,0.002,0.11573,0.0,0.0,-0.1915,0.0,0.0,128.0,549.0
1468850.0,0.0,-3.1355,0.001,0.11573,0.0,0.0,-0.1915,0.0,0.0,128.0,549.0
1468890.0,0.0,-3.1355,0.0,0.11573,0.0,0.0,-0.1915,0.0,0.0,128.0,550.0
1468930.0,0.0,-3.1355,-0.0,0.11573,0.0,0.0,-0.1915,0.0,0.0,128.0,570.0
1468970.0,0.0,-3.1355,0.002,0.11573,0.0,0.0,-0.1915,0.0,0.0,128.0,542.0
1469010.0,0.0,-3.1355,-0.0,0.11573,0.0,0.0,-0.1915,0.0,0.0,128.0,550.0
1469051.0,0.0,-3.1355,-0.0,0.11573,0.0,0.0,-0.1915,0.0,0.0,128.0,550.0
1469091.0,0.0,-3.1355,-0.001,0.11573,0.0,0.0,-0.1915,0.0,0.0,128.0,550.0
1469131.0,0.0,-3.1355,0.001,0.11573,0.0,0.0,-0.1915,0.0,0.0,128.0,543.0
1469172.0,0.0,-3.1355,0.0,0.11573,0.0,0.0,-0.1915,0.0,0.0,128.0,549.0
1469212.0,0.0,-3.1355,-0.0,0.11573,0.0,0.0,-0.1915,0.0,0.0,128.0,550.0
1469252.0,0.0,-3.1355,0.001,0.11573,0.0,0.0,-0.1915,0.0,0.0,128.0,543.0
1469293.0,0.0,-3.1355,-0.004,0.11573,0.0,0.0,-0.1915,0.0,0.0,128.0,550.0
1469333.0,0.0,-3.1355,0.001,0.11573,0.0,0.0,-0.1915,0.0,0.0,128.0,549.0
1469373.0,0.0,-3.1355,-0.003,0.11573,0.0,0.0,-0.1915,0.0,0.0,128.0,544.0
1469413.0,0.0,-3.1355,0.001,0.11573,0.0,0.0,-0.1915,0.0,0.0,128.0,564.0
1469453.0,0.0,-3.1355,0.0,0.11573,0.0,0.0,-0.1915,0.0,0.0,128.0,543.0
1469494.0,0.0,-3.1355,-0.0,0.11573,0.0,0.0,-0.1915,0.0,0.0,128.0,543.0
1469534.0,0.0,-3.1355,0.0,0.11573,0.0,0.0,-0.1915,0.0,0.0,128.0,550.0
1469574.0,0.0,-3.1355,-0.001,0.11573,0.0,0.0,-0.1915,0.0,0.0,128.0,549.0
1469614.0,0.0,-3.1355,0.002,0.11573,0.0,0.0,-0.1915,0.0,0.0,128.0,549.0
1469654.0,0.0,-3.1339,0.005,0.11573,0.0,0.0,-0.1915,0.0,0.0,128.0,556.0
1469695.0,0.0,-3.1355,-0.001,0.11573,0.0,0.0,-0.1915,0.0,0.0,128.0,543.0
1469735.0,0.0,-3.1355,0.001,0.11573,0.0,0.0,-0.1915,0.0,0.0,128.0,550.0
1469775.0,0.0,-3.1355,0.0,0.11573,0.0,0.0,-0.1915,0.0,0.0,128.0,549.0
1469815.0,0.0,-3.1355,0.001,0.11573,0.0,0.0,-0.1915,0.0,0.0,128.0,549.0
1469856.0,0.0,-3.1355,0.0,0.11573,0.0,0.0,-0.1915,0.0,0.0,128.0,549.0
1469896.0,0.0,-3.1355,0.001,0.11573,0.0,0.0,-0.1915,0.0,0.0,128.0,550.0
1469936.0,0.0,-3.1355,0.0,0.11573,0.0,0.0,-0.1915,0.0,0.0,128.0,549.0
1469977.0,0.0,-3.1355,-0.0,0.11573,0.0,0.0,-0.1915,0.0,0.0,128.0,550.0
1470017.0,0.0,-3.1355,-0.0,0.11573,0.0,0.0,-0.1915,0.0,0.0,128.0,550.0
1470057.0,0.0,-3.1355,-0.003,0.11573,0.0,0.0,-0.1915,0.0,0.0,128.0,570.0
1470097.0,0.0,-3.1355,0.0,0.11573,0.0,0.0,-0.1915,0.0,0.0,128.0,549.0
1470137.0,0.0,-3.1355,0.0,0.11573,0.0,0.0,-0.1915,0.0,0.0,128.0,549.0
1470178.0,0.0,-3.1355,-0.0,0.11573,0.0,0.0,-0.1915,0.0,0.0,128.0,544.0
1470218.0,0.0,-3.1355,-0.0,0.11573,0.0,0.0,-0.1915,0.0,0.0,128.0,551.0
1470258.0,0.0,-3.1355,-0.001,0.11573,0.0,0.0,-0.1915,0.0,0.0,128.0,564.0
1470298.0,0.0,-3.1355,-0.0,0.11573,0.0,0.0,-0.1915,0.0,0.0,128.0,549.0
1470339.0,0.0,-3.1355,0.002,0.11573,0.0,0.0,-0.1915,0.0,0.0,128.0,549.0
1470379.0,0.0,-3.1355,0.0,0.11573,0.0,0.0,-0.1915,0.0,0.0,128.0,549.0
1470419.0,0.0,-3.1355,0.005,0.11573,0.0,0.0,-0.1915,0.0,0.0,128.0,557.0
1470459.0,0.0,-3.1355,-0.002,0.11573,0.0,0.0,-0.1915,0.0,0.0,128.0,550.0
1470499.0,0.0,-3.1355,-0.001,0.11573,0.0,0.0,-0.1915,0.0,0.0,128.0,549.0
1470539.0,0.0,-3.1355,0.0,0.11573,0.0,0.0,-0.1915,0.0,0.0,128.0,549.0
1470580.0,0.0,-3.1355,-0.001,0.11573,0.0,0.0,-0.1915,0.0,0.0,128.0,549.0
1470620.0,0.0,-3.1355,-0.002,0.11573,0.0,0.0,-0.1915,0.0,0.0,128.0,550.0
1470660.0,0.0,-3.1355,0.001,0.11573,0.0,0.0,-0.1915,0.0,0.0,128.0,549.0
1470700.0,0.0,-3.1355,0.001,0.11573,0.0,0.0,-0.1915,0.0,0.0,128.0,549.0
1470741.0,0.0,-3.1355,0.0,0.11573,0.0,0.0,-0.1915,0.0,0.0,128.0,549.0
1470781.0,0.0,-3.1355,-0.002,0.11573,0.0,0.0,-0.1915,0.0,0.0,128.0,550.0
1470821.0,0.0,-3.1355,0.0,0.11573,0.0,0.0,-0.1915,0.0,0.0,128.0,570.0
1470861.0,0.0,-3.1355,-0.0,0.11573,0.0,0.0,-0.1915,0.0,0.0,128.0,549.0
1470902.0,0.0,-3.1355,-0.0,0.11573,0.0,0.0,-0.1915,0.0,0.0,128.0,549.0
1470942.0,0.0,-3.1355,0.005,0.11573,0.0,0.0,-0.1915,0.0,0.0,128.0,542.0
1470982.0,0.0,-3.1355,-0.0,0.11573,0.0,0.0,-0.1915,0.0,0.0,128.0,550.0
1471022.0,0.0,-3.1355,-0.0,0.11573,0.0,0.0,-0.1915,0.0,0.0,128.0,549.0
1471063.0,0.0,-3.1355,0.001,0.11573,0.0,0.0,-0.1915,0.0,0.0,128.0,549.0
1471103.0,0.0,-3.1355,0.0,0.11573,0.0,0.0,-0.1915,0.0,0.0,128.0,544.0
1471143.0,0.0,-3.1355,-0.0,0.11573,0.0,0.0,-0.1915,0.0,0.0,128.0,557.0
1471184.0,0.0,-3.1355,-0.0,0.11573,0.0,0.0,-0.1915,0.0,0.0,128.0,558.0
1471224.0,0.0,-3.1355,-0.0,0.11573,0.0,0.0,-0.1915,0.0,0.0,128.0,555.0
1471264.0,0.0,-3.1355,0.001,0.11573,0.0,0.0,-0.1915,0.0,0.0,128.0,549.0
1471305.0,0.0,-3.1355,-0.0,0.11573,0.0,0.0,-0.1915,0.0,0.0,128.0,549.0
1471345.0,0.0,-3.1355,-0.0,0.11573,0.0,0.0,-0.1915,0.0,0.0,128.0,551.0
1471385.0,0.0,-3.1355,0.001,0.11573,0.0,0.0,-0.1915,0.0,0.0,128.0,557.0
1471426.0,0.0,-3.1355,0.0,0.11573,0.0,0.0,-0.1915,0.0,0.0,128.0,557.0
1471466.0,0.0,-3.1355,-0.0,0.11573,0.0,0.0,-0.1915,0.0,0.0,128.0,543.0
1471506.0,0.0,-3.1355,-0.001,0.11573,0.0,0.0,-0.1915,0.0,0.0,128.0,570.0
1471546.0,0.0,-3.1355,0.001,0.11573,0.0,0.0,-0.1915,0.0,0.0,128.0,549.0
1471586.0,0.0,-3.1355,0.0,0.11573,0.0,0.0,-0.1915,0.0,0.0,128.0,543.0
1471626.0,0.0,-3.1355,0.0,0.11573,0.0,0.0,-0.1915,0.0,0.0,128.0,549.0
1471667.0,0.0,-3.1355,-0.0,0.11573,0.0,0.0,-0.1915,0.0,0.0,128.0,549.0
1471707.0,0.0,-3.1355,-0.001,0.11573,0.0,0.0,-0.1915,0.0,0.0,128.0,544.0
1471747.0,0.0,-3.1355,-0.001,0.11573,0.0,0.0,-0.1915,0.0,0.0,128.0,564.0
1471787.0,0.0,-3.1355,0.001,0.11573,0.0,0.0,-0.1915,0.0,0.0,128.0,549.0
1471827.0,0.0,-3.1355,-0.001,0.11573,0.0,0.0,-0.1915,0.0,0.0,128.0,557.0
1471868.0,0.0,-3.1355,-0.001,0.11573,0.0,0.0,-0.1915,0.0,0.0,128.0,549.0
1471908.0,0.0,-3.1355,-0.0,0.11573,0.0,0.0,-0.1915,0.0,0.0,128.0,549.0
1471948.0,0.0,-3.1355,0.001,0.11573,0.0,0.0,-0.1915,0.0,0.0,128.0,551.0
1471988.0,0.0,-3.1355,0.0,0.11573,0.0,0.0,-0.1915,0.0,0.0,128.0,544.0
1472028.0,0.0,-3.1355,0.001,0.11573,0.0,0.0,-0.1915,0.0,0.0,128.0,551.0
1472068.0,0.0,-3.1355,0.001,0.11573,0.0,0.0,-0.1915,0.0,0.0,128.0,558.0
1472109.0,0.0,-3.1355,-0.001,0.11573,0.0,0.0,-0.1915,0.0,0.0,128.0,551.0
1472149.0,0.0,-3.1355,-0.0,0.11573,0.0,0.0,-0.1915,0.0,0.0,128.0,557.0
1472189.0,0.0,-3.1355,0.0,0.11573,0.0,0.0,-0.1915,0.0,0.0,128.0,557.0
1472229.0,0.0,-3.1355,0.0,0.11573,0.0,0.0,-0.1915,0.0,0.0,128.0,542.0
1472269.0,0.0,-3.1355,-0.0,0.11573,0.0,0.0,-0.1915,0.0,0.0,128.0,549.0
1472310.0,0.0,-3.1355,-0.0,0.11573,0.0,0.0,-0.1915,0.0,0.0,128.0,543.0
1472350.0,0.0,-3.1355,0.005,0.11573,0.0,0.0,-0.1915,0.0,0.0,128.0,550.0
1472390.0,0.0,-3.1355,-0.002,0.11573,0.0,0.0,-0.1915,0.0,0.0,128.0,542.0
1472430.0,0.0,-3.1355,0.001,0.11573,0.0,0.0,-0.1915,0.0,0.0,128.0,549.0
1472471.0,0.0,-3.1355,0.004,0.11573,0.0,0.0,-0.1915,0.0,0.0,128.0,549.0
1472511.0,0.0,-3.1355,-0.005,0.11573,0.0,0.0,-0.1915,0.0,0.0,128.0,544.0
1472551.0,0.0,-3.1355,0.001,0.11573,0.0,0.0,-0.1915,0.0,0.0,128.0,551.0
1472591.0,0.0,-3.1355,-0.005,0.11573,0.0,0.0,-0.1915,0.0,0.0,128.0,551.0
1472632.0,0.0,-3.1355,0.0,0.11573,0.0,0.0,-0.1915,0.0,0.0,128.0,557.0
1472672.0,0.0,-3.1355,-0.001,0.11573,0.0,0.0,-0.1915,0.0,0.0,128.0,543.0
1472712.0,0.0,-3.1355,-0.0,0.11573,0.0,0.0,-0.1915,0.0,0.0,128.0,549.0
1472752.0,0.0,-3.1355,-0.0,0.11573,0.0,0.0,-0.1915,0.0,0.0,128.0,549.0
1472793.0,0.0,-3.1355,-0.001,0.11573,0.0,0.0,-0.1915,0.0,0.0,128.0,549.0
1472833.0,0.0,-3.1355,-0.0,0.11573,0.0,0.0,-0.1915,0.0,0.0,128.0,544.0
1472873.0,0.0,-3.1355,0.0,0.11573,0.0,0.0,-0.1915,0.0,0.0,128.0,564.0
1472913.0,0.0,-3.1355,-0.001,0.11573,0.0,0.0,-0.1915,0.0,0.0,128.0,549.0
1472954.0,0.0,-3.1355,-0.003,0.11573,0.0,0.0,-0.1915,0.0,0.0,128.0,543.0
1472994.0,0.0,-3.1355,-0.0,0.11573,0.0,0.0,-0.1915,0.0,0.0,128.0,550.0
1473034.0,0.0,-3.1355,-0.0,0.11573,0.0,0.0,-0.1915,0.0,0.0,128.0,549.0
1473074.0,0.0,-3.1355,0.005,0.11573,0.0,0.0,-0.1915,0.0,0.0,128.0,549.0
1473115.0,0.0,-3.1355,-0.002,0.11573,0.0,0.0,-0.1915,0.0,0.0,128.0,544.0
1473155.0,0.0,-3.1355,0.001,0.11573,0.0,0.0,-0.1915,0.0,0.0,128.0,549.0
1473195.0,0.0,-3.1355,0.0,0.11573,0.0,0.0,-0.1915,0.0,0.0,128.0,558.0
1473235.0,0.0,-3.1355,-0.001,0.11573,0.0,0.0,-0.1915,0.0,0.0,128.0,551.0
1473275.0,0.0,-3.1355,0.003,0.11573,0.0,0.0,-0.1915,0.0,0.0,128.0,558.0
1473316.0,0.0,-3.1355,-0.001,0.11573,0.0,0.0,-0.1915,0.0,0.0,128.0,557.0
1473356.0,0.0,-3.1355,0.001,0.11573,0.0,0.0,-0.1915,0.0,0.0,128.0,557.0
1473396.0,0.0,-3.1355,-0.003,0.11573,0.0,0.0,-0.1915,0.0,0.0,128.0,570.0
1473436.0,0.0,-3.1355,0.004,0.11573,0.0,0.0,-0.1915,0.0,0.0,128.0,544.0
1473477.0,0.0,-3.1355,0.0,0.11573,0.0,0.0,-0.1915,0.0,0.0,128.0,549.0
1473517.0,0.0,-3.1355,0.002,0.11573,0.0,0.0,-0.1915,0.0,0.0,128.0,550.0
1473557.0,0.0,-3.1355,-0.0,0.11573,0.0,0.0,-0.1915,0.0,0.0,128.0,549.0
1473597.0,0.0,-3.1355,-0.0,0.11573,0.0,0.0,-0.1915,0.0,0.0,128.0,550.0
1473637.0,0.0,-3.1355,-0.0,0.11573,0.0,0.0,-0.1915,0.0,0.0,128.0,564.0
1473677.0,0.0,-3.1355,0.001,0.11573,0.0,0.0,-0.1915,0.0,0.0,128.0,550.0
1473718.0,0.0,-3.1355,-0.001,0.11573,0.0,0.0,-0.1915,0.0,0.0,128.0,543.0
1473758.0,0.0,-3.1355,-0.001,0.11573,0.0,0.0,-0.1915,0.0,0.0,128.0,549.0
1473798.0,0.0,-3.1355,-0.002,0.11573,0.0,0.0,-0.1915,0.0,0.0,128.0,550.0
1473838.0,0.0,-3.1355,0.006,0.11573,0.0,0.0,-0.1915,0.0,0.0,128.0,549.0
1473878.0,0.0,-3.1355,-0.001,0.11573,0.0,0.0,-0.1915,0.0,0.0,128.0,549.0
1473919.0,0.0,-3.1355,-0.001,0.11573,0.0,0.0,-0.1915,0.0,0.0,128.0,549.0
1473959.0,0.0,-3.1355,-0.001,0.11573,0.0,0.0,-0.1915,0.0,0.0,128.0,550.0
1473999.0,0.0,-3.1355,0.001,0.11573,0.0,0.0,-0.1915,0.0,0.0,128.0,544.0
1474039.0,0.0,-3.1355,0.001,0.11573,0.0,0.0,-0.1915,0.0,0.0,128.0,564.0
1474079.0,0.0,-3.1355,0.0,0.11573,0.0,0.0,-0.1915,0.0,0.0,128.0,551.0
1474120.0,0.0,-3.1355,-0.001,0.11573,0.0,0.0,-0.1915,0.0,0.0,128.0,549.0
1474160.0,0.0,-3.1355,-0.001,0.11573,0.0,0.0,-0.1915,0.0,0.0,128.0,550.0
1474200.0,0.0,-3.1355,0.002,0.11573,0.0,0.0,-0.1915,0.0,0.0,128.0,549.0
1474240.0,0.0,-3.1355,-0.001,0.11573,0.0,0.0,-0.1915,0.0,0.0,128.0,549.0
1474281.0,0.0,-3.1355,-0.0,0.11573,0.0,0.0,-0.1915,0.0,0.0,128.0,549.0
1474321.0,0.0,-3.1355,0.004,0.11573,0.0,0.0,-0.1915,0.0,0.0,128.0,544.0
1474361.0,0.0,-3.1355,-0.003,0.11573,0.0,0.0,-0.1915,0.0,0.0,128.0,564.0
1474401.0,0.0,-3.1355,-0.001,0.11573,0.0,0.0,-0.1915,0.0,0.0,128.0,550.0
1474442.0,0.0,-3.1355,0.001,0.11573,0.0,0.0,-0.1915,0.0,0.0,128.0,549.0
1474482.0,0.0,-3.1355,0.0,0.11573,0.0,0.0,-0.1915,0.0,0.0,128.0,549.0
1474522.0,0.0,-3.1355,-0.0,0.11573,0.0,0.0,-0.1915,0.0,0.0,128.0,564.0
1474562.0,0.0,-3.1355,0.001,0.11573,0.0,0.0,-0.1915,0.0,0.0,128.0,549.0
1474603.0,0.0,-3.1355,-0.001,0.11573,0.0,0.0,-0.1915,0.0,0.0,128.0,549.0
1474643.0,0.0,-3.1355,-0.001,0.11573,0.0,0.0,-0.1915,0.0,0.0,128.0,550.0
1474683.0,0.0,-3.1355,-0.0,0.11573,0.0,0.0,-0.1915,0.0,0.0,128.0,550.0
1474723.0,0.0,-3.1355,-0.002,0.11573,0.0,0.0,-0.1915,0.0,0.0,128.0,557.0
1474763.0,0.0,-3.1355,0.002,0.11573,0.0,0.0,-0.1915,0.0,0.0,128.0,551.0
1474804.0,0.0,-3.1355,-0.002,0.11573,0.0,0.0,-0.1915,0.0,0.0,128.0,557.0
1474844.0,0.0,-3.1355,-0.001,0.11573,0.0,0.0,-0.1915,0.0,0.0,128.0,558.0
1474884.0,0.0,-3.1355,-0.0,0.11573,0.0,0.0,-0.1915,0.0,0.0,128.0,569.0
1474924.0,0.0,-3.1355,-0.0,0.11573,0.0,0.0,-0.1915,0.0,0.0,128.0,549.0
1474964.0,0.0,-3.1355,0.0,0.11573,0.0,0.0,-0.1915,0.0,0.0,128.0,549.0
1475005.0,0.0,-3.1355,0.001,0.11573,0.0,0.0,-0.1915,0.0,0.0,128.0,549.0
1475045.0,0.0,-3.1355,-0.0,0.11573,0.0,0.0,-0.1915,0.0,0.0,128.0,550.0
1475085.0,0.0,-3.1355,-0.001,0.11573,0.0,0.0,-0.1915,0.0,0.0,128.0,544.0
1475125.0,0.0,-3.1355,-0.001,0.11573,0.0,0.0,-0.1915,0.0,0.0,128.0,550.0
1475165.0,0.0,-3.1355,-0.0,0.11573,0.0,0.0,-0.1915,0.0,0.0,128.0,558.0
1475206.0,0.0,-3.1355,-0.0,0.11573,0.0,0.0,-0.1915,0.0,0.0,128.0,543.0
1475246.0,0.0,-3.1355,0.001,0.11573,0.0,0.0,-0.1915,0.0,0.0,128.0,550.0
1475286.0,0.0,-3.1355,-0.001,0.11573,0.0,0.0,-0.1915,0.0,0.0,128.0,557.0
1475326.0,0.0,-3.1355,0.001,0.11573,0.0,0.0,-0.1915,0.0,0.0,128.0,557.0
1475366.0,0.0,-3.1355,-0.0,0.11573,0.0,0.0,-0.1915,0.0,0.0,128.0,549.0
1475406.0,0.0,-3.1355,0.001,0.11573,0.0,0.0,-0.1915,0.0,0.0,128.0,549.0
1475447.0,0.0,-3.1355,0.0,0.11573,0.0,0.0,-0.1915,0.0,0.0,128.0,549.0
1475487.0,0.0,-3.1355,-0.001,0.11573,0.0,0.0,-0.1915,0.0,0.0,128.0,564.0
1475527.0,0.0,-3.1355,-0.002,0.11573,0.0,0.0,-0.1915,0.0,0.0,128.0,543.0
1475568.0,0.0,-3.1355,-0.001,0.11573,0.0,0.0,-0.1915,0.0,0.0,128.0,549.0
1475608.0,0.0,-3.1355,-0.0,0.11573,0.0,0.0,-0.1915,0.0,0.0,128.0,550.0
1475648.0,0.0,-3.1355,-0.002,0.11573,0.0,0.0,-0.1915,0.0,0.0,128.0,549.0
1475688.0,0.0,-3.1355,0.0,0.11573,0.0,0.0,-0.1915,0.0,0.0,128.0,549.0
1475729.0,0.0,-3.1355,-0.0,0.11573,0.0,0.0,-0.1915,0.0,0.0,128.0,550.0
1475769.0,0.0,-3.1355,-0.0,0.11573,0.0,0.0,-0.1915,0.0,0.0,128.0,550.0
1475809.0,0.0,-3.1355,-0.0,0.11573,0.0,0.0,-0.1915,0.0,0.0,128.0,543.0
1475850.0,0.0,-3.1355,0.0,0.11573,0.0,0.0,-0.1915,0.0,0.0,128.0,543.0
1475890.0,0.0,-3.1355,0.0,0.11573,0.0,0.0,-0.1915,0.0,0.0,128.0,549.0
1475930.0,0.0,-3.1355,0.001,0.11573,0.0,0.0,-0.1915,0.0,0.0,128.0,557.0
1475970.0,0.0,-3.1355,0.003,0.11573,0.0,0.0,-0.1915,0.0,0.0,128.0,551.0
1476010.0,0.0,-3.1355,-0.001,0.11573,0.0,0.0,-0.1915,0.0,0.0,128.0,564.0
1476050.0,0.0,-3.1355,-0.001,0.11573,0.0,0.0,-0.1915,0.0,0.0,128.0,549.0
1476091.0,0.0,-3.1355,-0.0,0.11573,0.0,0.0,-0.1915,0.0,0.0,128.0,549.0
1476131.0,0.0,-3.1355,0.0,0.11573,0.0,0.0,-0.1915,0.0,0.0,128.0,549.0
1476171.0,0.0,-3.1355,0.0,0.11573,0.0,0.0,-0.1915,0.0,0.0,128.0,564.0
1476211.0,0.0,-3.1355,0.0,0.11573,0.0,0.0,-0.1915,0.0,0.0,128.0,555.0
1476252.0,0.0,-3.1355,-0.001,0.11573,0.0,0.0,-0.1915,0.0,0.0,128.0,549.0
1476292.0,0.0,-3.1355,-0.005,0.11573,0.0,0.0,-0.1915,0.0,0.0,128.0,550.0
1476332.0,0.0,-3.1355,-0.004,0.11573,0.0,0.0,-0.1915,0.0,0.0,128.0,549.0
1476373.0,0.0,-3.1355,0.001,0.11573,0.0,0.0,-0.1915,0.0,0.0,128.0,549.0
1476413.0,0.0,-3.1355,0.001,0.11573,0.0,0.0,-0.1915,0.0,0.0,128.0,551.0
1476453.0,0.0,-3.1355,0.0,0.11573,0.0,0.0,-0.1915,0.0,0.0,128.0,551.0
1476493.0,0.0,-3.1355,-0.003,0.11573,0.0,0.0,-0.1915,0.0,0.0,128.0,557.0
1476534.0,0.0,-3.1355,0.001,0.11573,0.0,0.0,-0.1915,0.0,0.0,128.0,558.0
1476574.0,0.0,-3.1355,-0.0,0.11573,0.0,0.0,-0.1915,0.0,0.0,128.0,569.0
1476614.0,0.0,-3.1355,0.001,0.11573,0.0,0.0,-0.1915,0.0,0.0,128.0,544.0
1476655.0,0.0,-3.1355,0.003,0.11573,0.0,0.0,-0.1915,0.0,0.0,128.0,549.0
1476695.0,0.0,-3.1355,-0.001,0.11573,0.0,0.0,-0.1915,0.0,0.0,128.0,550.0
1476735.0,0.0,-3.1355,0.002,0.11573,0.0,0.0,-0.1915,0.0,0.0,128.0,550.0
1476775.0,0.0,-3.1355,-0.002,0.11573,0.0,0.0,-0.1915,0.0,0.0,128.0,549.0
1476816.0,0.0,-3.1355,-0.003,0.11573,0.0,0.0,-0.1915,0.0,0.0,128.0,549.0
1476856.0,0.0,-3.1355,0.001,0.11573,0.0,0.0,-0.1915,0.0,0.0,128.0,550.0
1476896.0,0.0,-3.1355,0.0,0.11573,0.0,0.0,-0.1915,0.0,0.0,128.0,549.0
1476937.0,0.0,-3.1355,-0.001,0.11573,0.0,0.0,-0.1915,0.0,0.0,128.0,549.0
1476977.0,0.0,-3.1355,-0.003,0.11573,0.0,0.0,-0.1915,0.0,0.0,128.0,549.0
1477017.0,0.0,-3.1355,-0.0,0.11573,0.0,0.0,-0.1915,0.0,0.0,128.0,550.0
1477057.0,0.0,-3.1355,0.005,0.11573,0.0,0.0,-0.1915,0.0,0.0,128.0,549.0
1477097.0,0.0,-3.1355,-0.001,0.11573,0.0,0.0,-0.1915,0.0,0.0,128.0,543.0
1477138.0,0.0,-3.1355,-0.002,0.11573,0.0,0.0,-0.1915,0.0,0.0,128.0,549.0
1477178.0,0.0,-3.1355,-0.0,0.11573,0.0,0.0,-0.1915,0.0,0.0,128.0,550.0
1477218.0,0.0,-3.1355,0.001,0.11573,0.0,0.0,-0.1915,0.0,0.0,128.0,549.0
1477258.0,0.0,-3.1355,0.0,0.11573,0.0,0.0,-0.1915,0.0,0.0,128.0,543.0
1477298.0,0.0,-3.1355,0.005,0.11573,0.0,0.0,-0.1915,0.0,0.0,128.0,550.0
1477339.0,0.0,-3.1355,-0.002,0.11573,0.0,0.0,-0.1915,0.0,0.0,128.0,549.0
1477379.0,0.0,-3.1355,-0.002,0.11573,0.0,0.0,-0.1915,0.0,0.0,128.0,544.0
1477419.0,0.0,-3.1355,-0.002,0.11573,0.0,0.0,-0.1915,0.0,0.0,128.0,564.0
1477459.0,0.0,-3.1355,0.001,0.11573,0.0,0.0,-0.1915,0.0,0.0,128.0,550.0
1477500.0,0.0,-3.1355,0.001,0.11573,0.0,0.0,-0.1915,0.0,0.0,128.0,549.0
1477540.0,0.0,-3.1355,-0.005,0.11573,0.0,0.0,-0.1915,0.0,0.0,128.0,557.0
1477580.0,0.0,-3.1355,0.001,0.11573,0.0,0.0,-0.1915,0.0,0.0,128.0,549.0
1477620.0,0.0,-3.1355,0.002,0.11573,0.0,0.0,-0.1915,0.0,0.0,128.0,549.0
1477661.0,0.0,-3.1355,0.0,0.11573,0.0,0.0,-0.1915,0.0,0.0,128.0,549.0
1477701.0,0.0,-3.1355,-0.001,0.11573,0.0,0.0,-0.1915,0.0,0.0,128.0,550.0
1477741.0,0.0,-3.1355,0.001,0.11573,0.0,0.0,-0.1915,0.0,0.0,128.0,543.0
1477781.0,0.0,-3.1355,-0.001,0.11573,0.0,0.0,-0.1915,0.0,0.0,128.0,550.0
1477822.0,0.0,-3.1355,-0.001,0.11573,0.0,0.0,-0.1915,0.0,0.0,128.0,549.0
1477862.0,0.0,-3.1355,-0.0,0.11573,0.0,0.0,-0.1915,0.0,0.0,128.0,550.0
1477902.0,0.0,-3.1355,-0.0,0.11573,0.0,0.0,-0.1915,0.0,0.0,128.0,549.0
1477942.0,0.0,-3.1355,0.004,0.11573,0.0,0.0,-0.1915,0.0,0.0,128.0,551.0
1477983.0,0.0,-3.1355,-0.001,0.11573,0.0,0.0,-0.1915,0.0,0.0,128.0,549.0
1478023.0,0.0,-3.1355,0.001,0.11573,0.0,0.0,-0.1915,0.0,0.0,128.0,551.0
1478063.0,0.0,-3.1355,0.0,0.11573,0.0,0.0,-0.1915,0.0,0.0,128.0,551.0
1478103.0,0.0,-3.1355,-0.0,0.11573,0.0,0.0,-0.1915,0.0,0.0,128.0,564.0
1478143.0,0.0,-3.1355,0.001,0.11573,0.0,0.0,-0.1915,0.0,0.0,128.0,549.0
1478184.0,0.0,-3.1355,-0.0,0.11573,0.0,0.0,-0.1915,0.0,0.0,128.0,549.0
1478224.0,0.0,-3.1355,-0.0,0.11573,0.0,0.0,-0.1915,0.0,0.0,128.0,550.0
1478264.0,0.0,-3.1355,0.001,0.11573,0.0,0.0,-0.1915,0.0,0.0,128.0,549.0
1478305.0,0.0,-3.1355,0.0,0.11573,0.0,0.0,-0.1915,0.0,0.0,128.0,550.0
1478345.0,0.0,-3.1355,0.0,0.11573,0.0,0.0,-0.1915,0.0,0.0,128.0,549.0
1478385.0,0.0,-3.1355,-0.0,0.11573,0.0,0.0,-0.1915,0.0,0.0,128.0,551.0
1478425.0,0.0,-3.1355,0.005,0.11573,0.0,0.0,-0.1915,0.0,0.0,128.0,564.0
1478465.0,0.0,-3.1355,-0.001,0.11573,0.0,0.0,-0.1915,0.0,0.0,128.0,543.0
1478506.0,0.0,-3.1355,-0.003,0.11573,0.0,0.0,-0.1915,0.0,0.0,128.0,549.0
1478546.0,0.0,-3.1355,0.001,0.11573,0.0,0.0,-0.1915,0.0,0.0,128.0,550.0
1478586.0,0.0,-3.1355,-0.001,0.11573,0.0,0.0,-0.1915,0.0,0.0,128.0,549.0
1478627.0,0.0,-3.1355,0.001,0.11573,0.0,0.0,-0.1915,0.0,0.0,128.0,549.0
1478667.0,0.0,-3.1355,0.0,0.11573,0.0,0.0,-0.1915,0.0,0.0,128.0,550.0
1478707.0,0.0,-3.1355,0.0,0.11573,0.0,0.0,-0.1915,0.0,0.0,128.0,549.0
1478748.0,0.0,-3.1355,-0.0,0.11573,0.0,0.0,-0.1915,0.0,0.0,128.0,549.0
1478788.0,0.0,-3.1355,-0.001,0.11573,0.0,0.0,-0.1915,0.0,0.0,128.0,544.0
1478828.0,0.0,-3.1355,-0.001,0.11573,0.0,0.0,-0.1915,0.0,0.0,128.0,564.0
1478868.0,0.0,-3.1355,-0.0,0.11573,0.0,0.0,-0.1915,0.0,0.0,128.0,557.0
1478909.0,0.0,-3.1355,0.001,0.11573,0.0,0.0,-0.1915,0.0,0.0,128.0,543.0
1478949.0,0.0,-3.1355,0.002,0.11573,0.0,0.0,-0.1915,0.0,0.0,128.0,543.0
1478989.0,0.0,-3.1355,0.0,0.11573,0.0,0.0,-0.1915,0.0,0.0,128.0,550.0
1479029.0,0.0,-3.1355,0.0,0.11573,0.0,0.0,-0.1915,0.0,0.0,128.0,549.0
1479070.0,0.0,-3.1355,-0.003,0.11573,0.0,0.0,-0.1915,0.0,0.0,128.0,543.0
1479110.0,0.0,-3.1355,0.001,0.11573,0.0,0.0,-0.1915,0.0,0.0,128.0,550.0
1479150.0,0.0,-3.1355,0.001,0.11573,0.0,0.0,-0.1915,0.0,0.0,128.0,543.0
1479191.0,0.0,-3.1355,0.0,0.11573,0.0,0.0,-0.1915,0.0,0.0,128.0,543.0
1479231.0,0.0,-3.1355,-0.0,0.11573,0.0,0.0,-0.1915,0.0,0.0,128.0,550.0
1479271.0,0.0,-3.1355,-0.005,0.11573,0.0,0.0,-0.1915,0.0,0.0,128.0,549.0
1479311.0,0.0,-3.1355,-0.004,0.11573,0.0,0.0,-0.1915,0.0,0.0,128.0,550.0
1479352.0,0.0,-3.1355,0.001,0.11573,0.0,0.0,-0.1915,0.0,0.0,128.0,543.0
1479392.0,0.0,-3.1355,-0.001,0.11573,0.0,0.0,-0.1915,0.0,0.0,128.0,550.0
1479432.0,0.0,-3.1355,-0.0,0.11573,0.0,0.0,-0.1915,0.0,0.0,128.0,549.0
1479472.0,0.0,-3.1355,-0.001,0.11573,0.0,0.0,-0.1915,0.0,0.0,128.0,549.0
1479513.0,0.0,-3.1355,-0.0,0.11573,0.0,0.0,-0.1915,0.0,0.0,128.0,549.0
1479553.0,0.0,-3.1355,0.001,0.11573,0.0,0.0,-0.1915,0.0,0.0,128.0,550.0
1479593.0,0.0,-3.1355,0.003,0.11573,0.0,0.0,-0.1915,0.0,0.0,128.0,543.0
1479634.0,0.0,-3.1355,0.002,0.11573,0.0,0.0,-0.1915,0.0,0.0,128.0,549.0
1479674.0,0.0,-3.1355,-0.0,0.11573,0.0,0.0,-0.1915,0.0,0.0,128.0,544.0
1479714.0,0.0,-3.1355,0.0,0.11573,0.0,0.0,-0.1915,0.0,0.0,128.0,555.0
1479754.0,0.0,-3.1355,0.001,0.11573,0.0,0.0,-0.1915,0.0,0.0,128.0,550.0
1479794.0,0.0,-3.1355,-0.003,0.11573,0.0,0.0,-0.1915,0.0,0.0,128.0,557.0
1479835.0,0.0,-3.1355,0.001,0.11573,0.0,0.0,-0.1915,0.0,0.0,128.0,557.0
1479875.0,0.0,-3.1355,0.002,0.11573,0.0,0.0,-0.1915,0.0,0.0,128.0,543.0
1479915.0,0.0,-3.1355,-0.001,0.11573,0.0,0.0,-0.1915,0.0,0.0,128.0,549.0
1479955.0,0.0,-3.1355,0.0,0.11573,0.0,0.0,-0.1915,0.0,0.0,128.0,549.0
1479996.0,0.0,-3.1355,-0.001,0.11573,0.0,0.0,-0.1915,0.0,0.0,128.0,549.0
1480036.0,0.0,-3.1355,-0.0,0.11573,0.0,0.0,-0.1915,0.0,0.0,128.0,550.0
1480076.0,0.0,-3.1355,-0.001,0.11573,0.0,0.0,-0.1915,0.0,0.0,128.0,549.0
1480117.0,0.0,-3.1355,-0.002,0.11573,0.0,0.0,-0.1915,0.0,0.0,128.0,549.0
1480157.0,0.0,-3.137,-0.005,0.11573,0.0,0.0,-0.1915,0.0,0.0,128.0,557.0
1480197.0,0.0,-3.1339,0.007,0.11573,0.0,0.0,-0.1915,0.0,0.0,128.0,551.0
1480238.0,0.0,-3.1355,0.004,0.11573,0.0,0.0,-0.1915,0.0,0.0,128.0,549.0
1480278.0,0.0,-3.1355,-0.001,0.11573,0.0,0.0,-0.1915,0.0,0.0,128.0,544.0
1480318.0,0.0,-3.1355,0.0,0.11573,0.0,0.0,-0.1915,0.0,0.0,128.0,564.0
1480358.0,0.0,-3.1355,0.0,0.11573,0.0,0.0,-0.1915,0.0,0.0,128.0,544.0
1480399.0,0.0,-3.1355,-0.0,0.11573,0.0,0.0,-0.1915,0.0,0.0,128.0,549.0
1480439.0,0.0,-3.1355,0.001,0.11573,0.0,0.0,-0.1915,0.0,0.0,128.0,544.0
1480479.0,0.0,-3.1355,-0.001,0.11573,0.0,0.0,-0.1915,0.0,0.0,128.0,544.0
1480519.0,0.0,-3.1355,-0.004,0.11573,0.0,0.0,-0.1915,0.0,0.0,128.0,571.0
1480559.0,0.0,-3.1355,0.001,0.11573,0.0,0.0,-0.1915,0.0,0.0,128.0,557.0
1480600.0,0.0,-3.1355,-0.0,0.11573,0.0,0.0,-0.1915,0.0,0.0,128.0,549.0
1480640.0,0.0,-3.1355,-0.002,0.11573,0.0,0.0,-0.1915,0.0,0.0,128.0,551.0
1480680.0,0.0,-3.1355,0.003,0.11573,0.0,0.0,-0.1915,0.0,0.0,128.0,564.0
1480720.0,0.0,-3.1355,-0.0,0.11573,0.0,0.0,-0.1915,0.0,0.0,128.0,549.0
1480761.0,0.0,-3.1355,-0.0,0.11573,0.0,0.0,-0.1915,0.0,0.0,128.0,549.0
1480801.0,0.0,-3.1355,0.001,0.11573,0.0,0.0,-0.1915,0.0,0.0,128.0,550.0
1480841.0,0.0,-3.1355,0.002,0.11573,0.0,0.0,-0.1915,0.0,0.0,128.0,549.0
1480882.0,0.0,-3.1355,-0.001,0.11573,0.0,0.0,-0.1915,0.0,0.0,128.0,549.0
1480922.0,0.0,-3.1355,0.002,0.11573,0.0,0.0,-0.1915,0.0,0.0,128.0,544.0
1480962.0,0.0,-3.1355,0.002,0.11573,0.0,0.0,-0.1915,0.0,0.0,128.0,564.0
1481002.0,0.0,-3.1355,0.0,0.11573,0.0,0.0,-0.1915,0.0,0.0,128.0,549.0
1481043.0,0.0,-3.1355,0.003,0.11573,0.0,0.0,-0.1915,0.0,0.0,128.0,544.0
1481083.0,0.0,-3.1355,0.003,0.11573,0.0,0.0,-0.1915,0.0,0.0,128.0,543.0
1481123.0,0.0,-3.1355,-0.001,0.11573,0.0,0.0,-0.1915,0.0,0.0,128.0,551.0
1481163.0,0.0,-3.1355,-0.0,0.11573,0.0,0.0,-0.1915,0.0,0.0,128.0,550.0
1481203.0,0.0,-3.1355,0.001,0.11573,0.0,0.0,-0.1915,0.0,0.0,128.0,543.0
1481243.0,0.0,-3.1355,-0.002,0.11573,0.0,0.0,-0.1915,0.0,0.0,128.0,549.0
1481284.0,0.0,-3.1355,0.001,0.11573,0.0,0.0,-0.1915,0.0,0.0,128.0,549.0
1481324.0,0.0,-3.1355,-0.0,0.11573,0.0,0.0,-0.1915,0.0,0.0,128.0,550.0
1481364.0,0.0,-3.1355,-0.0,0.11573,0.0,0.0,-0.1915,0.0,0.0,128.0,549.0
1481404.0,0.0,-3.1355,-0.0,0.11573,0.0,0.0,-0.1915,0.0,0.0,128.0,543.0
1481445.0,0.0,-3.1355,0.001,0.11573,0.0,0.0,-0.1915,0.0,0.0,128.0,550.0
1481485.0,0.0,-3.1355,-0.004,0.11573,0.0,0.0,-0.1915,0.0,0.0,128.0,612.0
1481526.0,0.0,-3.1355,0.002,0.11573,0.0,0.0,-0.1915,0.0,0.0,128.0,557.0
1481566.0,0.0,-3.1355,-0.001,0.11573,0.0,0.0,-0.1915,0.0,0.0,128.0,557.0
1481606.0,0.0,-3.1355,0.007,0.11573,0.0,0.0,-0.1915,0.0,0.0,128.0,558.0
1481646.0,0.0,-3.1355,-0.001,0.11573,0.0,0.0,-0.1915,0.0,0.0,128.0,549.0
1481686.0,0.0,-3.1355,-0.0,0.11573,0.0,0.0,-0.1915,0.0,0.0,128.0,549.0
1481727.0,0.0,-3.1355,0.0,0.11573,0.0,0.0,-0.1915,0.0,0.0,128.0,544.0
1481767.0,0.0,-3.1355,0.0,0.11573,0.0,0.0,-0.1915,0.0,0.0,128.0,542.0
1481807.0,0.0,-3.1355,0.0,0.11573,0.0,0.0,-0.1915,0.0,0.0,128.0,550.0
1481847.0,0.0,-3.1355,-0.0,0.11573,0.0,0.0,-0.1915,0.0,0.0,128.0,550.0
1481887.0,0.0,-3.1355,-0.001,0.11573,0.0,0.0,-0.1915,0.0,0.0,128.0,549.0
1481927.0,0.0,-3.1355,-0.001,0.11573,0.0,0.0,-0.1915,0.0,0.0,128.0,549.0
1481968.0,0.0,-3.1355,0.005,0.11573,0.0,0.0,-0.1915,0.0,0.0,128.0,549.0
1482008.0,0.0,-3.1355,0.009,0.11573,0.0,0.0,-0.1915,0.0,0.0,128.0,556.0
1482048.0,0.0,-3.1355,-0.003,0.11573,0.0,0.0,-0.1915,0.0,0.0,128.0,550.0
1482088.0,0.0,-3.1355,-0.001,0.11573,0.0,0.0,-0.1915,0.0,0.0,128.0,544.0
1482129.0,0.0,-3.1355,-0.0,0.11573,0.0,0.0,-0.1915,0.0,0.0,128.0,549.0
1482169.0,0.0,-3.1355,0.0,0.11573,0.0,0.0,-0.1915,0.0,0.0,128.0,544.0
1482209.0,0.0,-3.1355,-0.001,0.11573,0.0,0.0,-0.1915,0.0,0.0,128.0,551.0
1482250.0,0.0,-3.1355,-0.0,0.11573,0.0,0.0,-0.1915,0.0,0.0,128.0,550.0
1482290.0,0.0,-3.1355,-0.001,0.11573,0.0,0.0,-0.1915,0.0,0.0,128.0,569.0
1482330.0,0.0,-3.1355,-0.002,0.11573,0.0,0.0,-0.1915,0.0,0.0,128.0,549.0
1482370.0,0.0,-3.1355,0.002,0.11573,0.0,0.0,-0.1915,0.0,0.0,128.0,549.0
1482411.0,0.0,-3.1355,-0.002,0.11573,0.0,0.0,-0.1915,0.0,0.0,128.0,550.0
1482451.0,0.0,-3.1355,-0.001,0.11573,0.0,0.0,-0.1915,0.0,0.0,128.0,550.0
1482491.0,0.0,-3.1355,-0.0,0.11573,0.0,0.0,-0.1915,0.0,0.0,128.0,549.0
1482531.0,0.0,-3.1355,-0.003,0.11573,0.0,0.0,-0.1915,0.0,0.0,128.0,549.0
1482572.0,0.0,-3.1355,0.001,0.11573,0.0,0.0,-0.1915,0.0,0.0,128.0,549.0
1482612.0,0.0,-3.1355,-0.006,0.11573,0.0,0.0,-0.1915,0.0,0.0,128.0,550.0
1482652.0,0.0,-3.1355,0.001,0.11573,0.0,0.0,-0.1915,0.0,0.0,128.0,558.0
1482692.0,0.0,-3.1355,-0.001,0.11573,0.0,0.0,-0.1915,0.0,0.0,128.0,551.0
1482732.0,0.0,-3.1355,0.0,0.11573,0.0,0.0,-0.1915,0.0,0.0,128.0,557.0
1482773.0,0.0,-3.1355,0.0,0.11573,0.0,0.0,-0.1915,0.0,0.0,128.0,558.0
1482813.0,0.0,-3.1355,0.0,0.11573,0.0,0.0,-0.1915,0.0,0.0,128.0,557.0
1482853.0,0.0,-3.1355,-0.001,0.11573,0.0,0.0,-0.1915,0.0,0.0,128.0,549.0
1482893.0,0.0,-3.1355,-0.0,0.11573,0.0,0.0,-0.1915,0.0,0.0,128.0,549.0
1482934.0,0.0,-3.1355,0.002,0.11573,0.0,0.0,-0.1915,0.0,0.0,128.0,549.0
1482974.0,0.0,-3.1355,-0.002,0.11573,0.0,0.0,-0.1915,0.0,0.0,128.0,550.0
1483014.0,0.0,-3.1355,0.0,0.11573,0.0,0.0,-0.1915,0.0,0.0,128.0,543.0
1483055.0,0.0,-3.1355,0.001,0.11573,0.0,0.0,-0.1915,0.0,0.0,128.0,549.0
1483095.0,0.0,-3.1355,0.002,0.11573,0.0,0.0,-0.1915,0.0,0.0,128.0,549.0
1483135.0,0.0,-3.1355,-0.001,0.11573,0.0,0.0,-0.1915,0.0,0.0,128.0,549.0
1483175.0,0.0,-3.1355,-0.0,0.11573,0.0,0.0,-0.1915,0.0,0.0,128.0,550.0
1483215.0,0.0,-3.1355,0.0,0.11573,0.0,0.0,-0.1915,0.0,0.0,128.0,542.0
1483256.0,0.0,-3.1355,-0.002,0.11573,0.0,0.0,-0.1915,0.0,0.0,128.0,543.0
1483296.0,0.0,-3.1355,-0.002,0.11573,0.0,0.0,-0.1915,0.0,0.0,128.0,550.0
1483336.0,0.0,-3.1355,-0.002,0.11573,0.0,0.0,-0.1915,0.0,0.0,128.0,550.0
1483376.0,0.0,-3.1355,-0.002,0.11573,0.0,0.0,-0.1915,0.0,0.0,128.0,549.0
1483417.0,0.0,-3.1355,0.001,0.11573,0.0,0.0,-0.1915,0.0,0.0,128.0,549.0
1483457.0,0.0,-3.1355,0.0,0.11573,0.0,0.0,-0.1915,0.0,0.0,128.0,550.0
1483497.0,0.0,-3.1355,-0.0,0.11573,0.0,0.0,-0.1915,0.0,0.0,128.0,544.0
1483538.0,0.0,-3.1355,-0.0,0.11573,0.0,0.0,-0.1915,0.0,0.0,128.0,549.0
1483578.0,0.0,-3.1355,-0.0,0.11573,0.0,0.0,-0.1915,0.0,0.0,128.0,555.0
1483618.0,0.0,-3.1355,-0.003,0.11573,0.0,0.0,-0.1915,0.0,0.0,128.0,550.0
1483658.0,0.0,-3.1355,0.001,0.11573,0.0,0.0,-0.1915,0.0,0.0,128.0,549.0
1483698.0,0.0,-3.1355,0.0,0.11573,0.0,0.0,-0.1915,0.0,0.0,128.0,543.0
1483738.0,0.0,-3.1355,-0.001,0.11573,0.0,0.0,-0.1915,0.0,0.0,128.0,549.0
1483779.0,0.0,-3.1355,-0.0,0.11573,0.0,0.0,-0.1915,0.0,0.0,128.0,549.0
1483819.0,0.0,-3.1355,-0.0,0.11573,0.0,0.0,-0.1915,0.0,0.0,128.0,549.0
1483859.0,0.0,-3.1355,0.001,0.11573,0.0,0.0,-0.1915,0.0,0.0,128.0,557.0
1483899.0,0.0,-3.1355,0.001,0.11573,0.0,0.0,-0.1915,0.0,0.0,128.0,550.0
1483939.0,0.0,-3.1355,-0.0,0.11573,0.0,0.0,-0.1915,0.0,0.0,128.0,549.0
1483979.0,0.0,-3.1339,0.006,0.11573,0.0,0.0,-0.1915,0.0,0.0,128.0,556.0
1484020.0,0.0,-3.1355,-0.001,0.11573,0.0,0.0,-0.1915,0.0,0.0,128.0,543.0
1484060.0,0.0,-3.1355,-0.0,0.11573,0.0,0.0,-0.1915,0.0,0.0,128.0,550.0
1484100.0,0.0,-3.1355,0.0,0.11573,0.0,0.0,-0.1915,0.0,0.0,128.0,549.0
1484140.0,0.0,-3.1355,0.0,0.11573,0.0,0.0,-0.1915,0.0,0.0,128.0,549.0
1484181.0,0.0,-3.1355,0.001,0.11573,0.0,0.0,-0.1915,0.0,0.0,128.0,549.0
1484221.0,0.0,-3.1355,-0.0,0.11573,0.0,0.0,-0.1915,0.0,0.0,128.0,549.0
1484261.0,0.0,-3.1355,0.004,0.11573,0.0,0.0,-0.1915,0.0,0.0,128.0,550.0
1484301.0,0.0,-3.1355,-0.001,0.11573,0.0,0.0,-0.1915,0.0,0.0,128.0,543.0
1484342.0,0.0,-3.1355,-0.0,0.11573,0.0,0.0,-0.1915,0.0,0.0,128.0,543.0
1484382.0,0.0,-3.1355,0.005,0.11573,0.0,0.0,-0.1915,0.0,0.0,128.0,550.0
1484422.0,0.0,-3.1355,0.004,0.11573,0.0,0.0,-0.1915,0.0,0.0,128.0,550.0
1484462.0,0.0,-3.1355,-0.001,0.11573,0.0,0.0,-0.1915,0.0,0.0,128.0,543.0
1484503.0,0.0,-3.1355,-0.005,0.11573,0.0,0.0,-0.1915,0.0,0.0,128.0,544.0
1484543.0,0.0,-3.1355,0.001,0.11573,0.0,0.0,-0.1915,0.0,0.0,128.0,543.0
1484583.0,0.0,-3.1355,-0.001,0.11573,0.0,0.0,-0.1915,0.0,0.0,128.0,549.0
1484623.0,0.0,-3.1355,0.0,0.11573,0.0,0.0,-0.1915,0.0,0.0,128.0,543.0
1484663.0,0.0,-3.1355,-0.001,0.11573,0.0,0.0,-0.1915,0.0,0.0,128.0,550.0
1484703.0,0.0,-3.1355,0.0,0.11573,0.0,0.0,-0.1915,0.0,0.0,128.0,549.0
1484744.0,0.0,-3.1355,0.0,0.11573,0.0,0.0,-0.1915,0.0,0.0,128.0,550.0
1484784.0,0.0,-3.1355,-0.0,0.11573,0.0,0.0,-0.1915,0.0,0.0,128.0,550.0
1484824.0,0.0,-3.1355,-0.001,0.11573,0.0,0.0,-0.1915,0.0,0.0,128.0,542.0
1484864.0,0.0,-3.1355,0.001,0.11573,0.0,0.0,-0.1915,0.0,0.0,128.0,549.0
1484905.0,0.0,-3.1355,-0.0,0.11573,0.0,0.0,-0.1915,0.0,0.0,128.0,550.0
1484945.0,0.0,-3.1339,0.002,0.11573,0.0,0.0,-0.1915,0.0,0.0,128.0,552.0
1484985.0,0.0,-3.1355,0.001,0.11573,0.0,0.0,-0.1915,0.0,0.0,128.0,564.0
1485025.0,0.0,-3.1355,-0.001,0.11573,0.0,0.0,-0.1915,0.0,0.0,128.0,550.0
1485066.0,0.0,-3.1355,-0.001,0.11573,0.0,0.0,-0.1915,0.0,0.0,128.0,549.0
1485106.0,0.0,-3.1355,0.0,0.11573,0.0,0.0,-0.1915,0.0,0.0,128.0,550.0
1485146.0,0.0,-3.1355,-0.001,0.11573,0.0,0.0,-0.1915,0.0,0.0,128.0,549.0
1485187.0,0.0,-3.1355,0.001,0.11573,0.0,0.0,-0.1915,0.0,0.0,128.0,543.0
1485227.0,0.0,-3.1355,0.0,0.11573,0.0,0.0,-0.1915,0.0,0.0,128.0,543.0
1485267.0,0.0,-3.1355,-0.0,0.11573,0.0,0.0,-0.1915,0.0,0.0,128.0,550.0
1485307.0,0.0,-3.1355,0.002,0.11573,0.0,0.0,-0.1915,0.0,0.0,128.0,550.0
1485347.0,0.0,-3.1355,-0.001,0.11573,0.0,0.0,-0.1915,0.0,0.0,128.0,549.0
1485387.0,0.0,-3.1355,0.001,0.11573,0.0,0.0,-0.1915,0.0,0.0,128.0,549.0
1485428.0,0.0,-3.1355,-0.002,0.11573,0.0,0.0,-0.1915,0.0,0.0,128.0,544.0
1485468.0,0.0,-3.1355,-0.0,0.11573,0.0,0.0,-0.1915,0.0,0.0,128.0,549.0
1485508.0,0.0,-3.1355,0.001,0.11573,0.0,0.0,-0.1915,0.0,0.0,128.0,544.0
1485548.0,0.0,-3.1355,0.0,0.11573,0.0,0.0,-0.1915,0.0,0.0,128.0,564.0
1485588.0,0.0,-3.1355,0.002,0.11573,0.0,0.0,-0.1915,0.0,0.0,128.0,549.0
1485628.0,0.0,-3.1355,-0.001,0.11573,0.0,0.0,-0.1915,0.0,0.0,128.0,557.0
1485669.0,0.0,-3.1355,-0.0,0.11573,0.0,0.0,-0.1915,0.0,0.0,128.0,544.0
1485709.0,0.0,-3.1355,-0.0,0.11573,0.0,0.0,-0.1915,0.0,0.0,128.0,549.0
1485749.0,0.0,-3.1355,0.0,0.11573,0.0,0.0,-0.1915,0.0,0.0,128.0,550.0
1485789.0,0.0,-3.1355,-0.0,0.11573,0.0,0.0,-0.1915,0.0,0.0,128.0,549.0
1485829.0,0.0,-3.1355,-0.0,0.11573,0.0,0.0,-0.1915,0.0,0.0,128.0,549.0
1485870.0,0.0,-3.1355,-0.003,0.11573,0.0,0.0,-0.1915,0.0,0.0,128.0,543.0
1485910.0,0.0,-3.1355,0.002,0.11573,0.0,0.0,-0.1915,0.0,0.0,128.0,550.0
1485950.0,0.0,-3.1355,-0.005,0.11573,0.0,0.0,-0.1915,0.0,0.0,128.0,543.0
1485990.0,0.0,-3.1355,-0.001,0.11573,0.0,0.0,-0.1915,0.0,0.0,128.0,549.0
1486031.0,0.0,-3.1355,-0.0,0.11573,0.0,0.0,-0.1915,0.0,0.0,128.0,549.0
1486071.0,0.0,-3.1355,-0.0,0.11573,0.0,0.0,-0.1915,0.0,0.0,128.0,558.0
1486111.0,0.0,-3.1355,0.001,0.11573,0.0,0.0,-0.1915,0.0,0.0,128.0,551.0
1486151.0,0.0,-3.1355,-0.002,0.11573,0.0,0.0,-0.1915,0.0,0.0,128.0,558.0
1486191.0,0.0,-3.1355,0.0,0.11573,0.0,0.0,-0.1915,0.0,0.0,128.0,551.0
1486232.0,0.0,-3.1355,-0.001,0.11573,0.0,0.0,-0.1915,0.0,0.0,128.0,557.0
1486272.0,0.0,-3.1355,0.0,0.11573,0.0,0.0,-0.1915,0.0,0.0,128.0,543.0
1486312.0,0.0,-3.1355,0.002,0.11573,0.0,0.0,-0.1915,0.0,0.0,128.0,550.0
1486353.0,0.0,-3.1355,0.001,0.11573,0.0,0.0,-0.1915,0.0,0.0,128.0,549.0
1486393.0,0.0,-3.1355,0.0,0.11573,0.0,0.0,-0.1915,0.0,0.0,128.0,549.0
1486433.0,0.0,-3.1355,-0.0,0.11573,0.0,0.0,-0.1915,0.0,0.0,128.0,544.0
1486473.0,0.0,-3.137,-0.006,0.11573,0.0,0.0,-0.1915,0.0,0.0,128.0,559.0
1486514.0,0.0,-3.1355,0.001,0.11573,0.0,0.0,-0.1915,0.0,0.0,128.0,558.0
1486554.0,0.0,-3.1355,0.0,0.11573,0.0,0.0,-0.1915,0.0,0.0,128.0,543.0
1486594.0,0.0,-3.1355,0.0,0.11573,0.0,0.0,-0.1915,0.0,0.0,128.0,543.0
1486634.0,0.0,-3.1355,0.0,0.11573,0.0,0.0,-0.1915,0.0,0.0,128.0,549.0
1486675.0,0.0,-3.1355,-0.002,0.11573,0.0,0.0,-0.1915,0.0,0.0,128.0,543.0
1486715.0,0.0,-3.1355,-0.0,0.11573,0.0,0.0,-0.1915,0.0,0.0,128.0,549.0
1486755.0,0.0,-3.1355,-0.0,0.11573,0.0,0.0,-0.1915,0.0,0.0,128.0,549.0
1486795.0,0.0,-3.1355,0.001,0.11573,0.0,0.0,-0.1915,0.0,0.0,128.0,551.0
1486835.0,0.0,-3.1355,0.002,0.11573,0.0,0.0,-0.1915,0.0,0.0,128.0,557.0
1486876.0,0.0,-3.1355,0.0,0.11573,0.0,0.0,-0.1915,0.0,0.0,128.0,557.0
1486916.0,0.0,-3.1355,0.0,0.11573,0.0,0.0,-0.1915,0.0,0.0,128.0,543.0
1486956.0,0.0,-3.1355,-0.0,0.11573,0.0,0.0,-0.1915,0.0,0.0,128.0,549.0
1486996.0,0.0,-3.1355,-0.0,0.11573,0.0,0.0,-0.1915,0.0,0.0,128.0,549.0
1487036.0,0.0,-3.1355,0.002,0.11573,0.0,0.0,-0.1915,0.0,0.0,128.0,551.0
1487077.0,0.0,-3.1355,-0.001,0.11573,0.0,0.0,-0.1915,0.0,0.0,128.0,543.0
1487117.0,0.0,-3.1355,-0.0,0.11573,0.0,0.0,-0.1915,0.0,0.0,128.0,549.0
1487157.0,0.0,-3.1355,-0.001,0.11573,0.0,0.0,-0.1915,0.0,0.0,128.0,543.0
1487197.0,0.0,-3.1355,0.001,0.11573,0.0,0.0,-0.1915,0.0,0.0,128.0,549.0
1487237.0,0.0,-3.1355,-0.001,0.11573,0.0,0.0,-0.1915,0.0,0.0,128.0,550.0
1487277.0,0.0,-3.1355,-0.001,0.11573,0.0,0.0,-0.1915,0.0,0.0,128.0,549.0
1487318.0,0.0,-3.1355,0.0,0.11573,0.0,0.0,-0.1915,0.0,0.0,128.0,550.0
1487358.0,0.0,-3.1355,0.001,0.11573,0.0,0.0,-0.1915,0.0,0.0,128.0,550.0
1487398.0,0.0,-3.1355,0.0,0.11573,0.0,0.0,-0.1915,0.0,0.0,128.0,550.0
1487438.0,0.0,-3.1355,0.0,0.11573,0.0,0.0,-0.1915,0.0,0.0,128.0,543.0
1487478.0,0.0,-3.1355,-0.002,0.11573,0.0,0.0,-0.1915,0.0,0.0,128.0,549.0
1487519.0,0.0,-3.1355,-0.001,0.11573,0.0,0.0,-0.1915,0.0,0.0,128.0,549.0
1487559.0,0.0,-3.1355,-0.0,0.11573,0.0,0.0,-0.1915,0.0,0.0,128.0,550.0
1487599.0,0.0,-3.1355,0.0,0.11573,0.0,0.0,-0.1915,0.0,0.0,128.0,549.0
1487639.0,0.0,-3.1355,0.0,0.11573,0.0,0.0,-0.1915,0.0,0.0,128.0,549.0
1487679.0,0.0,-3.1355,0.0,0.11573,0.0,0.0,-0.1915,0.0,0.0,128.0,564.0
1487719.0,0.0,-3.1355,0.0,0.11573,0.0,0.0,-0.1915,0.0,0.0,128.0,543.0
1487760.0,0.0,-3.1355,-0.003,0.11573,0.0,0.0,-0.1915,0.0,0.0,128.0,549.0
1487800.0,0.0,-3.1355,0.002,0.11573,0.0,0.0,-0.1915,0.0,0.0,128.0,550.0
1487840.0,0.0,-3.1355,0.001,0.11573,0.0,0.0,-0.1915,0.0,0.0,128.0,544.0
1487881.0,0.0,-3.1355,0.002,0.11573,0.0,0.0,-0.1915,0.0,0.0,128.0,549.0
1487921.0,0.0,-3.1355,-0.001,0.11573,0.0,0.0,-0.1915,0.0,0.0,128.0,549.0
1487961.0,0.0,-3.1355,-0.0,0.11573,0.0,0.0,-0.1915,0.0,0.0,128.0,557.0
1488001.0,0.0,-3.1355,-0.0,0.11573,0.0,0.0,-0.1915,0.0,0.0,128.0,544.0
1488041.0,0.0,-3.1355,-0.001,0.11573,0.0,0.0,-0.1915,0.0,0.0,128.0,564.0
1488081.0,0.0,-3.1355,-0.001,0.11573,0.0,0.0,-0.1915,0.0,0.0,128.0,549.0
1488122.0,0.0,-3.1355,0.004,0.11573,0.0,0.0,-0.1915,0.0,0.0,128.0,542.0
1488162.0,0.0,-3.1355,0.0,0.11573,0.0,0.0,-0.1915,0.0,0.0,128.0,549.0
1488202.0,0.0,-3.1355,-0.002,0.11573,0.0,0.0,-0.1915,0.0,0.0,128.0,544.0
1488242.0,0.0,-3.1355,0.001,0.11573,0.0,0.0,-0.1915,0.0,0.0,128.0,564.0
1488282.0,0.0,-3.1355,0.001,0.11573,0.0,0.0,-0.1915,0.0,0.0,128.0,549.0
1488323.0,0.0,-3.1355,-0.002,0.11573,0.0,0.0,-0.1915,0.0,0.0,128.0,549.0
1488363.0,0.0,-3.1355,-0.0,0.11573,0.0,0.0,-0.1915,0.0,0.0,128.0,544.0
1488403.0,0.0,-3.1355,-0.001,0.11573,0.0,0.0,-0.1915,0.0,0.0,128.0,557.0
1488444.0,0.0,-3.1355,0.001,0.11573,0.0,0.0,-0.1915,0.0,0.0,128.0,557.0
1488484.0,0.0,-3.1355,0.0,0.11573,0.0,0.0,-0.1915,0.0,0.0,128.0,549.0
1488524.0,0.0,-3.1355,0.0,0.11573,0.0,0.0,-0.1915,0.0,0.0,128.0,549.0
1488564.0,0.0,-3.1355,-0.006,0.11573,0.0,0.0,-0.1915,0.0,0.0,128.0,557.0
1488605.0,0.0,-3.1355,0.002,0.11573,0.0,0.0,-0.1915,0.0,0.0,128.0,549.0
1488645.0,0.0,-3.1355,0.008,0.11573,0.0,0.0,-0.1915,0.0,0.0,128.0,556.0
1488685.0,0.0,-3.1355,-0.002,0.11573,0.0,0.0,-0.1915,0.0,0.0,128.0,550.0
1488725.0,0.0,-3.1355,-0.001,0.11573,0.0,0.0,-0.1915,0.0,0.0,128.0,543.0
1488766.0,0.0,-3.1355,-0.0,0.11573,0.0,0.0,-0.1915,0.0,0.0,128.0,549.0
1488806.0,0.0,-3.1355,0.0,0.11573,0.0,0.0,-0.1915,0.0,0.0,128.0,558.0
1488846.0,0.0,-3.1355,0.0,0.11573,0.0,0.0,-0.1915,0.0,0.0,128.0,550.0
1488886.0,0.0,-3.1355,-0.0,0.11573,0.0,0.0,-0.1915,0.0,0.0,128.0,543.0
1488926.0,0.0,-3.1355,-0.005,0.11573,0.0,0.0,-0.1915,0.0,0.0,128.0,549.0
1488967.0,0.0,-3.1355,0.001,0.11573,0.0,0.0,-0.1915,0.0,0.0,128.0,549.0
1489007.0,0.0,-3.1355,0.0,0.11573,0.0,0.0,-0.1915,0.0,0.0,128.0,549.0
1489047.0,0.0,-3.1339,0.006,0.11573,0.0,0.0,-0.1915,0.0,0.0,128.0,556.0
1489087.0,0.0,-3.1355,-0.001,0.11573,0.0,0.0,-0.1915,0.0,0.0,128.0,550.0
1489127.0,0.0,-3.1355,0.003,0.11573,0.0,0.0,-0.1915,0.0,0.0,128.0,542.0
1489167.0,0.0,-3.1355,0.0,0.11573,0.0,0.0,-0.1915,0.0,0.0,128.0,549.0
1489208.0,0.0,-3.1355,0.006,0.11573,0.0,0.0,-0.1915,0.0,0.0,128.0,549.0
1489248.0,0.0,-3.1355,-0.001,0.11573,0.0,0.0,-0.1915,0.0,0.0,128.0,550.0
1489288.0,0.0,-3.1355,0.005,0.11573,0.0,0.0,-0.1915,0.0,0.0,128.0,543.0
1489328.0,0.0,-3.1355,-0.001,0.11573,0.0,0.0,-0.1915,0.0,0.0,128.0,549.0
1489369.0,0.0,-3.1355,-0.001,0.11573,0.0,0.0,-0.1915,0.0,0.0,128.0,549.0
1489409.0,0.0,-3.1355,-0.005,0.11573,0.0,0.0,-0.1915,0.0,0.0,128.0,550.0
1489449.0,0.0,-3.1355,0.002,0.11573,0.0,0.0,-0.1915,0.0,0.0,128.0,550.0
1489489.0,0.0,-3.1339,0.006,0.11573,0.0,0.0,-0.1915,0.0,0.0,128.0,550.0
1489530.0,0.0,-3.1355,-0.001,0.11573,0.0,0.0,-0.1915,0.0,0.0,128.0,549.0
1489570.0,0.0,-3.1355,-0.0,0.11573,0.0,0.0,-0.1915,0.0,0.0,128.0,549.0
1489610.0,0.0,-3.1355,-0.0,0.11573,0.0,0.0,-0.1915,0.0,0.0,128.0,550.0
1489650.0,0.0,-3.1355,0.001,0.11573,0.0,0.0,-0.1915,0.0,0.0,128.0,550.0
1489691.0,0.0,-3.1355,-0.001,0.11573,0.0,0.0,-0.1915,0.0,0.0,128.0,549.0
1489731.0,0.0,-3.1355,-0.005,0.11573,0.0,0.0,-0.1915,0.0,0.0,128.0,544.0
1489771.0,0.0,-3.1355,0.001,0.11573,0.0,0.0,-0.1915,0.0,0.0,128.0,564.0
1489811.0,0.0,-3.1355,0.0,0.11573,0.0,0.0,-0.1915,0.0,0.0,128.0,550.0
1489852.0,0.0,-3.1355,-0.0,0.11573,0.0,0.0,-0.1915,0.0,0.0,128.0,549.0
1489892.0,0.0,-3.1339,0.008,0.11573,0.0,0.0,-0.1915,0.0,0.0,128.0,558.0
1489932.0,0.0,-3.1355,0.002,0.11573,0.0,0.0,-0.1915,0.0,0.0,128.0,544.0
1489972.0,0.0,-3.1355,-0.002,0.11573,0.0,0.0,-0.1915,0.0,0.0,128.0,550.0
1490012.0,0.0,-3.1355,-0.0,0.11573,0.0,0.0,-0.1915,0.0,0.0,128.0,557.0
1490053.0,0.0,-3.1355,-0.0,0.11573,0.0,0.0,-0.1915,0.0,0.0,128.0,557.0
1490093.0,0.0,-3.1355,-0.001,0.11573,0.0,0.0,-0.1915,0.0,0.0,128.0,549.0
1490133.0,0.0,-3.1355,0.001,0.11573,0.0,0.0,-0.1915,0.0,0.0,128.0,549.0
1490174.0,0.0,-3.1355,0.0,0.11573,0.0,0.0,-0.1915,0.0,0.0,128.0,549.0
1490214.0,0.0,-3.1355,0.001,0.11573,0.0,0.0,-0.1915,0.0,0.0,128.0,550.0
1490254.0,0.0,-3.1355,0.001,0.11573,0.0,0.0,-0.1915,0.0,0.0,128.0,550.0
1490294.0,0.0,-3.1355,0.0,0.11573,0.0,0.0,-0.1915,0.0,0.0,128.0,549.0
1490335.0,0.0,-3.1355,-0.001,0.11573,0.0,0.0,-0.1915,0.0,0.0,128.0,549.0
1490375.0,0.0,-3.1355,-0.0,0.11573,0.0,0.0,-0.1915,0.0,0.0,128.0,550.0
1490415.0,0.0,-3.1355,0.0,0.11573,0.0,0.0,-0.1915,0.0,0.0,128.0,542.0
1490455.0,0.0,-3.1355,0.001,0.11573,0.0,0.0,-0.1915,0.0,0.0,128.0,549.0
1490496.0,0.0,-3.1355,0.0,0.11573,0.0,0.0,-0.1915,0.0,0.0,128.0,549.0
1490536.0,0.0,-3.1355,-0.0,0.11573,0.0,0.0,-0.1915,0.0,0.0,128.0,550.0
1490576.0,0.0,-3.1355,-0.0,0.11573,0.0,0.0,-0.1915,0.0,0.0,128.0,542.0
1490616.0,0.0,-3.1355,-0.0,0.11573,0.0,0.0,-0.1915,0.0,0.0,128.0,555.0
1490657.0,0.0,-3.1355,0.001,0.11573,0.0,0.0,-0.1915,0.0,0.0,128.0,544.0
1490697.0,0.0,-3.1355,-0.0,0.11573,0.0,0.0,-0.1915,0.0,0.0,128.0,542.0
1490737.0,0.0,-3.1355,-0.001,0.11573,0.0,0.0,-0.1915,0.0,0.0,128.0,549.0
1490777.0,0.0,-3.1355,-0.001,0.11573,0.0,0.0,-0.1915,0.0,0.0,128.0,549.0
1490817.0,0.0,-3.1355,-0.001,0.11573,0.0,0.0,-0.1915,0.0,0.0,128.0,550.0
1490857.0,0.0,-3.1355,-0.0,0.11573,0.0,0.0,-0.1915,0.0,0.0,128.0,549.0
1490897.0,0.0,-3.1355,0.0,0.11573,0.0,0.0,-0.1915,0.0,0.0,128.0,549.0
1490938.0,0.0,-3.1355,-0.001,0.11573,0.0,0.0,-0.1915,0.0,0.0,128.0,549.0
1490978.0,0.0,-3.1355,-0.001,0.11573,0.0,0.0,-0.1915,0.0,0.0,128.0,549.0
1491018.0,0.0,-3.1355,-0.002,0.11573,0.0,0.0,-0.1915,0.0,0.0,128.0,551.0
1491058.0,0.0,-3.1355,0.001,0.11573,0.0,0.0,-0.1915,0.0,0.0,128.0,557.0
1491099.0,0.0,-3.1355,0.004,0.11573,0.0,0.0,-0.1915,0.0,0.0,128.0,558.0
1491139.0,0.0,-3.1355,0.003,0.11573,0.0,0.0,-0.1915,0.0,0.0,128.0,543.0
1491179.0,0.0,-3.1355,-0.001,0.11573,0.0,0.0,-0.1915,0.0,0.0,128.0,549.0
1491219.0,0.0,-3.1355,-0.006,0.11573,0.0,0.0,-0.1915,0.0,0.0,128.0,557.0
1491260.0,0.0,-3.1355,0.001,0.11573,0.0,0.0,-0.1915,0.0,0.0,128.0,549.0
1491300.0,0.0,-3.1355,0.001,0.11573,0.0,0.0,-0.1915,0.0,0.0,128.0,550.0
1491340.0,0.0,-3.1355,0.001,0.11573,0.0,0.0,-0.1915,0.0,0.0,128.0,550.0
1491380.0,0.0,-3.1355,-0.001,0.11573,0.0,0.0,-0.1915,0.0,0.0,128.0,543.0
1491420.0,0.0,-3.1355,-0.001,0.11573,0.0,0.0,-0.1915,0.0,0.0,128.0,549.0
1491461.0,0.0,-3.1355,0.001,0.11573,0.0,0.0,-0.1915,0.0,0.0,128.0,543.0
1491501.0,0.0,-3.1355,0.0,0.11573,0.0,0.0,-0.1915,0.0,0.0,128.0,550.0
1491541.0,0.0,-3.1355,-0.0,0.11573,0.0,0.0,-0.1915,0.0,0.0,128.0,542.0
1491581.0,0.0,-3.1355,0.001,0.11573,0.0,0.0,-0.1915,0.0,0.0,128.0,549.0
1491622.0,0.0,-3.1355,-0.001,0.11573,0.0,0.0,-0.1915,0.0,0.0,128.0,549.0
1491662.0,0.0,-3.1355,0.001,0.11573,0.0,0.0,-0.1915,0.0,0.0,128.0,550.0
1491702.0,0.0,-3.1355,0.002,0.11573,0.0,0.0,-0.1915,0.0,0.0,128.0,549.0
1491742.0,0.0,-3.1355,-0.001,0.11573,0.0,0.0,-0.1915,0.0,0.0,128.0,549.0
1491782.0,0.0,-3.1355,0.001,0.11573,0.0,0.0,-0.1915,0.0,0.0,128.0,549.0
1491823.0,0.0,-3.1355,0.002,0.11573,0.0,0.0,-0.1915,0.0,0.0,128.0,550.0
1491863.0,0.0,-3.1355,-0.001,0.11573,0.0,0.0,-0.1915,0.0,0.0,128.0,550.0
1491903.0,0.0,-3.1355,0.0,0.11573,0.0,0.0,-0.1915,0.0,0.0,128.0,551.0
1491944.0,0.0,-3.1355,-0.0,0.11573,0.0,0.0,-0.1915,0.0,0.0,128.0,549.0
1491984.0,0.0,-3.1355,-0.006,0.11573,0.0,0.0,-0.1915,0.0,0.0,128.0,557.0
1492024.0,0.0,-3.1355,0.001,0.11573,0.0,0.0,-0.1915,0.0,0.0,128.0,542.0
1492064.0,0.0,-3.1355,0.001,0.11573,0.0,0.0,-0.1915,0.0,0.0,128.0,550.0
1492105.0,0.0,-3.1355,-0.002,0.11573,0.0,0.0,-0.1915,0.0,0.0,128.0,549.0
1492145.0,0.0,-3.1355,0.0,0.11573,0.0,0.0,-0.1915,0.0,0.0,128.0,550.0
1492185.0,0.0,-3.1355,0.0,0.11573,0.0,0.0,-0.1915,0.0,0.0,128.0,549.0
1492226.0,0.0,-3.1355,-0.0,0.11573,0.0,0.0,-0.1915,0.0,0.0,128.0,549.0
1492266.0,0.0,-3.1355,-0.0,0.11573,0.0,0.0,-0.1915,0.0,0.0,128.0,548.0
1492306.0,0.0,-3.1355,-0.001,0.11573,0.0,0.0,-0.1915,0.0,0.0,128.0,551.0
1492346.0,0.0,-3.1355,-0.001,0.11573,0.0,0.0,-0.1915,0.0,0.0,128.0,550.0
1492386.0,0.0,-3.1355,0.001,0.11573,0.0,0.0,-0.1915,0.0,0.0,128.0,549.0
1492426.0,0.0,-3.1355,-0.0,0.11573,0.0,0.0,-0.1915,0.0,0.0,128.0,549.0
1492467.0,0.0,-3.1355,-0.0,0.11573,0.0,0.0,-0.1915,0.0,0.0,128.0,549.0
1492507.0,0.0,-3.1355,0.0,0.11573,0.0,0.0,-0.1915,0.0,0.0,128.0,550.0
1492547.0,0.0,-3.1339,0.005,0.11573,0.0,0.0,-0.1915,0.0,0.0,128.0,556.0
1492588.0,0.0,-3.1355,-0.001,0.11573,0.0,0.0,-0.1915,0.0,0.0,128.0,543.0
1492628.0,0.0,-3.1355,0.0,0.11573,0.0,0.0,-0.1915,0.0,0.0,128.0,550.0
1492668.0,0.0,-3.1355,0.0,0.11573,0.0,0.0,-0.1915,0.0,0.0,128.0,549.0
1492709.0,0.0,-3.1355,0.001,0.11573,0.0,0.0,-0.1915,0.0,0.0,128.0,549.0
1492749.0,0.0,-3.1355,0.005,0.11573,0.0,0.0,-0.1915,0.0,0.0,128.0,549.0
1492789.0,0.0,-3.1355,-0.001,0.11573,0.0,0.0,-0.1915,0.0,0.0,128.0,544.0
1492829.0,0.0,-3.1355,-0.001,0.11573,0.0,0.0,-0.1915,0.0,0.0,128.0,551.0
1492869.0,0.0,-3.1355,0.001,0.11573,0.0,0.0,-0.1915,0.0,0.0,128.0,564.0
1492909.0,0.0,-3.1355,-0.001,0.11573,0.0,0.0,-0.1915,0.0,0.0,128.0,549.0
1492950.0,0.0,-3.1355,-0.001,0.11573,0.0,0.0,-0.1915,0.0,0.0,128.0,549.0
1492990.0,0.0,-3.1339,0.005,0.11573,0.0,0.0,-0.1915,0.0,0.0,128.0,556.0
1493030.0,0.0,-3.1355,-0.0,0.11573,0.0,0.0,-0.1915,0.0,0.0,128.0,550.0
1493070.0,0.0,-3.1355,0.001,0.11573,0.0,0.0,-0.1915,0.0,0.0,128.0,544.0
1493111.0,0.0,-3.1355,-0.0,0.11573,0.0,0.0,-0.1915,0.0,0.0,128.0,549.0
1493151.0,0.0,-3.1355,-0.0,0.11573,0.0,0.0,-0.1915,0.0,0.0,128.0,544.0
1493191.0,0.0,-3.1355,-0.0,0.11573,0.0,0.0,-0.1915,0.0,0.0,128.0,550.0
1493231.0,0.0,-3.1355,0.003,0.11573,0.0,0.0,-0.1915,0.0,0.0,128.0,557.0
1493272.0,0.0,-3.1355,-0.001,0.11573,0.0,0.0,-0.1915,0.0,0.0,128.0,550.0
1493312.0,0.0,-3.1355,-0.0,0.11573,0.0,0.0,-0.1915,0.0,0.0,128.0,544.0
1493352.0,0.0,-3.1355,0.0,0.11573,0.0,0.0,-0.1915,0.0,0.0,128.0,564.0
1493392.0,0.0,-3.1355,-0.0,0.11573,0.0,0.0,-0.1915,0.0,0.0,128.0,543.0
1493433.0,0.0,-3.1355,0.0,0.11573,0.0,0.0,-0.1915,0.0,0.0,128.0,544.0
1493473.0,0.0,-3.1355,-0.002,0.11573,0.0,0.0,-0.1915,0.0,0.0,128.0,549.0
1493513.0,0.0,-3.1355,0.002,0.11573,0.0,0.0,-0.1915,0.0,0.0,128.0,549.0
1493553.0,0.0,-3.1355,0.001,0.11573,0.0,0.0,-0.1915,0.0,0.0,128.0,551.0
1493593.0,0.0,-3.1355,-0.001,0.11573,0.0,0.0,-0.1915,0.0,0.0,128.0,543.0
1493633.0,0.0,-3.1355,-0.0,0.11573,0.0,0.0,-0.1915,0.0,0.0,128.0,551.0
1493674.0,0.0,-3.1355,-0.006,0.11573,0.0,0.0,-0.1915,0.0,0.0,128.0,558.0
1493714.0,0.0,-3.1355,-0.0,0.11573,0.0,0.0,-0.1915,0.0,0.0,128.0,557.0
1493754.0,0.0,-3.1355,-0.0,0.11573,0.0,0.0,-0.1915,0.0,0.0,128.0,543.0
1493794.0,0.0,-3.1355,0.0,0.11573,0.0,0.0,-0.1915,0.0,0.0,128.0,542.0
1493834.0,0.0,-3.1355,-0.001,0.11573,0.0,0.0,-0.1915,0.0,0.0,128.0,549.0
1493875.0,0.0,-3.1355,-0.001,0.11573,0.0,0.0,-0.1915,0.0,0.0,128.0,549.0
1493915.0,0.0,-3.1355,-0.002,0.11573,0.0,0.0,-0.1915,0.0,0.0,128.0,550.0
1493955.0,0.0,-3.1355,0.03,0.11573,0.0,0.0,-0.1915,0.0,0.0,128.0,556.0
1493996.0,0.0,-3.1186,0.368,0.11573,0.0,0.0,-0.1915,0.0,0.0,128.0,549.0
1494036.0,0.0,-3.1278,-0.07,0.11573,0.0,0.0,-0.1915,0.0,0.0,128.0,557.0
1494076.0,0.0,3.1048,-0.834,0.11573,0.0,0.0,-0.1915,0.0,0.0,128.0,557.0
1494116.0,0.0,2.9483,-3.228,0.11573,0.0,0.0,-0.1915,0.0,0.0,128.0,565.0
1494157.0,0.0,2.9759,-0.315,0.11573,0.0,0.0,-0.1915,0.0,0.0,128.0,564.0
1494197.0,0.0,2.8747,-1.636,0.11573,0.0,0.0,-0.1915,0.0,0.0,128.0,550.0
1494237.0,0.0,2.8762,-0.147,0.11573,0.0,0.0,-0.1915,0.0,0.0,128.0,556.0
1494277.0,0.0,2.6523,-4.124,0.11573,0.0,0.0,-0.1915,0.0,0.0,128.0,557.0
1494318.0,0.0,2.7382,0.953,0.11573,0.0,0.0,-0.1915,0.0,0.0,128.0,556.0
1494358.0,0.0,2.7826,1.256,0.11573,0.0,0.0,-0.1915,0.0,0.0,128.0,557.0
1494398.0,0.0,2.9821,4.162,0.11573,0.0,0.0,-0.1915,0.0,0.0,128.0,552.0
1494438.0,0.0,-3.025,6.686,0.11573,0.0,0.0,-0.1915,0.0,0.0,128.0,551.0
1494478.0,0.0,-2.7504,6.06,0.11573,0.0,0.0,-0.1915,0.0,0.0,128.0,564.0
1494519.0,0.0,-2.6523,3.155,0.11573,0.0,0.0,-0.1915,0.0,0.0,128.0,564.0
1494559.0,0.0,-2.5157,3.14,0.11573,0.0,0.0,-0.1915,0.0,0.0,128.0,564.0
1494599.0,0.0,-2.3163,3.873,0.11573,0.0,0.0,-0.1915,0.0,0.0,128.0,577.0
1494639.0,0.0,-2.3224,-0.105,0.11573,0.0,0.0,-0.1915,0.0,0.0,128.0,549.0
1494679.0,0.0,-2.5219,-4.009,0.11573,0.0,0.0,-0.1915,0.0,0.0,128.0,557.0
1494720.0,0.0,-2.5295,-1.181,0.11573,0.0,0.0,-0.1915,0.0,0.0,128.0,556.0
1494760.0,0.0,-2.9299,-7.957,0.11573,0.0,0.0,-0.1915,0.0,0.0,128.0,557.0
1494800.0,0.0,3.091,-7.467,0.11573,0.0,0.0,-0.1915,0.0,0.0,128.0,557.0
1494840.0,0.0,2.8747,-5.409,0.11573,0.0,0.0,-0.1915,0.0,0.0,128.0,557.0
1494880.0,0.0,2.8348,-1.9,0.11573,0.0,0.0,-0.1915,0.0,0.0,128.0,556.0
1494920.0,0.0,2.5418,-6.227,0.11573,0.0,0.0,-0.1915,0.0,0.0,128.0,556.0
1494961.0,0.0,2.5756,-0.77,0.11573,0.0,0.0,-0.1915,0.0,0.0,128.0,556.0
1495001.0,0.0,2.5648,-0.179,0.11573,0.0,0.0,-0.1915,0.0,0.0,128.0,552.0
1495041.0,0.0,2.6246,1.229,0.11573,0.0,0.0,-0.1915,0.0,0.0,128.0,565.0
1495082.0,0.0,2.7566,2.943,0.11573,0.0,0.0,-0.1915,0.0,0.0,128.0,564.0
1495122.0,0.0,2.9284,4.03,0.11573,0.0,0.0,-0.1915,0.0,0.0,128.0,563.0
1495162.0,0.0,3.1232,4.548,0.11573,0.0,0.0,-0.1915,0.0,0.0,128.0,556.0
1495202.0,0.0,-2.8425,7.247,0.11573,0.0,0.0,-0.1915,0.0,0.0,128.0,556.0
1495243.0,0.0,-2.571,7.233,0.11573,0.0,0.0,-0.1915,0.0,0.0,128.0,556.0
1495283.0,0.0,-2.3639,5.569,0.11573,0.0,0.0,-0.1915,0.0,0.0,128.0,559.0
1495323.0,0.0,-2.3485,1.761,0.11573,0.0,0.0,-0.1915,0.0,0.0,128.0,571.0
1495363.0,0.0,-2.5311,-3.131,0.11573,0.0,0.0,-0.1915,0.0,0.0,128.0,556.0
1495404.0,0.0,-2.6507,-3.207,0.11573,0.0,0.0,-0.1915,0.0,0.0,128.0,556.0
1495444.0,0.0,-2.778,-3.324,0.11573,0.0,0.0,-0.1915,0.0,0.0,128.0,557.0
1495484.0,0.0,-2.9146,-2.897,0.11573,0.0,0.0,-0.1915,0.0,0.0,128.0,556.0
1495524.0,0.0,3.0572,-7.063,0.11573,0.0,0.0,-0.1915,0.0,0.0,128.0,550.0
1495565.0,0.0,2.8701,-4.925,0.11573,0.0,0.0,-0.1915,0.0,0.0,128.0,556.0
1495605.0,0.0,2.8348,-1.911,0.11573,0.0,0.0,-0.1915,0.0,0.0,128.0,556.0
1495645.0,0.0,2.6369,-3.722,0.11573,0.0,0.0,-0.1915,0.0,0.0,128.0,557.0
1495685.0,0.0,2.6001,-1.472,0.11573,0.0,0.0,-0.1915,0.0,0.0,128.0,550.0
1495725.0,0.0,2.6952,2.249,0.11573,0.0,0.0,-0.1915,0.0,0.0,128.0,556.0
1495766.0,0.0,2.7857,2.266,0.11573,0.0,0.0,-0.1915,0.0,0.0,128.0,550.0
1495806.0,0.0,2.8333,1.565,0.11573,0.0,0.0,-0.1915,0.0,0.0,128.0,550.0
1495846.0,0.0,3.0649,4.727,0.11573,0.0,0.0,-0.1915,0.0,0.0,128.0,556.0
1495886.0,0.0,-2.9943,5.732,0.11573,0.0,0.0,-0.1915,0.0,0.0,128.0,551.0
1495926.0,0.0,-2.7688,5.963,0.11573,0.0,0.0,-0.1915,0.0,0.0,128.0,571.0
1495966.0,0.0,-2.8103,0.04,0.11573,0.0,0.0,-0.1915,0.0,0.0,128.0,550.0
1496007.0,0.0,-2.5127,5.804,0.11573,0.0,0.0,-0.1915,0.0,0.0,128.0,556.0
1496047.0,0.0,-2.4958,1.274,0.11573,0.0,0.0,-0.1915,0.0,0.0,128.0,571.0
1496087.0,0.0,-2.6952,-4.432,0.11573,0.0,0.0,-0.1915,0.0,0.0,128.0,556.0
1496128.0,0.0,-2.7934,-3.048,0.11573,0.0,0.0,-0.1915,0.0,0.0,128.0,556.0
1496168.0,0.0,-2.8517,-1.949,0.11573,0.0,0.0,-0.1915,0.0,0.0,128.0,556.0
1496208.0,0.0,-3.0971,-5.118,0.11573,0.0,0.0,-0.1915,0.0,0.0,128.0,558.0
1496248.0,0.0,2.9514,-5.906,0.11573,0.0,0.0,-0.1915,0.0,0.0,128.0,565.0
1496289.0,0.0,2.8149,-3.467,0.11573,0.0,0.0,-0.1915,0.0,0.0,128.0,564.0
1496329.0,0.0,2.887,0.809,0.11573,0.0,0.0,-0.1915,0.0,0.0,128.0,558.0
1496369.0,0.0,2.6937,-2.784,0.11573,0.0,0.0,-0.1915,0.0,0.0,128.0,556.0
1496409.0,0.0,2.6032,-2.487,0.11573,0.0,0.0,-0.1915,0.0,0.0,128.0,556.0
1496450.0,0.0,2.8072,3.504,0.11573,0.0,0.0,-0.1915,0.0,0.0,128.0,557.0
1496490.0,0.0,2.9253,3.044,0.11573,0.0,0.0,-0.1915,0.0,0.0,128.0,550.0
1496530.0,0.0,3.0373,2.947,0.11573,0.0,0.0,-0.1915,0.0,0.0,128.0,558.0
1496571.0,0.0,3.1063,1.454,0.11573,0.0,0.0,-0.1915,0.0,0.0,128.0,551.0
1496611.0,0.0,-2.9161,5.928,0.11573,0.0,0.0,-0.1915,0.0,0.0,128.0,557.0
1496651.0,0.0,-2.6615,6.446,0.11573,0.0,0.0,-0.1915,0.0,0.0,128.0,552.0
1496691.0,0.0,-2.8256,-1.689,0.11573,0.0,0.0,-0.1915,0.0,0.0,128.0,571.0
1496731.0,0.0,-2.4989,5.956,0.11573,0.0,0.0,-0.1915,0.0,0.0,128.0,557.0
1496772.0,0.0,-2.5648,0.637,0.11573,0.0,0.0,-0.1915,0.0,0.0,128.0,556.0
1496812.0,0.0,-2.7918,-3.993,0.11573,0.0,0.0,-0.1915,0.0,0.0,128.0,559.0
1496852.0,0.0,-2.9268,-3.597,0.11573,0.0,0.0,-0.1915,0.0,0.0,128.0,571.0
1496892.0,0.0,-3.0526,-3.354,0.11573,0.0,0.0,-0.1915,0.0,0.0,128.0,557.0
1496933.0,0.0,-3.1094,-1.388,0.11573,0.0,0.0,-0.1915,0.0,0.0,128.0,557.0
1496973.0,0.0,2.9207,-5.304,0.11573,0.0,0.0,-0.1915,0.0,0.0,128.0,557.0
1497013.0,0.0,2.7826,-3.622,0.11573,0.0,0.0,-0.1915,0.0,0.0,128.0,556.0
1497053.0,0.0,2.867,0.673,0.11573,0.0,0.0,-0.1915,0.0,0.0,128.0,550.0
1497094.0,0.0,2.7382,-1.796,0.11573,0.0,0.0,-0.1915,0.0,0.0,128.0,556.0
1497134.0,0.0,2.7765,0.297,0.11573,0.0,0.0,-0.1915,0.0,0.0,128.0,557.0
1497174.0,0.0,2.9253,3.334,0.11573,0.0,0.0,-0.1915,0.0,0.0,128.0,564.0
1497215.0,0.0,3.0496,3.213,0.11573,0.0,0.0,-0.1915,0.0,0.0,128.0,558.0
1497255.0,0.0,3.0588,0.971,0.11573,0.0,0.0,-0.1915,0.0,0.0,128.0,558.0
1497295.0,0.0,-3.0097,4.485,0.11573,0.0,0.0,-0.1915,0.0,0.0,128.0,556.0
1497335.0,0.0,-2.9253,3.174,0.11573,0.0,0.0,-0.1915,0.0,0.0,128.0,557.0
1497376.0,0.0,-2.6691,5.751,0.11573,0.0,0.0,-0.1915,0.0,0.0,128.0,551.0
1497416.0,0.0,-2.8486,-2.874,0.11573,0.0,0.0,-0.1915,0.0,0.0,128.0,556.0
1497456.0,0.0,-2.6906,2.267,0.11573,0.0,0.0,-0.1915,0.0,0.0,128.0,571.0
1497496.0,0.0,-2.8333,-2.816,0.11573,0.0,0.0,-0.1915,0.0,0.0,128.0,556.0
1497537.0,0.0,-2.9299,-2.962,0.11573,0.0,0.0,-0.1915,0.0,0.0,128.0,557.0
1497577.0,0.0,-3.0388,-2.708,0.11573,0.0,0.0,-0.1915,0.0,0.0,128.0,557.0
1497617.0,0.0,-3.0634,-0.986,0.11573,0.0,0.0,-0.1915,0.0,0.0,128.0,556.0
1497657.0,0.0,3.0265,-3.763,0.11573,0.0,0.0,-0.1915,0.0,0.0,128.0,557.0
1497698.0,0.0,2.9529,-2.122,0.11573,0.0,0.0,-0.1915,0.0,0.0,128.0,556.0
1497738.0,0.0,2.9176,-0.891,0.11573,0.0,0.0,-0.1915,0.0,0.0,128.0,556.0
1497778.0,0.0,2.821,-2.034,0.11573,0.0,0.0,-0.1915,0.0,0.0,128.0,557.0
1497818.0,0.0,2.7382,-2.502,0.11573,0.0,0.0,-0.1915,0.0,0.0,128.0,552.0
1497858.0,0.0,2.9176,2.867,0.11573,0.0,0.0,-0.1915,0.0,0.0,128.0,571.0
1497898.0,0.0,3.0219,2.725,0.11573,0.0,0.0,-0.1915,0.0,0.0,128.0,550.0
1497938.0,0.0,3.0802,1.81,0.11573,0.0,0.0,-0.1915,0.0,0.0,128.0,557.0
1497979.0,0.0,3.1339,1.186,0.11573,0.0,0.0,-0.1915,0.0,0.0,128.0,557.0
1498019.0,0.0,-2.9652,4.018,0.11573,0.0,0.0,-0.1915,0.0,0.0,128.0,571.0
1498059.0,0.0,-2.8118,4.108,0.11573,0.0,0.0,-0.1915,0.0,0.0,128.0,550.0
1498099.0,0.0,-2.7382,2.151,0.11573,0.0,0.0,-0.1915,0.0,0.0,128.0,557.0
1498140.0,0.0,-2.7842,-0.266,0.11573,0.0,0.0,-0.1915,0.0,0.0,128.0,556.0
1498180.0,0.0,-2.8026,-0.873,0.11573,0.0,0.0,-0.1915,0.0,0.0,128.0,557.0
1498220.0,0.0,-2.979,-3.628,0.11573,0.0,0.0,-0.1915,0.0,0.0,128.0,550.0
1498260.0,0.0,-3.0664,-2.446,0.11573,0.0,0.0,-0.1915,0.0,0.0,128.0,557.0
1498301.0,0.0,-3.094,-1.155,0.11573,0.0,0.0,-0.1915,0.0,0.0,128.0,550.0
1498341.0,0.0,3.0879,-2.088,0.11573,0.0,0.0,-0.1915,0.0,0.0,128.0,571.0
1498381.0,0.0,2.9775,-2.821,0.11573,0.0,0.0,-0.1915,0.0,0.0,128.0,557.0
1498422.0,0.0,2.8793,-2.684,0.11573,0.0,0.0,-0.1915,0.0,0.0,128.0,556.0
1498462.0,0.0,2.8685,-0.504,0.11573,0.0,0.0,-0.1915,0.0,0.0,128.0,557.0
1498502.0,0.0,2.8149,-1.171,0.11573,0.0,0.0,-0.1915,0.0,0.0,128.0,557.0
1498542.0,0.0,2.9683,2.814,0.11573,0.0,0.0,-0.1915,0.0,0.0,128.0,551.0
1498582.0,0.0,3.0864,3.244,0.11573,0.0,0.0,-0.1915,0.0,0.0,128.0,558.0
1498623.0,0.0,3.1401,1.786,0.0,0.0,0.0,-0.1915,0.0,0.0,128.0,562.0
1498663.0,0.0,3.091,-1.009,0.0,0.0,0.0,-0.1915,0.0,0.0,128.0,557.0
1498703.0,0.0,-2.9683,3.986,0.0,0.0,0.0,-0.1915,0.0,0.0,128.0,550.0
1498743.0,0.0,-2.9222,1.584,0.0,0.0,0.0,-0.1915,0.0,0.0,128.0,557.0
1498783.0,0.0,-2.9115,0.571,0.0,0.0,0.0,-0.1915,0.0,0.0,128.0,564.0
1498824.0,0.0,-2.8885,0.423,0.0,0.0,0.0,-0.1915,0.0,0.0,128.0,565.0
1498864.0,0.0,-2.8348,1.739,0.0,0.0,0.0,-0.1915,0.0,0.0,128.0,556.0
1498904.0,0.0,-3.0097,-3.161,0.0,0.0,0.0,-0.1915,0.0,0.0,128.0,557.0
1498945.0,0.0,-3.0772,-2.077,0.0,0.0,0.0,-0.1915,0.0,0.0,128.0,557.0
1498985.0,0.0,-3.094,-0.713,0.0,0.0,0.0,-0.1915,0.0,0.0,128.0,557.0
1499025.0,0.0,3.1247,-1.362,0.0,0.0,0.0,-0.1915,0.0,0.0,128.0,562.0
1499065.0,0.0,3.045,-2.082,0.0,0.0,0.0,-0.1915,0.0,0.0,128.0,557.0
1499106.0,0.0,2.9744,-1.792,0.0,0.0,0.0,-0.1915,0.0,0.0,128.0,556.0
1499146.0,0.0,2.9023,-1.872,0.0,0.0,0.0,-0.1915,0.0,0.0,128.0,557.0
1499186.0,0.0,2.8977,-0.332,0.0,0.0,0.0,-0.1915,0.0,0.0,128.0,557.0
1499226.0,0.0,2.9207,0.353,0.0,0.0,0.0,-0.1915,0.0,0.0,128.0,551.0
1499267.0,0.0,3.1063,3.875,0.0,0.0,0.0,-0.1915,0.0,0.0,128.0,557.0
1499307.0,0.0,-3.091,2.64,0.0,0.0,0.0,-0.1915,0.0,0.0,128.0,557.0
1499347.0,0.0,3.1309,-0.582,0.0,0.0,0.0,-0.1915,0.0,0.0,128.0,557.0
1499387.0,0.0,-3.0219,2.465,0.0,0.0,0.0,-0.1915,0.0,0.0,128.0,557.0
1499427.0,0.0,-2.9652,1.895,0.0,0.0,0.0,-0.1915,0.0,0.0,128.0,551.0
1499468.0,0.0,-2.8885,1.988,0.0,0.0,0.0,-0.1915,0.0,0.0,128.0,556.0
1499508.0,0.0,-3.0726,-3.354,0.0,0.0,0.0,-0.1915,0.0,0.0,128.0,557.0
1499548.0,0.0,-2.9038,2.224,0.0,0.0,0.0,-0.1915,0.0,0.0,128.0,556.0
1499588.0,0.0,-3.0419,-2.012,0.0,0.0,0.0,-0.1915,0.0,0.0,128.0,551.0
1499629.0,0.0,-3.1309,-2.608,0.0,0.0,0.0,-0.1915,0.0,0.0,128.0,556.0
1499669.0,0.0,-3.137,-0.757,0.0,0.0,0.0,-0.1915,0.0,0.0,128.0,562.0
1499709.0,0.0,3.1385,-0.061,0.0,0.0,0.0,-0.1915,0.0,0.0,128.0,557.0
1499749.0,0.0,3.0542,-1.906,0.0,0.0,0.0,-0.1915,0.0,0.0,128.0,571.0
1499789.0,0.0,3.0342,-0.747,0.0,0.0,0.0,-0.1915,0.0,0.0,128.0,549.0
1499829.0,0.0,2.9943,-0.946,0.0,0.0,0.0,-0.1915,0.0,0.0,128.0,556.0
1499870.0,0.0,2.9652,-0.677,0.0,0.0,0.0,-0.1915,0.0,0.0,128.0,556.0
1499910.0,0.0,3.0173,0.876,0.0,0.0,0.0,-0.1915,0.0,0.0,128.0,552.0
1499950.0,0.0,-3.1339,2.936,0.0,0.0,0.0,-0.1915,0.0,0.0,128.0,551.0
1499991.0,0.0,-3.1048,1.363,0.0,0.0,0.0,-0.1915,0.0,0.0,128.0,558.0
1500031.0,0.0,3.1186,-1.33,0.0,0.0,0.0,-0.1915,0.0,0.0,128.0,564.0
1500071.0,0.0,-3.0112,2.729,0.0,0.0,0.0,-0.1915,0.0,0.0,128.0,576.0
1500111.0,0.0,-3.0496,-0.237,0.0,0.0,0.0,-0.1915,0.0,0.0,128.0,556.0
1500151.0,0.0,-2.9544,1.679,0.0,0.0,0.0,-0.1915,0.0,0.0,128.0,557.0
1500192.0,0.0,-2.9575,-0.084,0.0,0.0,0.0,-0.1915,0.0,0.0,128.0,557.0
1500232.0,0.0,-2.9575,0.346,0.0,0.0,0.0,-0.1915,0.0,0.0,128.0,557.0
1500272.0,0.0,-3.0511,-1.829,0.0,0.0,0.0,-0.1915,0.0,0.0,128.0,550.0
1500313.0,0.0,-3.1309,-1.825,0.0,0.0,0.0,-0.1915,0.0,0.0,128.0,551.0
1500353.0,0.0,3.1355,-0.579,0.0,0.0,0.0,-0.1915,0.0,0.0,128.0,556.0
1500393.0,0.0,3.1263,-0.162,0.0,0.0,0.0,-0.1915,0.0,0.0,128.0,557.0
1500433.0,0.0,3.0818,-1.134,0.0,0.0,0.0,-0.1915,0.0,0.0,128.0,564.0
1500474.0,0.0,3.0588,-0.712,0.0,0.0,0.0,-0.1915,0.0,0.0,128.0,557.0
1500514.0,0.0,3.0342,-0.681,0.0,0.0,0.0,-0.1915,0.0,0.0,128.0,556.0
1500554.0,2.0,3.0695,0.732,0.00034,0.0437,3.6,-0.9957,0.0,0.0,128.0,732.0
1500594.0,2.0,-3.0235,3.84,0.00634,0.3107,9.6,-0.895,0.0,0.0,128.0,737.0
1500635.0,5.0,-2.7274,6.615,0.02678,0.6946,7.3,-0.9871,0.0,0.0,128.0,697.0
1500675.0,5.0,-2.5096,9.098,0.0582,0.8637,1.3,-0.9871,0.0,0.0,128.0,695.0
1500716.0,5.0,-2.459,3.457,0.09251,0.7878,-4.85,-0.9871,0.0,0.0,128.0,673.0
1500757.0,5.0,-2.3332,2.892,0.11831,0.4708,-10.85,-0.9871,0.0,0.0,128.0,674.0
1500797.0,5.0,-2.4406,-0.802,0.12949,0.1132,-5.755,-0.9871,0.0,0.0,128.0,680.0
1500837.0,5.0,-2.9422,-9.896,0.13106,0.0003,-0.309,-0.9871,0.0,0.0,128.0,680.0
1500877.0,6.0,3.002,-10.598,0.13027,-0.0502,-1.5,-0.9871,0.0,0.0,128.0,710.0
1500918.0,2.0,2.6753,-8.687,0.12593,-0.2116,-6.9,-0.4166,0.0,0.0,128.0,739.0
1500958.0,2.0,2.3409,-7.945,0.11093,-0.5811,-10.0,-0.3231,0.0,0.0,128.0,743.0
1500999.0,2.0,2.123,-6.497,0.0795,-0.9774,-8.05,-0.2881,0.0,0.0,128.0,731.0
1501039.0,2.0,1.8761,-6.598,0.03641,-1.1814,-2.212,0.0242,0.0,0.0,128.0,744.0
1501079.0,2.0,1.7073,-4.218,-0.01065,-1.1998,0.0,-0.0058,0.0,0.0,128.0,750.0
1501119.0,2.0,1.6828,-1.375,-0.0573,-1.1436,4.033,-0.0733,0.0,0.0,128.0,754.0
1501160.0,2.0,1.7242,0.836,-0.09844,-0.8493,10.0,-0.1241,0.0,0.0,128.0,757.0
1501201.0,5.0,1.9604,4.936,-0.12431,-0.4045,11.006,-0.1697,0.0,0.0,128.0,675.0
1501241.0,5.0,2.324,8.236,-0.13342,-0.0872,5.006,-0.1697,0.0,0.0,128.0,681.0
1501282.0,6.0,2.6937,8.552,-0.13448,0.0017,0.696,-0.1697,0.0,0.0,128.0,703.0
1501322.0,6.0,-2.8379,16.45,-0.13328,0.0614,1.5,-0.1697,0.0,0.0,128.0,708.0
1501367.0,2.0,-2.0755,17.266,-0.12923,0.1316,2.55,1.4442,0.0,0.0,128.0,737.0
1501407.0,2.0,-1.6705,11.913,-0.12015,0.3653,8.7,0.7763,0.0,0.0,128.0,736.0
1501448.0,2.0,-1.2977,9.61,-0.09787,0.7528,8.8,0.9382,0.0,0.0,128.0,745.0
1501488.0,2.0,-1.083,5.46,-0.06304,0.9818,2.8,0.6625,0.0,0.0,128.0,743.0
1501528.0,2.0,-1.0032,3.081,-0.02374,0.9737,-2.919,0.6335,0.0,0.0,128.0,757.0
1501568.0,2.0,-1.1904,-2.847,0.01237,0.8885,0.535,0.4657,0.0,0.0,128.0,749.0
1501609.0,2.0,-1.221,-1.516,0.04871,0.899,-1.299,0.3192,0.0,0.0,128.0,759.0
1501649.0,2.0,-1.3361,-2.541,0.08164,0.7593,-3.215,0.2873,0.0,0.0,128.0,753.0
1501690.0,2.0,-1.5539,-6.477,0.1086,0.5535,-6.028,0.2846,0.0,0.0,128.0,739.0
1501731.0,2.0,-2.4053,-18.098,0.12454,0.1989,-8.884,1.3547,0.0,0.0,128.0,738.0
1501772.0,2.0,3.1247,-18.448,0.1266,-0.11,-8.785,1.151,0.0,0.0,128.0,720.0
1501812.0,2.0,2.3209,-19.142,0.11715,-0.3408,-3.575,1.6449,0.0,0.0,128.0,724.0
1501852.0,2.0,1.7273,-16.097,0.10144,-0.4626,-3.051,1.5186,0.0,0.0,128.0,738.0
1501892.0,2.0,1.2118,-13.466,0.07987,-0.6774,-8.262,1.5395,0.0,0.0,128.0,732.0
1501933.0,2.0,0.8237,-10.142,0.04669,-0.9472,-4.632,1.3478,0.0,0.0,128.0,710.0
1501974.0,2.0,0.5231,-7.81,0.00593,-1.04,-0.445,1.2562,0.0,0.0,128.0,738.0
1502014.0,5.0,-0.0491,-12.874,-0.03581,-1.0902,-0.54,1.9401,0.0,0.0,128.0,654.0
1502054.0,5.0,0.0291,-1.541,-0.0777,-0.9888,5.46,1.9401,0.0,0.0,128.0,668.0
1502094.0,5.0,-0.1687,-3.779,-0.11096,-0.6474,11.46,1.9401,0.0,0.0,128.0,680.0
1502135.0,5.0,-0.5001,-7.604,-0.12765,-0.2183,8.05,1.9401,0.0,0.0,128.0,666.0
1502175.0,5.0,-0.8345,-7.684,-0.13166,-0.0151,2.054,1.9401,0.0,0.0,128.0,654.0
1502215.0,6.0,-1.5048,-15.123,-0.13148,0.0277,1.5,1.9401,0.0,0.0,128.0,697.0
1502255.0,2.0,-2.4835,-22.17,-0.12923,0.0959,3.0,2.3436,0.0,0.0,128.0,733.0
1502296.0,2.0,2.798,-24.828,-0.12128,0.3481,9.15,2.9762,0.0,0.0,128.0,715.0
1502336.0,2.0,2.2304,-15.697,-0.10001,0.7362,8.35,0.9733,0.0,0.0,128.0,726.0
1502377.0,2.0,1.7978,-11.489,-0.06529,0.9561,2.597,0.6588,0.0,0.0,128.0,738.0
1502418.0,2.0,1.4987,-7.691,-0.02599,0.9951,2.378,0.4586,0.0,0.0,128.0,716.0
1502458.0,2.0,1.3116,-5.047,0.01508,1.0765,1.118,0.4364,0.0,0.0,128.0,730.0
1502498.0,2.0,1.1213,-4.718,0.05723,1.0342,-3.155,0.5822,0.0,0.0,128.0,752.0
1502539.0,2.0,1.2594,1.908,0.09566,0.8422,-7.082,0.3354,0.0,0.0,128.0,737.0
1502580.0,5.0,1.4174,3.861,0.12203,0.4669,-10.75,0.2454,0.0,0.0,128.0,667.0
1502620.0,5.0,1.8684,9.242,0.13313,0.1114,-5.708,0.2454,0.0,0.0,128.0,660.0
1502660.0,5.0,2.2534,10.076,0.13463,0.0002,-0.202,0.2454,0.0,0.0,128.0,673.0
1502700.0,6.0,2.8103,12.777,0.13373,-0.0521,-1.5,0.2454,0.0,0.0,128.0,703.0
1502741.0,6.0,-2.7489,17.585,0.13043,-0.1136,-1.5,0.2454,0.0,0.0,128.0,709.0
1502781.0,2.0,-2.0341,18.777,0.1236,-0.279,-7.05,1.8002,0.0,0.0,128.0,719.0
1502821.0,2.0,-1.7518,10.281,0.10631,-0.594,-5.85,0.5235,0.0,0.0,128.0,737.0
1502861.0,2.0,-1.6137,4.527,0.08006,-0.709,-1.256,0.0747,0.0,0.0,128.0,741.0
1502902.0,2.0,-1.6183,0.888,0.04924,-0.8253,-1.812,-0.0279,0.0,0.0,128.0,736.0
1502943.0,2.0,-1.6843,-1.167,0.01511,-0.8658,-1.297,-0.0834,0.0,0.0,128.0,732.0
1502983.0,2.0,-1.8331,-2.791,-0.01984,-0.895,-0.165,-0.144,0.0,0.0,128.0,736.0
1503024.0,5.0,-2.1184,-3.962,-0.05636,-0.9553,0.135,-0.047,0.0,0.0,128.0,700.0
1503064.0,5.0,-2.8179,-15.486,-0.09326,-0.8207,6.285,-0.047,0.0,0.0,128.0,672.0
1503104.0,5.0,-3.0388,-9.459,-0.11929,-0.4475,11.584,-0.047,0.0,0.0,128.0,676.0
1503144.0,5.0,3.0634,-5.164,-0.1296,-0.1071,5.584,-0.047,0.0,0.0,128.0,659.0
1503185.0,5.0,2.8486,-4.66,-0.13106,-0.0002,0.078,-0.047,0.0,0.0,128.0,672.0
1503225.0,6.0,2.7121,-4.134,-0.13009,0.0553,1.5,-0.047,0.0,0.0,128.0,715.0
1503265.0,2.0,2.8962,2.958,-0.12668,0.1529,5.1,-0.915,0.0,0.0,128.0,738.0
1503305.0,2.0,3.0219,3.29,-0.1152,0.4753,10.0,-0.9227,0.0,0.0,128.0,730.0
1503345.0,2.0,-2.9514,6.964,-0.0888,0.8752,9.85,-0.6763,0.0,0.0,128.0,742.0
1503386.0,2.0,-2.459,10.381,-0.04729,1.1499,3.7,-0.1463,0.0,0.0,128.0,745.0
1503426.0,2.0,-2.2933,5.791,-0.00053,1.1998,0.0,-0.4539,0.0,0.0,128.0,737.0
1503466.0,2.0,-1.7687,11.594,0.04635,1.1543,-3.622,0.7931,0.0,0.0,128.0,766.0
1503507.0,5.0,-1.6245,4.635,0.0885,0.9419,-8.122,0.2878,0.0,0.0,128.0,682.0
1503547.0,5.0,-1.8024,-1.934,0.11839,0.4887,-12.102,0.2878,0.0,0.0,128.0,676.0
1503587.0,5.0,-1.8791,-2.124,0.12998,0.1276,-6.102,0.2878,0.0,0.0,128.0,682.0
1503628.0,5.0,-2.143,-8.9,0.13181,0.0011,-0.432,0.2878,0.0,0.0,128.0,686.0
1503668.0,6.0,-2.844,-14.099,0.1311,-0.0472,-1.5,0.2878,0.0,0.0,128.0,708.0
1503708.0,2.0,2.9836,-13.437,0.12784,-0.1451,-4.8,0.1804,0.0,0.0,128.0,710.0
1503749.0,2.0,2.4452,-10.587,0.11644,-0.4676,-10.0,-0.0634,0.0,0.0,128.0,736.0
1503789.0,2.0,1.9712,-11.372,0.09045,-0.8614,-9.817,0.4645,0.0,0.0,128.0,740.0
1503829.0,2.0,1.5892,-9.378,0.05055,-1.1387,-4.082,0.5581,0.0,0.0,128.0,744.0
1503869.0,2.0,1.3054,-7.594,0.0042,-1.179,1.918,0.6474,0.0,0.0,128.0,757.0
1503910.0,2.0,1.1428,-4.372,-0.04013,-0.9712,8.068,0.5318,0.0,0.0,128.0,746.0
1503950.0,2.0,0.8744,-6.017,-0.0726,-0.6753,7.95,0.9031,0.0,0.0,128.0,740.0
1503990.0,2.0,0.991,1.13,-0.09217,-0.3139,7.3,0.5564,0.0,0.0,128.0,766.0
1504031.0,2.0,0.79,-3.297,-0.09938,-0.0067,10.0,0.7392,0.0,0.0,128.0,731.0
1504071.0,2.0,0.8053,-0.733,-0.09304,0.3351,8.532,0.7327,0.0,0.0,128.0,729.0
1504112.0,2.0,0.9373,2.827,-0.07436,0.5558,2.382,0.6323,0.0,0.0,128.0,735.0
1504153.0,2.0,0.9235,0.363,-0.05093,0.6018,1.47,0.5907,0.0,0.0,128.0,730.0
1504193.0,2.0,1.2517,6.402,-0.02655,0.6034,-2.295,0.5989,0.0,0.0,128.0,751.0
1504233.0,2.0,1.5815,8.422,-0.00525,0.4729,-2.422,0.4358,0.0,0.0,128.0,759.0
1504274.0,2.0,2.0571,11.084,0.01358,0.5019,3.15,0.3519,0.0,0.0,128.0,737.0
1504315.0,2.0,2.5725,13.584,0.03529,0.5646,1.457,0.2934,0.0,0.0,128.0,716.0
1504355.0,2.0,-3.045,15.629,0.05921,0.6281,-0.799,0.5485,0.0,0.0,128.0,758.0
1504396.0,2.0,-2.2043,21.92,0.08299,0.5213,-4.988,2.5136,0.0,0.0,128.0,738.0
1504436.0,2.0,-1.6843,12.844,0.09818,0.2115,-8.376,0.9504,0.0,0.0,128.0,744.0
1504477.0,2.0,-1.3576,8.354,0.10099,-0.0498,-5.748,0.7745,0.0,0.0,128.0,737.0
1504518.0,2.0,-1.2441,2.927,0.09278,-0.3971,-10.0,0.4563,0.0,0.0,128.0,732.0
1504558.0,2.0,-1.307,-1.752,0.07046,-0.7079,-4.9,0.2558,0.0,0.0,128.0,729.0
1504599.0,2.0,-1.1612,2.497,0.03806,-0.9189,-5.447,0.4544,0.0,0.0,128.0,731.0
1504639.0,2.0,-1.2441,-0.903,-0.00105,-1.0354,-0.111,0.3588,0.0,0.0,128.0,733.0
1504679.0,2.0,-1.2287,-0.519,-0.04031,-0.9168,5.889,0.29,0.0,0.0,128.0,760.0
1504719.0,2.0,-1.7058,-5.508,-0.07106,-0.6122,8.699,0.1829,0.0,0.0,128.0,767.0
1504760.0,2.0,-2.2872,-14.397,-0.09045,-0.3802,4.049,0.7283,0.0,0.0,128.0,752.0
1504801.0,2.0,-2.8179,-16.543,-0.10185,-0.1668,6.806,0.7577,0.0,0.0,128.0,758.0
1504841.0,2.0,3.0956,-11.328,-0.10447,0.0257,3.506,-0.1732,0.0,0.0,128.0,718.0
1504882.0,2.0,2.5142,-12.665,-0.10215,0.0762,1.812,0.2236,0.0,0.0,128.0,730.0
1504922.0,2.0,2.3608,-6.115,-0.09908,0.0504,-3.02,-0.4267,0.0,0.0,128.0,751.0
1504963.0,2.0,2.12,-5.021,-0.10016,-0.1035,-2.804,-0.3773,0.0,0.0,128.0,730.0
1505003.0,2.0,2.0356,-3.273,-0.10571,-0.1748,-1.836,-0.3423,0.0,0.0,128.0,739.0
1505043.0,2.0,2.1077,0.963,-0.11303,-0.1571,3.32,-0.496,0.0,0.0,128.0,757.0
1505084.0,2.0,2.2596,3.07,-0.11498,0.1081,9.47,-0.5574,0.0,0.0,128.0,734.0
1505124.0,2.0,2.571,6.906,-0.10313,0.5075,10.0,-0.5335,0.0,0.0,128.0,744.0
1505164.0,2.0,2.9637,10.899,-0.07549,0.9052,9.25,-0.2458,0.0,0.0,128.0,745.0
1505205.0,2.0,-2.5894,14.959,-0.03319,1.1603,3.413,0.5518,0.0,0.0,128.0,746.0
1505245.0,2.0,-1.5478,23.191,0.0135,1.1738,-2.587,3.3068,0.0,0.0,128.0,753.0
1505285.0,2.0,-1.4404,10.324,0.05768,1.0823,-2.587,0.868,0.0,0.0,128.0,767.0
1505328.0,5.0,-0.9572,10.55,0.09938,0.8311,-8.599,1.2127,0.0,0.0,128.0,794.0
1505369.0,5.0,-1.0032,2.411,0.12401,0.3914,-10.699,1.2127,0.0,0.0,128.0,674.0
1505409.0,5.0,-0.9112,2.108,0.13275,0.081,-4.85,1.2127,0.0,0.0,128.0,674.0
1505449.0,6.0,-0.6351,6.269,0.13365,-0.0033,-0.96,1.2127,0.0,0.0,128.0,688.0
1505489.0,6.0,-0.5906,1.957,0.13241,-0.0626,-1.5,1.2127,0.0,0.0,128.0,701.0
1505529.0,2.0,-0.8759,-5.211,0.12878,-0.1325,-3.15,0.8442,0.0,0.0,128.0,716.0
1505570.0,2.0,-0.8161,-0.657,0.11933,-0.3657,-6.882,0.6619,0.0,0.0,128.0,738.0
1505610.0,2.0,-0.9695,-2.636,0.09889,-0.6682,-5.457,0.6406,0.0,0.0,128.0,731.0
1505651.0,2.0,-0.948,-0.692,0.06911,-0.7771,-1.694,0.5653,0.0,0.0,128.0,724.0
1505691.0,2.0,-1.0094,-0.896,0.03701,-0.8312,0.84,0.5491,0.0,0.0,128.0,746.0
1505731.0,2.0,-1.0999,-2.114,0.00638,-0.6943,4.959,0.4652,0.0,0.0,128.0,752.0
1505772.0,2.0,-1.3606,-5.178,-0.01699,-0.4429,7.185,0.3599,0.0,0.0,128.0,761.0
1505813.0,2.0,-2.0862,-14.489,-0.03004,-0.2197,3.647,0.7636,0.0,0.0,128.0,746.0
1505854.0,2.0,-2.9483,-18.293,-0.03731,-0.141,3.059,1.1429,0.0,0.0,128.0,756.0
1505895.0,2.0,2.686,-17.861,-0.0393,0.0629,5.157,1.1554,0.0,0.0,128.0,716.0
1505935.0,2.0,2.304,-12.485,-0.03443,0.1472,-0.717,0.3846,0.0,0.0,128.0,744.0
1505975.0,2.0,1.9804,-7.671,-0.03041,0.0321,-4.925,0.0053,0.0,0.0,128.0,751.0
1506016.0,2.0,1.7073,-6.059,-0.0327,-0.1472,-3.63,0.1048,0.0,0.0,128.0,736.0
1506056.0,2.0,1.6506,-2.594,-0.03998,-0.1963,0.881,-0.0238,0.0,0.0,128.0,766.0
1506096.0,2.0,1.6751,0.082,-0.04624,-0.0979,4.037,-0.0931,0.0,0.0,128.0,780.0
1506137.0,2.0,1.8331,2.947,-0.04568,0.1732,9.552,-0.1849,0.0,0.0,128.0,724.0
1506178.0,2.0,2.1154,6.213,-0.03068,0.5828,10.0,-0.2679,0.0,0.0,128.0,743.0
1506219.0,5.0,2.4375,6.522,0.00049,0.9401,6.1,-0.2718,0.0,0.0,128.0,684.0
1506259.0,5.0,-3.091,16.222,0.04069,1.0611,0.1,-0.2718,0.0,0.0,128.0,681.0
1506300.0,5.0,-2.5295,16.727,0.08205,0.9361,-6.05,-0.2718,0.0,0.0,128.0,682.0
1506340.0,5.0,-1.761,18.689,0.11276,0.5711,-12.05,-0.2718,0.0,0.0,128.0,675.0
1506381.0,5.0,-1.5555,9.318,0.12683,0.1711,-7.108,-0.2718,0.0,0.0,128.0,667.0
1506421.0,5.0,-1.6506,-0.162,0.12968,0.0054,-1.279,-0.2718,0.0,0.0,128.0,688.0
1506461.0,2.0,-1.692,-0.916,0.12896,-0.0773,-4.748,-0.1075,0.0,0.0,128.0,738.0
1506501.0,2.0,-1.8208,-2.772,0.12075,-0.388,-10.0,-0.1937,0.0,0.0,128.0,735.0
1506542.0,2.0,-2.0479,-5.128,0.09701,-0.798,-10.0,-0.297,0.0,0.0,128.0,737.0
1506582.0,2.0,-2.7949,-15.177,0.05891,-1.1116,-5.123,0.5242,0.0,0.0,128.0,748.0
1506623.0,2.0,2.8164,-18.822,0.0117,-1.1925,1.027,1.3327,0.0,0.0,128.0,755.0
1506663.0,2.0,2.3363,-11.26,-0.03401,-1.1173,1.317,0.1281,0.0,0.0,128.0,765.0
1506704.0,5.0,1.8853,-11.515,-0.07661,-1.0091,5.517,0.1984,0.0,0.0,128.0,678.0
1506744.0,5.0,1.6322,-7.317,-0.11134,-0.6538,11.667,0.1984,0.0,0.0,128.0,682.0
1506784.0,5.0,1.4067,-5.981,-0.12825,-0.2225,8.067,0.1984,0.0,0.0,128.0,667.0
1506825.0,5.0,1.4067,-1.45,-0.13234,-0.0185,2.217,0.1984,0.0,0.0,128.0,672.0
1506865.0,6.0,1.4634,0.814,-0.13219,0.028,1.5,0.1984,0.0,0.0,128.0,708.0
1506912.0,2.0,1.7027,4.697,-0.12941,0.1012,2.55,0.0164,0.0,0.0,128.0,715.0
1506952.0,2.0,2.0801,8.189,-0.12161,0.3349,8.7,-0.055,0.0,0.0,128.0,737.0
1506992.0,2.0,2.5817,11.54,-0.10099,0.7299,10.0,0.0065,0.0,0.0,128.0,734.0
1507033.0,2.0,-3.0127,16.654,-0.06409,1.0794,5.935,0.7555,0.0,0.0,128.0,728.0
1507073.0,2.0,-2.0341,22.799,-0.01856,1.1938,-0.065,2.8369,0.0,0.0,128.0,770.0
1507114.0,2.0,-1.5171,14.169,0.02794,1.0687,-4.361,1.3177,0.0,0.0,128.0,728.0
1507155.0,5.0,-0.902,14.733,0.06911,0.9782,-3.011,2.6224,0.0,0.0,128.0,641.0
1507195.0,5.0,-0.6995,6.957,0.10384,0.7348,-9.011,2.6224,0.0,0.0,128.0,667.0
1507236.0,5.0,-0.6688,2.381,0.12461,0.3042,-9.532,2.6224,0.0,0.0,128.0,677.0
1507276.0,5.0,-0.0307,11.463,0.13091,0.0419,-3.537,2.6224,0.0,0.0,128.0,658.0
1507316.0,6.0,0.5814,14.917,0.13125,-0.0127,-1.5,2.6224,0.0,0.0,128.0,696.0
1507358.0,2.0,1.1275,13.591,0.12945,-0.0824,-2.85,1.5876,0.0,0.0,128.0,791.0
1507398.0,2.0,1.738,14.623,0.12259,-0.3063,-8.254,1.1676,0.0,0.0,128.0,729.0
1507439.0,2.0,2.4574,16.122,0.10249,-0.7014,-8.776,0.8456,0.0,0.0,128.0,733.0
1507479.0,2.0,-2.9498,19.719,0.06941,-0.98,-7.343,1.474,0.0,0.0,128.0,738.0
1507519.0,2.0,-2.0509,19.74,0.02625,-1.1816,-2.254,1.9116,0.0,0.0,128.0,795.0
1507560.0,2.0,-1.488,16.939,-0.02198,-1.184,2.1,1.9809,0.0,0.0,128.0,751.0
1507601.0,2.0,-1.1505,10.394,-0.06634,-0.9688,8.25,1.1559,0.0,0.0,128.0,740.0
1507641.0,2.0,-1.037,4.188,-0.09915,-0.6969,6.503,0.6454,0.0,0.0,128.0,751.0
1507682.0,2.0,-0.9971,1.553,-0.12199,-0.4188,7.365,0.5671,0.0,0.0,128.0,735.0
1507722.0,2.0,-1.037,-0.477,-0.13234,-0.076,10.0,0.5242,0.0,0.0,128.0,730.0
1507762.0,2.0,-1.175,-3.245,-0.12769,0.324,10.0,0.4266,0.0,0.0,128.0,728.0
1507803.0,2.0,-1.5953,-8.768,-0.10658,0.7336,9.7,0.5087,0.0,0.0,128.0,723.0
1507843.0,2.0,-1.9604,-9.417,-0.07185,0.9986,3.7,0.16,0.0,0.0,128.0,747.0
1507884.0,2.0,-2.8041,-17.506,-0.03023,1.038,0.31,1.0014,0.0,0.0,128.0,724.0
1507924.0,2.0,2.8517,-16.697,0.01088,1.0175,-3.189,0.8158,0.0,0.0,128.0,767.0
1507964.0,2.0,2.3132,-13.599,0.0477,0.8179,-7.418,0.526,0.0,0.0,128.0,761.0
1508005.0,2.0,1.8331,-11.428,0.07343,0.4301,-10.0,0.565,0.0,0.0,128.0,772.0
1508046.0,2.0,1.4511,-10.184,0.08325,0.0734,-6.231,0.7964,0.0,0.0,128.0,728.0
1508087.0,2.0,1.2517,-6.045,0.08265,-0.0882,-2.929,0.5607,0.0,0.0,128.0,738.0
1508128.0,2.0,1.152,-2.989,0.07695,-0.188,-1.654,0.477,0.0,0.0,128.0,709.0
1508168.0,2.0,0.9817,-3.861,0.06806,-0.2726,-2.24,0.6669,0.0,0.0,128.0,733.0
1508209.0,2.0,1.2088,3.743,0.05539,-0.3834,-5.196,0.4496,0.0,0.0,128.0,729.0
1508249.0,2.0,1.491,6.62,0.03521,-0.649,-5.458,0.3449,0.0,0.0,128.0,741.0
1508290.0,2.0,1.942,10.375,0.00634,-0.7436,0.692,0.3455,0.0,0.0,128.0,752.0
1508330.0,2.0,2.4559,12.655,-0.02085,-0.5929,6.692,0.2366,0.0,0.0,128.0,765.0
1508371.0,2.0,-3.0265,18.135,-0.03795,-0.2276,8.356,1.0786,0.0,0.0,128.0,746.0
1508412.0,2.0,-2.2013,22.131,-0.04211,-0.0141,2.206,2.5554,0.0,0.0,128.0,722.0
1508452.0,2.0,-1.3898,21.234,-0.0423,-0.003,1.306,3.1628,0.0,0.0,128.0,752.0
1508493.0,2.0,-0.7977,15.822,-0.03968,0.1797,7.456,2.3141,0.0,0.0,128.0,717.0
1508533.0,2.0,-0.5706,7.548,-0.02625,0.4922,5.527,1.2136,0.0,0.0,128.0,724.0
1508573.0,2.0,-0.405,5.057,-0.00416,0.5921,-0.103,1.0936,0.0,0.0,128.0,738.0
1508614.0,3.0,-0.4464,1.064,0.01823,0.5365,-2.241,0.9092,0.0,0.0,128.0,737.0
1508654.0,3.0,-0.135,4.512,0.03709,0.3982,-1.491,1.1196,0.0,0.0,128.0,717.0
1508695.0,3.0,0.2961,9.929,0.05321,0.4616,4.509,1.5796,0.0,0.0,128.0,709.0
1508735.0,5.0,0.4172,4.817,0.07616,0.6538,2.259,1.4791,0.0,0.0,128.0,676.0
1508775.0,5.0,0.5952,3.943,0.10211,0.6211,-3.741,1.4791,0.0,0.0,128.0,661.0
1508816.0,5.0,1.1213,11.103,0.12221,0.3485,-9.741,1.4791,0.0,0.0,128.0,681.0
1508856.0,5.0,1.6475,11.962,0.12975,0.0584,-4.079,1.4791,0.0,0.0,128.0,674.0
1508896.0,6.0,2.2657,15.298,0.13035,-0.0066,-1.35,1.4791,0.0,0.0,128.0,710.0
1508936.0,2.0,3.1217,20.917,0.1287,-0.1046,-4.8,1.7665,0.0,0.0,128.0,728.0
1508977.0,2.0,-2.663,16.322,0.11895,-0.4261,-9.55,0.8638,0.0,0.0,128.0,732.0
1509017.0,2.0,-1.8991,16.803,0.09611,-0.7421,-9.25,1.4612,0.0,0.0,128.0,736.0
1509058.0,2.0,-1.4711,11.287,0.05884,-1.0854,-5.65,0.9857,0.0,0.0,128.0,736.0
1509099.0,2.0,-1.422,3.076,0.01204,-1.1994,-0.313,0.2069,0.0,0.0,128.0,744.0
1509139.0,2.0,-1.4757,-0.013,-0.03484,-1.1526,3.696,0.1033,0.0,0.0,128.0,780.0
1509180.0,2.0,-1.3683,1.976,-0.07714,-0.9387,4.09,0.212,0.0,0.0,128.0,757.0
1509221.0,2.0,-1.5002,-0.915,-0.11033,-0.6681,8.666,0.1042,0.0,0.0,128.0,749.0
1509262.0,5.0,-1.9451,-10.012,-0.12934,-0.2602,8.817,0.0693,0.0,0.0,128.0,676.0
1509302.0,5.0,-2.3976,-11.499,-0.1344,-0.0298,2.974,0.0693,0.0,0.0,128.0,674.0
1509342.0,6.0,-2.9529,-15.081,-0.13448,0.0204,1.5,0.0693,0.0,0.0,128.0,707.0
1509383.0,6.0,2.936,-9.759,-0.13245,0.0819,1.5,0.0693,0.0,0.0,128.0,724.0
1509423.0,2.0,2.6967,-6.881,-0.12818,0.1239,-0.75,-0.6101,0.0,0.0,128.0,771.0
1509464.0,2.0,2.3117,-9.04,-0.12375,0.1172,0.583,-0.1355,0.0,0.0,128.0,745.0
1509504.0,2.0,2.255,-2.861,-0.11992,0.0461,-3.12,-0.5792,0.0,0.0,128.0,747.0
1509545.0,2.0,2.1353,-2.911,-0.1203,-0.0588,-2.031,-0.4772,0.0,0.0,128.0,744.0
1509585.0,2.0,2.1399,-0.656,-0.12383,-0.1062,0.732,-0.5182,0.0,0.0,128.0,758.0
1509626.0,2.0,2.2948,2.896,-0.12585,0.053,6.882,-0.5982,0.0,0.0,128.0,737.0
1509667.0,2.0,2.5955,6.543,-0.11674,0.4321,10.0,-0.5746,0.0,0.0,128.0,744.0
1509708.0,2.0,3.1293,11.949,-0.09127,0.8421,10.0,-0.0974,0.0,0.0,128.0,718.0
1509748.0,2.0,-2.6139,14.363,-0.05183,1.1327,4.48,0.4409,0.0,0.0,128.0,717.0
1509788.0,2.0,-1.8086,21.515,-0.00525,1.1889,-1.52,2.7895,0.0,0.0,128.0,760.0
1509829.0,2.0,-1.3499,13.087,0.04001,1.0403,-3.335,1.2891,0.0,0.0,128.0,746.0
1509870.0,5.0,-1.0416,8.041,0.08029,0.9352,-4.685,1.7951,0.0,0.0,128.0,675.0
1509910.0,5.0,-0.9587,3.055,0.11201,0.6248,-10.685,1.7951,0.0,0.0,128.0,674.0
1509951.0,5.0,-1.04,-2.087,0.12814,0.2085,-7.867,1.7951,0.0,0.0,128.0,665.0
1509991.0,5.0,-0.7317,5.626,0.13193,0.0127,-1.873,1.7951,0.0,0.0,128.0,660.0
1510031.0,6.0,-0.698,1.909,0.13166,-0.0292,-1.5,1.7951,0.0,0.0,128.0,711.0
1510072.0,2.0,-0.8912,-3.503,0.1293,-0.0974,-2.85,0.7357,0.0,0.0,128.0,797.0
1510112.0,2.0,-1.0124,-3.563,0.12176,-0.3127,-5.656,0.5653,0.0,0.0,128.0,732.0
1510152.0,2.0,-1.0431,-0.791,0.105,-0.5597,-5.901,0.5272,0.0,0.0,128.0,745.0
1510193.0,2.0,-1.2517,-4.488,0.07939,-0.6773,-0.558,0.4411,0.0,0.0,128.0,711.0
1510233.0,2.0,-1.3545,-2.874,0.0531,-0.6385,1.936,0.2547,0.0,0.0,128.0,751.0
1510274.0,2.0,-1.7963,-8.175,0.02839,-0.6217,-2.408,0.2237,0.0,0.0,128.0,720.0
1510314.0,2.0,-2.6829,-17.631,0.00169,-0.7053,0.466,1.067,0.0,0.0,128.0,757.0
1510355.0,2.0,2.9222,-16.864,-0.02475,-0.5735,3.616,0.8406,0.0,0.0,128.0,729.0
1510396.0,2.0,2.2657,-17.295,-0.04654,-0.5184,1.966,1.2872,0.0,0.0,128.0,762.0
1510437.0,2.0,1.9773,-8.528,-0.06499,-0.41,0.468,0.0738,0.0,0.0,128.0,744.0
1510478.0,2.0,1.6521,-8.06,-0.08153,-0.392,2.394,0.3342,0.0,0.0,128.0,757.0
1510519.0,2.0,1.5064,-4.654,-0.0936,-0.1732,8.394,0.2386,0.0,0.0,128.0,751.0
1510559.0,2.0,1.4159,-3.156,-0.09307,0.2154,10.0,0.2254,0.0,0.0,128.0,724.0
1510599.0,2.0,1.5294,1.317,-0.0774,0.5628,6.1,0.0779,0.0,0.0,128.0,732.0
1510639.0,2.0,1.7058,3.89,-0.05123,0.7946,8.092,-0.0291,0.0,0.0,128.0,744.0
1510680.0,5.0,2.0417,7.496,-0.01234,1.1067,4.942,-0.0563,0.0,0.0,128.0,681.0
1510720.0,5.0,2.4697,10.007,0.0336,1.1814,-1.058,-0.0563,0.0,0.0,128.0,675.0
1510761.0,5.0,2.9759,13.259,0.07781,1.016,-7.058,-0.0563,0.0,0.0,128.0,673.0
1510801.0,5.0,-3.0127,10.347,0.11156,0.5975,-13.208,-0.0563,0.0,0.0,128.0,688.0
1510841.0,5.0,-2.5894,7.063,0.12641,0.1849,-7.389,-0.0563,0.0,0.0,128.0,662.0
1510881.0,5.0,-2.2994,7.067,0.1296,0.0093,-1.541,-0.0563,0.0,0.0,128.0,673.0
1510921.0,2.0,-2.3286,1.416,0.12994,0.0374,2.063,-0.6395,0.0,0.0,128.0,730.0
1510961.0,2.0,-2.4666,-3.934,0.13144,-0.0031,-3.937,-0.7397,0.0,0.0,128.0,737.0
1511001.0,2.0,-2.6952,-5.27,0.12791,-0.1945,-6.637,-0.7177,0.0,0.0,128.0,746.0
1511042.0,2.0,-2.9575,-5.457,0.11321,-0.5684,-10.0,-0.7811,0.0,0.0,128.0,736.0
1511083.0,2.0,2.7872,-10.805,0.08228,-0.9667,-8.2,-0.1987,0.0,0.0,128.0,740.0
1511124.0,2.0,2.3746,-9.632,0.03821,-1.1801,-2.35,-0.1308,0.0,0.0,128.0,750.0
1511165.0,2.0,2.0126,-8.497,-0.01009,-1.1999,0.0,0.0655,0.0,0.0,128.0,738.0
1511206.0,5.0,1.6828,-7.7,-0.05798,-1.139,4.2,0.0952,0.0,0.0,128.0,683.0
1511246.0,5.0,1.6168,-3.275,-0.0981,-0.848,10.2,0.0952,0.0,0.0,128.0,680.0
1511287.0,5.0,1.5186,-2.677,-0.12285,-0.3636,10.35,0.0952,0.0,0.0,128.0,669.0
1511327.0,5.0,1.6506,2.055,-0.1308,-0.0692,4.5,0.0952,0.0,0.0,128.0,666.0
1511367.0,6.0,1.8515,4.472,-0.13151,0.0047,1.13,0.0952,0.0,0.0,128.0,725.0
1511407.0,6.0,2.1629,7.242,-0.1302,0.0644,1.5,0.0952,0.0,0.0,128.0,712.0
1511448.0,2.0,2.643,10.669,-0.12506,0.237,7.2,-0.1187,0.0,0.0,128.0,740.0
1511489.0,2.0,-3.1048,14.317,-0.1083,0.6223,10.0,0.304,0.0,0.0,128.0,730.0
1511529.0,2.0,-2.0693,18.964,-0.0768,0.9525,5.5,1.6731,0.0,0.0,128.0,726.0
1511569.0,2.0,-1.514,15.746,-0.03619,1.1209,4.6,1.7337,0.0,0.0,128.0,744.0
1511610.0,2.0,-0.8728,13.81,0.01132,1.1998,0.0,1.8995,0.0,0.0,128.0,744.0
1511651.0,5.0,-0.5461,9.248,0.05801,1.1389,-4.2,1.5649,0.0,0.0,128.0,666.0
1511691.0,5.0,-0.3237,5.861,0.09893,0.8376,-10.35,1.5649,0.0,0.0,128.0,668.0
1511731.0,5.0,-0.0153,7.091,0.12285,0.3636,-10.35,1.5649,0.0,0.0,128.0,661.0
1511771.0,5.0,0.8575,18.862,0.1308,0.0692,-4.504,1.5649,0.0,0.0,128.0,661.0
1511813.0,6.0,1.6214,18.925,0.13159,-0.0074,-1.429,1.5649,0.0,0.0,128.0,752.0
1511854.0,6.0,2.4007,18.133,0.13009,-0.0689,-1.5,1.5649,0.0,0.0,128.0,708.0
1511894.0,2.0,-2.8379,23.911,0.12476,-0.2459,-7.35,2.6504,0.0,0.0,128.0,725.0
1511934.0,2.0,-1.8929,26.495,0.10815,-0.6238,-10.0,4.2478,0.0,0.0,128.0,738.0
1511975.0,2.0,-1.1766,18.894,0.0756,-0.964,-5.5,2.6971,0.0,0.0,128.0,717.0
1512015.0,2.0,-0.9004,9.451,0.03503,-1.061,0.5,1.2143,0.0,0.0,128.0,760.0
1512056.0,2.0,-0.6228,7.145,-0.00649,-0.976,3.618,1.1425,0.0,0.0,128.0,738.0
1512097.0,2.0,-0.54,3.218,-0.04264,-0.805,4.518,0.9359,0.0,0.0,128.0,745.0
1512138.0,3.0,-0.7394,-3.034,-0.07174,-0.6628,0.837,0.797,0.0,0.0,128.0,731.0
1512179.0,5.0,-0.6611,-0.151,-0.0987,-0.6523,2.487,0.8533,0.0,0.0,128.0,690.0
1512219.0,5.0,-0.7271,-1.175,-0.12094,-0.4298,8.487,0.8533,0.0,0.0,128.0,677.0
1512260.0,5.0,-0.747,-1.009,-0.13114,-0.1062,5.639,0.8533,0.0,0.0,128.0,666.0
1512300.0,5.0,-0.8713,-2.127,-0.13256,-0.0001,0.177,0.8533,0.0,0.0,128.0,672.0
1512340.0,6.0,-1.5647,-13.549,-0.13166,0.0534,1.5,0.8533,0.0,0.0,128.0,694.0
1512380.0,2.0,-2.0847,-12.763,-0.12833,0.1338,3.9,0.5623,0.0,0.0,128.0,729.0
1512421.0,2.0,-3.068,-22.171,-0.11813,0.4228,10.0,2.1081,0.0,0.0,128.0,720.0
1512462.0,2.0,2.5311,-18.851,-0.09341,0.7867,7.935,1.425,0.0,0.0,128.0,715.0
1512503.0,2.0,2.2826,-10.509,-0.05606,1.0322,3.037,0.0896,0.0,0.0,128.0,729.0
1512543.0,2.0,2.0433,-6.883,-0.01466,1.0307,-2.963,-0.1386,0.0,0.0,128.0,760.0
1512584.0,2.0,1.873,-4.528,0.02287,0.7801,-9.113,-0.1438,0.0,0.0,128.0,766.0
1512625.0,2.0,1.8362,-1.562,0.04642,0.3723,-10.0,-0.2352,0.0,0.0,128.0,746.0
1512666.0,2.0,1.9067,1.024,0.05434,0.0484,-4.992,-0.3021,0.0,0.0,128.0,736.0
1512707.0,2.0,2.097,4.118,0.054,-0.0272,1.158,-0.3902,0.0,0.0,128.0,764.0
1512748.0,2.0,2.4068,6.701,0.0555,0.1487,6.863,-0.4484,0.0,0.0,128.0,739.0
1512789.0,2.0,2.7013,7.484,0.06656,0.4006,6.437,-0.5687,0.0,0.0,128.0,743.0
1512829.0,2.0,-2.821,15.888,0.08629,0.5667,1.27,0.64,0.0,0.0,128.0,732.0
1512870.0,2.0,-2.2473,15.8,0.10849,0.4897,-4.88,1.0089,0.0,0.0,128.0,753.0
1512911.0,2.0,-1.6306,15.411,0.1233,0.2055,-9.485,1.4473,0.0,0.0,128.0,751.0
1512952.0,2.0,-1.5769,5.354,0.12383,-0.1942,-10.0,0.2549,0.0,0.0,128.0,724.0
1512992.0,2.0,-1.6874,-1.365,0.10909,-0.5603,-9.841,-0.0884,0.0,0.0,128.0,742.0
1513032.0,2.0,-1.6705,-0.094,0.07984,-0.9109,-6.228,-0.1015,0.0,0.0,128.0,752.0
1513073.0,2.0,-1.7487,-0.76,0.03911,-1.0881,-2.551,-0.1403,0.0,0.0,128.0,755.0
1513114.0,2.0,-2.255,-8.338,-0.00742,-1.1988,-0.553,-0.0851,0.0,0.0,128.0,738.0
1513155.0,5.0,-2.8425,-15.377,-0.05426,-1.1511,3.75,0.4213,0.0,0.0,128.0,695.0
1513195.0,5.0,-3.1186,-8.669,-0.09619,-0.8682,9.9,0.4213,0.0,0.0,128.0,696.0
1513235.0,5.0,2.8057,-7.936,-0.1215,-0.3951,10.8,0.4213,0.0,0.0,128.0,691.0
1513275.0,5.0,2.7136,-3.231,-0.13031,-0.0831,4.95,0.4213,0.0,0.0,128.0,667.0
1513315.0,6.0,2.7704,0.748,-0.13133,0.0017,0.68,0.4213,0.0,0.0,128.0,702.0
1513355.0,6.0,2.8685,2.123,-0.13016,0.0599,1.5,0.4213,0.0,0.0,128.0,722.0
1513395.0,2.0,2.9161,1.394,-0.12544,0.2253,7.05,-0.9629,0.0,0.0,128.0,732.0
1513436.0,2.0,-2.89,9.516,-0.10924,0.6078,10.0,-0.3989,0.0,0.0,128.0,723.0
1513477.0,2.0,-2.462,10.408,-0.07676,0.9974,7.6,-0.0692,0.0,0.0,128.0,743.0
1513517.0,2.0,-2.1353,8.113,-0.03319,1.187,1.94,-0.0679,0.0,0.0,128.0,731.0
1513558.0,2.0,-1.5631,12.142,0.01515,1.1927,-1.393,0.9358,0.0,0.0,128.0,766.0
1513599.0,2.0,-1.3315,6.997,0.06139,1.0712,-5.424,0.6092,0.0,0.0,128.0,737.0
1513640.0,2.0,-1.4818,-2.435,0.09874,0.7431,-7.974,0.1517,0.0,0.0,128.0,760.0
1513680.0,2.0,-1.5677,-2.809,0.12184,0.3958,-10.0,0.0108,0.0,0.0,128.0,761.0
1513721.0,2.0,-1.6843,-2.338,0.12979,-0.0142,-10.0,-0.0616,0.0,0.0,128.0,731.0
1513762.0,2.0,-2.0739,-7.463,0.1212,-0.4242,-10.0,-0.0705,0.0,0.0,128.0,735.0
1513803.0,2.0,-2.7013,-14.957,0.09604,-0.834,-9.85,0.5405,0.0,0.0,128.0,717.0
1513844.0,2.0,2.7121,-19.536,0.05606,-1.1087,-3.7,1.5006,0.0,0.0,128.0,738.0
1513884.0,2.0,2.0862,-17.131,0.01118,-1.1337,2.3,1.3908,0.0,0.0,128.0,751.0
1513924.0,2.0,1.5953,-13.875,-0.03109,-0.9926,4.979,1.2188,0.0,0.0,128.0,752.0
1513965.0,2.0,1.221,-10.192,-0.0672,-0.7703,6.783,1.0183,0.0,0.0,128.0,744.0
1514006.0,2.0,0.8191,-9.355,-0.09229,-0.4592,6.879,1.208,0.0,0.0,128.0,763.0
1514047.0,2.0,0.3145,-11.896,-0.10699,-0.3045,1.629,1.8685,0.0,0.0,128.0,743.0
1514087.0,2.0,0.2163,-3.998,-0.11618,-0.1164,7.629,1.0791,0.0,0.0,128.0,744.0
1514127.0,2.0,-0.1641,-8.111,-0.11471,0.1804,5.588,1.4049,0.0,0.0,128.0,730.0
1514168.0,2.0,-0.6044,-10.68,-0.10373,0.35,3.342,1.5328,0.0,0.0,128.0,736.0
1514208.0,2.0,-0.9327,-7.915,-0.08692,0.5248,5.973,0.9929,0.0,0.0,128.0,737.0
1514248.0,2.0,-1.7165,-17.026,-0.06278,0.6824,3.269,1.6906,0.0,0.0,128.0,752.0
1514289.0,2.0,-2.709,-23.687,-0.03135,0.9031,7.336,2.6567,0.0,0.0,128.0,727.0
1514330.0,5.0,2.6492,-23.702,0.00926,1.1306,2.836,2.9984,0.0,0.0,128.0,659.0
1514370.0,5.0,2.0939,-16.804,0.05558,1.1177,-3.314,2.9984,0.0,0.0,128.0,693.0
1514410.0,5.0,1.5662,-13.392,0.09551,0.8621,-9.314,2.9984,0.0,0.0,128.0,659.0
1514450.0,5.0,1.2395,-9.74,0.12098,0.4013,-10.966,2.9984,0.0,0.0,128.0,661.0
1514490.0,5.0,1.0446,-5.927,0.12998,0.0857,-4.966,2.9984,0.0,0.0,128.0,666.0
1514531.0,6.0,1.0278,-1.283,0.13103,-0.0016,-0.669,2.9984,0.0,0.0,128.0,701.0
1514577.0,2.0,0.8774,-2.208,0.12949,-0.0741,-2.7,0.7222,0.0,0.0,128.0,797.0
1514617.0,2.0,1.1628,5.265,0.12266,-0.314,-8.85,0.5863,0.0,0.0,128.0,721.0
1514658.0,2.0,1.4788,7.069,0.10211,-0.7201,-10.0,0.4269,0.0,0.0,128.0,747.0
1514698.0,2.0,1.9482,10.994,0.06743,-1.0147,-4.45,0.3753,0.0,0.0,128.0,757.0
1514738.0,2.0,2.5418,13.258,0.02565,-1.0697,1.55,0.3257,0.0,0.0,128.0,773.0
1514779.0,2.0,-3.0756,16.862,-0.01463,-0.9001,4.587,0.7991,0.0,0.0,128.0,753.0
1514820.0,2.0,-2.0064,22.864,-0.04879,-0.8339,-1.381,2.8358,0.0,0.0,128.0,772.0
1514861.0,5.0,-1.4788,15.95,-0.08318,-0.8307,2.969,3.2599,0.0,0.0,128.0,674.0
1514901.0,5.0,-1.0247,10.231,-0.11209,-0.5889,8.969,3.2599,0.0,0.0,128.0,662.0
1514942.0,5.0,-0.7701,7.446,-0.12758,-0.1991,7.693,3.2599,0.0,0.0,128.0,645.0
1514982.0,5.0,-0.7102,2.672,-0.13106,-0.0123,1.85,3.2599,0.0,0.0,128.0,652.0
1515022.0,6.0,-0.856,-1.619,-0.13076,0.0342,1.5,3.2599,0.0,0.0,128.0,723.0
1515062.0,2.0,-0.9756,-3.289,-0.12795,0.1392,5.1,0.581,0.0,0.0,128.0,728.0
1515102.0,2.0,-0.9235,1.132,-0.11723,0.4206,6.016,0.6225,0.0,0.0,128.0,735.0
1515143.0,2.0,-1.1351,-3.124,-0.0942,0.7553,9.727,0.5374,0.0,0.0,128.0,726.0
1515183.0,2.0,-1.8208,-13.849,-0.05846,1.0281,3.9,0.9749,0.0,0.0,128.0,732.0
1515223.0,2.0,-2.482,-16.908,-0.01661,1.0638,-0.967,1.0571,0.0,0.0,128.0,751.0
1515264.0,2.0,2.9775,-19.469,0.02696,1.1067,0.044,1.4099,0.0,0.0,128.0,724.0
1515304.0,2.0,2.327,-18.373,0.06896,0.9899,-4.475,1.4548,0.0,0.0,128.0,760.0
1515345.0,2.0,1.8239,-13.68,0.10436,0.7158,-9.583,0.9538,0.0,0.0,128.0,765.0
1515386.0,2.0,1.4005,-11.251,0.12525,0.3064,-10.0,1.0104,0.0,0.0,128.0,742.0
1515427.0,2.0,1.1336,-7.359,0.12998,-0.0726,-8.544,0.7843,0.0,0.0,128.0,730.0
1515468.0,2.0,0.9971,-4.066,0.12071,-0.3804,-6.219,0.6638,0.0,0.0,128.0,740.0
1515509.0,2.0,0.9434,-1.591,0.10099,-0.5867,-3.91,0.6066,0.0,0.0,128.0,724.0
1515550.0,2.0,1.1321,2.884,0.07376,-0.8012,-7.85,0.5267,0.0,0.0,128.0,722.0
1515590.0,2.0,1.5064,8.473,0.03694,-1.0488,-4.128,0.5167,0.0,0.0,128.0,719.0
1515630.0,2.0,1.9819,11.85,-0.00589,-1.0909,1.872,0.5042,0.0,0.0,128.0,758.0
1515671.0,2.0,2.5924,14.266,-0.0468,-0.8849,8.022,0.4405,0.0,0.0,128.0,773.0
1515712.0,2.0,-2.8885,17.688,-0.07493,-0.4879,9.55,0.9864,0.0,0.0,128.0,752.0
1515752.0,2.0,-1.7717,25.799,-0.08839,-0.2289,3.55,3.9961,0.0,0.0,128.0,766.0
1515793.0,2.0,-1.1704,15.991,-0.09469,-0.0442,7.3,1.9607,0.0,0.0,128.0,743.0
1515834.0,2.0,-0.7118,12.026,-0.08925,0.3429,10.0,1.7152,0.0,0.0,128.0,735.0
1515875.0,2.0,-0.362,8.694,-0.0678,0.7115,7.376,1.42,0.0,0.0,128.0,724.0
1515915.0,2.0,-0.1565,5.701,-0.03529,0.9129,2.565,1.1953,0.0,0.0,128.0,732.0
1515956.0,3.0,-0.1856,0.264,0.00195,0.9641,-0.041,0.9814,0.0,0.0,128.0,728.0
1515996.0,3.0,0.1212,4.934,0.04028,0.9458,1.798,1.1466,0.0,0.0,128.0,703.0
1516036.0,5.0,0.4142,6.897,0.07789,0.9184,-3.602,1.1931,0.0,0.0,128.0,672.0
1516076.0,5.0,0.8191,8.488,0.10976,0.6513,-9.602,1.1931,0.0,0.0,128.0,685.0
1516117.0,5.0,1.3208,11.779,0.1272,0.2351,-8.367,1.1931,0.0,0.0,128.0,667.0
1516157.0,5.0,1.9957,15.802,0.13166,0.0195,-2.374,1.1931,0.0,0.0,128.0,672.0
1516197.0,6.0,2.64,16.022,0.13155,-0.0265,-1.5,1.1931,0.0,0.0,128.0,711.0
1516238.0,2.0,-2.6553,23.103,0.12926,-0.0962,-3.0,2.503,0.0,0.0,128.0,738.0
1516279.0,2.0,-1.6475,25.064,0.12128,-0.3484,-9.15,3.9521,0.0,0.0,128.0,732.0
1516320.0,2.0,-1.1413,16.696,0.10159,-0.5944,-3.0,2.1958,0.0,0.0,128.0,728.0
1516361.0,2.0,-0.9066,8.698,0.07556,-0.7248,-4.343,1.0784,0.0,0.0,128.0,726.0
1516401.0,2.0,-0.8529,3.421,0.04444,-0.8637,-3.796,0.7549,0.0,0.0,128.0,733.0
1516441.0,2.0,-0.8897,-1.173,0.00821,-0.9517,0.192,0.609,0.0,0.0,128.0,746.0
1516481.0,2.0,-0.6305,5.239,-0.02827,-0.8883,3.203,0.9653,0.0,0.0,128.0,753.0
1516522.0,2.0,-0.6136,1.626,-0.06038,-0.6888,5.016,0.8484,0.0,0.0,128.0,754.0
1516562.0,2.0,-0.747,-2.209,-0.08258,-0.3964,9.205,0.776,0.0,0.0,128.0,760.0
1516603.0,2.0,-0.9633,-5.353,-0.09101,-0.0088,9.315,0.7503,0.0,0.0,128.0,736.0
1516643.0,2.0,-1.3683,-8.887,-0.08411,0.363,8.015,0.763,0.0,0.0,128.0,732.0
1516684.0,2.0,-1.9282,-12.323,-0.06409,0.6112,3.667,0.5816,0.0,0.0,128.0,732.0
1516724.0,2.0,-2.9452,-21.717,-0.03802,0.7324,5.167,2.0023,0.0,0.0,128.0,730.0
1516765.0,2.0,2.5786,-19.98,-0.0036,0.9603,3.685,1.6747,0.0,0.0,128.0,744.0
1516805.0,2.0,2.1338,-14.424,0.03589,1.0055,-1.789,0.7788,0.0,0.0,128.0,749.0
1516846.0,0.0,1.83,-9.348,0.0711,0.0,0.0,0.2882,0.0,0.0,128.0,590.0
1516886.0,0.0,1.5355,-7.719,0.0711,0.0,0.0,0.2882,0.0,0.0,128.0,564.0
1516926.0,0.0,1.3867,-4.308,0.0711,0.0,0.0,0.2882,0.0,0.0,128.0,549.0
1516967.0,0.0,1.379,-1.139,0.0711,0.0,0.0,0.2882,0.0,0.0,128.0,549.0
1517007.0,0.0,1.4834,1.405,0.0711,0.0,0.0,0.2882,0.0,0.0,128.0,550.0
1517047.0,0.0,1.7303,5.367,0.0711,0.0,0.0,0.2882,0.0,0.0,128.0,556.0
1517088.0,0.0,1.9528,5.659,0.0711,0.0,0.0,0.2882,0.0,0.0,128.0,555.0
1517128.0,0.0,2.5127,12.47,0.0711,0.0,0.0,0.2882,0.0,0.0,128.0,556.0
1517168.0,0.0,2.9621,10.804,0.0711,0.0,0.0,0.2882,0.0,0.0,128.0,551.0
1517208.0,0.0,-2.5878,16.432,0.0711,0.0,0.0,0.2882,0.0,0.0,128.0,557.0
1517248.0,0.0,-1.8699,15.508,0.0711,0.0,0.0,0.2882,0.0,0.0,128.0,557.0
1517289.0,0.0,-1.5677,8.647,0.0711,0.0,0.0,0.2882,0.0,0.0,128.0,557.0
1517329.0,0.0,-1.3913,4.933,0.0711,0.0,0.0,0.2882,0.0,0.0,128.0,549.0
1517369.0,0.0,-1.2947,2.561,0.0711,0.0,0.0,0.2882,0.0,0.0,128.0,543.0
1517410.0,0.0,-1.3468,-0.576,0.0711,0.0,0.0,0.2882,0.0,0.0,128.0,549.0
1517450.0,0.0,-1.5156,-3.581,0.0711,0.0,0.0,0.2882,0.0,0.0,128.0,550.0
1517490.0,0.0,-1.5831,-2.192,0.0711,0.0,0.0,0.2882,0.0,0.0,128.0,550.0
1517531.0,0.0,-2.0003,-5.509,0.0711,0.0,0.0,0.2882,0.0,0.0,128.0,549.0
1517571.0,0.0,-2.7044,-16.985,0.0711,0.0,0.0,0.2882,0.0,0.0,128.0,556.0
1517611.0,0.0,2.9836,-14.834,0.0711,0.0,0.0,0.2882,0.0,0.0,128.0,557.0
1517651.0,0.0,2.5924,-10.622,0.0711,0.0,0.0,0.2882,0.0,0.0,128.0,557.0
1517691.0,0.0,2.1169,-10.23,0.0711,0.0,0.0,0.2882,0.0,0.0,128.0,564.0
1517732.0,0.0,1.8254,-7.766,0.0711,0.0,0.0,0.2882,0.0,0.0,128.0,564.0
1517772.0,0.0,1.6858,-4.306,0.0711,0.0,0.0,0.2882,0.0,0.0,128.0,550.0
1517812.0,0.0,1.6782,-1.028,0.0711,0.0,0.0,0.2882,0.0,0.0,128.0,556.0
1517853.0,0.0,1.7763,1.83,0.0711,0.0,0.0,0.2882,0.0,0.0,128.0,550.0
1517893.0,0.0,2.0157,5.12,0.0711,0.0,0.0,0.2882,0.0,0.0,128.0,556.0
1517933.0,0.0,2.3071,6.979,0.0711,0.0,0.0,0.2882,0.0,0.0,128.0,556.0
1517973.0,0.0,2.6906,9.867,0.0711,0.0,0.0,0.2882,0.0,0.0,128.0,557.0
1518013.0,0.0,-2.9882,14.169,0.0711,0.0,0.0,0.2882,0.0,0.0,128.0,556.0
1518054.0,0.0,-2.5433,12.626,0.0711,0.0,0.0,0.2882,0.0,0.0,128.0,556.0
1518094.0,0.0,-1.9911,14.162,0.0711,0.0,0.0,0.2882,0.0,0.0,128.0,571.0
1518134.0,0.0,-1.6843,13.212,0.0711,0.0,0.0,0.2882,0.0,0.0,128.0,550.0
1518175.0,0.0,-1.5739,3.684,0.0711,0.0,0.0,0.2882,0.0,0.0,128.0,549.0
1518215.0,0.0,-1.5478,1.211,0.0711,0.0,0.0,0.2882,0.0,0.0,128.0,550.0
1518255.0,0.0,-1.5432,0.213,0.0711,0.0,0.0,0.2882,0.0,0.0,128.0,557.0
1518295.0,0.0,-1.7733,-4.297,0.0711,0.0,0.0,0.2882,0.0,0.0,128.0,563.0
1518336.0,0.0,-1.9804,-3.309,0.0711,0.0,0.0,0.2882,0.0,0.0,128.0,557.0
1518376.0,0.0,-2.7673,-16.552,0.0711,0.0,0.0,0.2882,0.0,0.0,128.0,557.0
1518416.0,0.0,3.0373,-12.691,0.0711,0.0,0.0,0.2882,0.0,0.0,128.0,550.0
1518456.0,0.0,2.5326,-12.978,0.0711,0.0,0.0,0.2882,0.0,0.0,128.0,562.0
1518497.0,0.0,2.189,-10.348,0.0711,0.0,0.0,0.2882,0.0,0.0,128.0,556.0
1518537.0,0.0,2.011,-6.473,0.0711,0.0,0.0,0.2882,0.0,0.0,128.0,557.0
1518577.0,0.0,1.8868,-3.484,0.0711,0.0,0.0,0.2882,0.0,0.0,128.0,555.0
1518617.0,0.0,1.9006,-0.492,0.0711,0.0,0.0,0.2882,0.0,0.0,128.0,555.0
1518658.0,0.0,2.0003,1.878,0.0711,0.0,0.0,0.2882,0.0,0.0,128.0,556.0
1518698.0,0.0,2.2105,4.586,0.0711,0.0,0.0,0.2882,0.0,0.0,128.0,557.0
1518738.0,0.0,2.5157,6.974,0.0711,0.0,0.0,0.2882,0.0,0.0,128.0,550.0
1518779.0,0.0,2.844,8.379,0.0711,0.0,0.0,0.2882,0.0,0.0,128.0,550.0
1518819.0,0.0,-2.9391,11.951,0.0711,0.0,0.0,0.2882,0.0,0.0,128.0,556.0
1518859.0,0.0,-2.62,9.064,0.0711,0.0,0.0,0.2882,0.0,0.0,128.0,556.0
1518899.0,0.0,-1.9221,14.88,0.0711,0.0,0.0,0.2882,0.0,0.0,128.0,556.0
1518940.0,0.0,-1.8761,2.636,0.0711,0.0,0.0,0.2882,0.0,0.0,128.0,625.0
1518981.0,0.0,-1.7119,2.339,0.0711,0.0,0.0,0.2882,0.0,0.0,128.0,563.0
1519021.0,0.0,-1.6889,0.865,0.0711,0.0,0.0,0.2882,0.0,0.0,128.0,556.0
1519061.0,0.0,-1.9251,-4.51,0.0711,0.0,0.0,0.2882,0.0,0.0,128.0,555.0
1519101.0,0.0,-2.1338,-4.968,0.0711,0.0,0.0,0.2882,0.0,0.0,128.0,551.0
1519142.0,0.0,-2.6814,-12.049,0.0711,0.0,0.0,0.2882,0.0,0.0,128.0,556.0
1519182.0,0.0,-3.0496,-9.311,0.0711,0.0,0.0,0.2882,0.0,0.0,128.0,557.0
1519222.0,0.0,2.7964,-10.371,0.0711,0.0,0.0,0.2882,0.0,0.0,128.0,556.0
1519263.0,0.0,2.5311,-7.187,0.0711,0.0,0.0,0.2882,0.0,0.0,128.0,556.0
1519303.0,0.0,2.1292,-8.101,0.0711,0.0,0.0,0.2882,0.0,0.0,128.0,557.0
1519343.0,0.0,2.0678,-3.299,0.0711,0.0,0.0,0.2882,0.0,0.0,128.0,556.0
1519383.0,0.0,2.0509,-1.083,0.0711,0.0,0.0,0.2882,0.0,0.0,128.0,557.0
1519424.0,0.0,2.1322,1.34,0.0711,0.0,0.0,0.2882,0.0,0.0,128.0,550.0
1519464.0,0.0,2.3209,3.936,0.0711,0.0,0.0,0.2882,0.0,0.0,128.0,571.0
1519504.0,0.0,2.5878,6.258,0.0711,0.0,0.0,0.2882,0.0,0.0,128.0,556.0
1519545.0,0.0,2.9345,8.67,0.0711,0.0,0.0,0.2882,0.0,0.0,128.0,550.0
1519585.0,0.0,-2.8041,12.887,0.0711,0.0,0.0,0.2882,0.0,0.0,128.0,557.0
1519625.0,0.0,-2.413,11.898,0.0711,0.0,0.0,0.2882,0.0,0.0,128.0,551.0
1519666.0,0.0,-2.2135,5.797,0.0711,0.0,0.0,0.2882,0.0,0.0,128.0,557.0
1519706.0,0.0,-1.7533,11.619,0.0711,0.0,0.0,0.2882,0.0,0.0,128.0,552.0
1519746.0,0.0,-1.8239,0.884,0.0711,0.0,0.0,0.2882,0.0,0.0,128.0,557.0
1519786.0,0.0,-1.853,0.283,0.0711,0.0,0.0,0.2882,0.0,0.0,128.0,563.0
1519827.0,0.0,-2.12,-5.271,0.0711,0.0,0.0,0.2882,0.0,0.0,128.0,564.0
1519867.0,0.0,-2.2642,-4.187,0.0711,0.0,0.0,0.2882,0.0,0.0,128.0,563.0
1519907.0,0.0,-2.8103,-11.513,0.0711,0.0,0.0,0.2882,0.0,0.0,128.0,556.0
1519947.0,0.0,3.1355,-8.661,0.0711,0.0,0.0,0.2882,0.0,0.0,128.0,562.0
1519988.0,0.0,2.7382,-9.732,0.0711,0.0,0.0,0.2882,0.0,0.0,128.0,563.0
1520028.0,0.0,2.5127,-5.84,0.0711,0.0,0.0,0.2882,0.0,0.0,128.0,557.0
1520068.0,0.0,2.1767,-6.729,0.0711,0.0,0.0,0.2882,0.0,0.0,128.0,556.0
1520108.0,0.0,2.1875,-1.631,0.0711,0.0,0.0,0.2882,0.0,0.0,128.0,556.0
1520149.0,0.0,2.2074,-0.078,0.0711,0.0,0.0,0.2882,0.0,0.0,128.0,556.0
1520189.0,0.0,2.304,1.99,0.0711,0.0,0.0,0.2882,0.0,0.0,128.0,557.0
1520229.0,0.0,2.5111,4.45,0.0711,0.0,0.0,0.2882,0.0,0.0,128.0,556.0
1520269.0,0.0,2.6277,3.525,0.0711,0.0,0.0,0.2882,0.0,0.0,128.0,556.0
1520310.0,0.0,-3.0986,10.735,0.0711,0.0,0.0,0.2882,0.0,0.0,128.0,556.0
1520350.0,0.0,-2.8333,7.449,0.0711,0.0,0.0,0.2882,0.0,0.0,128.0,557.0
1520390.0,0.0,-2.5418,6.58,0.0711,0.0,0.0,0.2882,0.0,0.0,128.0,556.0
1520431.0,0.0,-2.1246,9.709,0.0711,0.0,0.0,0.2882,0.0,0.0,128.0,556.0
1520471.0,0.0,-1.8515,8.96,0.0711,0.0,0.0,0.2882,0.0,0.0,128.0,556.0
1520511.0,0.0,-2.0018,-0.87,0.0711,0.0,0.0,0.2882,0.0,0.0,128.0,550.0
1520552.0,0.0,-2.1737,-3.296,0.0711,0.0,0.0,0.2882,0.0,0.0,128.0,550.0
1520592.0,0.0,-2.3608,-4.337,0.0711,0.0,0.0,0.2882,0.0,0.0,128.0,557.0
1520632.0,0.0,-2.7167,-7.938,0.0711,0.0,0.0,0.2882,0.0,0.0,128.0,557.0
1520672.0,0.0,-2.9345,-6.081,0.0711,0.0,0.0,0.2882,0.0,0.0,128.0,564.0
1520713.0,0.0,2.9192,-8.965,0.0711,0.0,0.0,0.2882,0.0,0.0,128.0,557.0
1520753.0,0.0,2.5924,-8.351,0.0711,0.0,0.0,0.2882,0.0,0.0,128.0,557.0
1520793.0,0.0,2.3608,-6.442,0.0711,0.0,0.0,0.2882,0.0,0.0,128.0,556.0
1520833.0,0.0,2.2872,-3.607,0.0711,0.0,0.0,0.2882,0.0,0.0,128.0,556.0
1520874.0,0.0,2.3086,-0.104,0.0711,0.0,0.0,0.2882,0.0,0.0,128.0,550.0
1520914.0,0.0,2.3669,1.266,0.0711,0.0,0.0,0.2882,0.0,0.0,128.0,556.0
1520954.0,0.0,2.5219,3.263,0.0711,0.0,0.0,0.2882,0.0,0.0,128.0,552.0
1520994.0,0.0,2.7105,4.687,0.0711,0.0,0.0,0.2882,0.0,0.0,128.0,564.0
1521035.0,0.0,3.0342,7.643,0.0711,0.0,0.0,0.2882,0.0,0.0,128.0,564.0
1521075.0,0.0,-2.9238,8.516,0.0711,0.0,0.0,0.2882,0.0,0.0,128.0,558.0
1521115.0,0.0,-2.5433,9.565,0.0711,0.0,0.0,0.2882,0.0,0.0,128.0,556.0
1521155.0,0.0,-2.3577,5.185,0.0711,0.0,0.0,0.2882,0.0,0.0,128.0,551.0
1521196.0,0.0,-1.9205,9.836,0.0711,0.0,0.0,0.2882,0.0,0.0,128.0,556.0
1521236.0,0.0,-2.2365,-3.882,0.0711,0.0,0.0,0.2882,0.0,0.0,128.0,557.0
1521276.0,0.0,-2.2734,-2.714,0.0711,0.0,0.0,0.2882,0.0,0.0,128.0,570.0
1521316.0,0.0,-2.4314,-3.47,0.0711,0.0,0.0,0.2882,0.0,0.0,128.0,550.0
1521357.0,0.0,-2.7044,-6.217,0.0711,0.0,0.0,0.2882,0.0,0.0,128.0,550.0
1521397.0,0.0,-2.9284,-6.07,0.0711,0.0,0.0,0.2882,0.0,0.0,128.0,556.0
1521437.0,0.0,3.0097,-7.925,0.0711,0.0,0.0,0.2882,0.0,0.0,128.0,557.0
1521477.0,0.0,2.6921,-7.286,0.0711,0.0,0.0,0.2882,0.0,0.0,128.0,557.0
1521517.0,0.0,2.6108,-3.068,0.0711,0.0,0.0,0.2882,0.0,0.0,128.0,556.0
1521558.0,0.0,2.3669,-4.459,0.0711,0.0,0.0,0.2882,0.0,0.0,128.0,557.0
1521598.0,0.0,2.3501,-0.8,0.0711,0.0,0.0,0.2882,0.0,0.0,128.0,557.0
1521638.0,0.0,2.459,1.942,0.0711,0.0,0.0,0.2882,0.0,0.0,128.0,556.0
1521678.0,0.0,2.5863,2.889,0.0711,0.0,0.0,0.2882,0.0,0.0,128.0,556.0
1521719.0,0.0,2.7765,4.449,0.0711,0.0,0.0,0.2882,0.0,0.0,128.0,556.0
1521759.0,0.0,2.9959,5.04,0.0711,0.0,0.0,0.2882,0.0,0.0,128.0,558.0
1521799.0,0.0,-2.956,8.082,0.0711,0.0,0.0,0.2882,0.0,0.0,128.0,551.0
1521840.0,0.0,-2.6062,9.048,0.0711,0.0,0.0,0.2882,0.0,0.0,128.0,558.0
1521880.0,0.0,-2.5894,1.618,0.0711,0.0,0.0,0.2882,0.0,0.0,128.0,565.0
1521920.0,0.0,-2.2749,5.464,0.0711,0.0,0.0,0.2882,0.0,0.0,128.0,556.0
1521960.0,0.0,-2.1936,2.511,0.0711,0.0,0.0,0.2882,0.0,0.0,128.0,556.0
1522000.0,0.0,-2.3807,-4.465,0.0711,0.0,0.0,0.2882,0.0,0.0,128.0,549.0
1522040.0,0.0,-2.5617,-4.137,0.0711,0.0,0.0,0.2882,0.0,0.0,128.0,556.0
1522081.0,0.0,-2.6691,-3.284,0.0711,0.0,0.0,0.2882,0.0,0.0,128.0,556.0
1522121.0,0.0,-2.9775,-6.816,0.0711,0.0,0.0,0.2882,0.0,0.0,128.0,557.0
1522161.0,0.0,3.0127,-7.411,0.0711,0.0,0.0,0.2882,0.0,0.0,128.0,551.0
1522202.0,0.0,2.7796,-6.739,0.0711,0.0,0.0,0.2882,0.0,0.0,128.0,550.0
1522242.0,0.0,2.5817,-5.326,0.0711,0.0,0.0,0.2882,0.0,0.0,128.0,556.0
1522282.0,0.0,2.4482,-4.679,0.0711,0.0,0.0,0.2882,0.0,0.0,128.0,557.0
1522322.0,0.0,2.5249,0.386,0.0711,0.0,0.0,0.2882,0.0,0.0,128.0,557.0
1522362.0,0.0,2.5679,1.019,0.0711,0.0,0.0,0.2882,0.0,0.0,128.0,550.0
1522402.0,0.0,2.6722,2.289,0.0711,0.0,0.0,0.2882,0.0,0.0,128.0,556.0
1522443.0,0.0,2.7535,2.145,0.0711,0.0,0.0,0.2882,0.0,0.0,128.0,556.0
1522483.0,0.0,3.0848,6.859,0.0711,0.0,0.0,0.2882,0.0,0.0,128.0,552.0
1522523.0,0.0,-3.0066,5.63,0.0711,0.0,0.0,0.2882,0.0,0.0,128.0,571.0
1522563.0,0.0,-2.7642,5.781,0.0711,0.0,0.0,0.2882,0.0,0.0,128.0,550.0
1522603.0,0.0,-2.4452,7.152,0.0711,0.0,0.0,0.2882,0.0,0.0,128.0,562.0
1522644.0,0.0,-2.2089,7.05,0.0711,0.0,0.0,0.2882,0.0,0.0,128.0,556.0
1522684.0,0.0,-2.4498,-3.32,0.0711,0.0,0.0,0.2882,0.0,0.0,128.0,557.0
1522724.0,0.0,-2.5556,-2.862,0.0711,0.0,0.0,0.2882,0.0,0.0,128.0,556.0
1522765.0,0.0,-2.6308,-2.164,0.0711,0.0,0.0,0.2882,0.0,0.0,128.0,550.0
1522805.0,0.0,-2.8072,-3.952,0.0711,0.0,0.0,0.2882,0.0,0.0,128.0,557.0
1522845.0,0.0,-3.0204,-5.11,0.0711,0.0,0.0,0.2882,0.0,0.0,128.0,549.0
1522885.0,0.0,3.0066,-6.021,0.0711,0.0,0.0,0.2882,0.0,0.0,128.0,556.0
1522926.0,0.0,2.7566,-6.285,0.0711,0.0,0.0,0.2882,0.0,0.0,128.0,556.0
1522966.0,0.0,2.6553,-3.231,0.0711,0.0,0.0,0.2882,0.0,0.0,128.0,556.0
1523006.0,0.0,2.5295,-2.781,0.0711,0.0,0.0,0.2882,0.0,0.0,128.0,552.0
1523046.0,0.0,2.5188,-0.729,0.0711,0.0,0.0,0.2882,0.0,0.0,128.0,557.0
1523086.0,0.0,2.6722,2.733,0.0711,0.0,0.0,0.2882,0.0,0.0,128.0,565.0
1523127.0,0.0,2.8041,3.289,0.0711,0.0,0.0,0.2882,0.0,0.0,128.0,558.0
1523167.0,0.0,2.9176,3.038,0.0711,0.0,0.0,0.2882,0.0,0.0,128.0,557.0
1523207.0,0.0,3.0403,2.744,0.0711,0.0,0.0,0.2882,0.0,0.0,128.0,550.0
1523247.0,0.0,-2.9391,6.488,0.0711,0.0,0.0,0.2882,0.0,0.0,128.0,551.0
1523287.0,0.0,-2.7811,4.655,0.0711,0.0,0.0,0.2882,0.0,0.0,128.0,556.0
1523328.0,0.0,-2.3899,8.62,0.0711,0.0,0.0,0.2882,0.0,0.0,128.0,550.0
1523368.0,0.0,-2.4728,0.287,0.0711,0.0,0.0,0.2882,0.0,0.0,128.0,557.0
1523408.0,0.0,-2.571,-2.107,0.0711,0.0,0.0,0.2882,0.0,0.0,128.0,557.0
1523448.0,0.0,-2.686,-2.943,0.0711,0.0,0.0,0.2882,0.0,0.0,128.0,571.0
1523488.0,0.0,-2.8026,-2.896,0.0711,0.0,0.0,0.2882,0.0,0.0,128.0,550.0
1523529.0,0.0,-2.887,-2.368,0.0711,0.0,0.0,0.2882,0.0,0.0,128.0,556.0
1523569.0,0.0,-3.1401,-5.267,0.0711,0.0,0.0,0.2882,0.0,0.0,128.0,563.0
1523609.0,0.0,2.9744,-4.54,0.0711,0.0,0.0,0.2882,0.0,0.0,128.0,556.0
1523650.0,0.0,2.7811,-4.755,0.0711,0.0,0.0,0.2882,0.0,0.0,128.0,551.0
1523690.0,0.0,2.6047,-4.742,0.0711,0.0,0.0,0.2882,0.0,0.0,128.0,557.0
1523730.0,0.0,2.597,-1.309,0.0711,0.0,0.0,0.2882,0.0,0.0,128.0,556.0
1523771.0,0.0,2.6676,0.563,0.0711,0.0,0.0,0.2882,0.0,0.0,128.0,556.0
1523811.0,0.0,2.7964,2.861,0.0711,0.0,0.0,0.2882,0.0,0.0,128.0,556.0
1523851.0,0.0,2.9345,3.308,0.0711,0.0,0.0,0.2882,0.0,0.0,128.0,552.0
1523891.0,0.0,2.9943,2.019,0.0711,0.0,0.0,0.2882,0.0,0.0,128.0,550.0
1523931.0,0.0,-3.0772,4.585,0.0711,0.0,0.0,0.2882,0.0,0.0,128.0,565.0
1523972.0,0.0,-2.8685,5.434,0.0711,0.0,0.0,0.2882,0.0,0.0,128.0,557.0
1524012.0,0.0,-2.7243,4.061,0.0711,0.0,0.0,0.2882,0.0,0.0,128.0,550.0
1524052.0,0.0,-2.4912,5.185,0.0711,0.0,0.0,0.2882,0.0,0.0,128.0,556.0
1524092.0,0.0,-2.5571,0.27,0.0711,0.0,0.0,0.2882,0.0,0.0,128.0,557.0
1524133.0,0.0,-2.6661,-2.42,0.0711,0.0,0.0,0.2882,0.0,0.0,128.0,556.0
1524173.0,0.0,-2.8087,-3.744,0.0711,0.0,0.0,0.2882,0.0,0.0,128.0,556.0
1524213.0,0.0,-2.9437,-3.449,0.0711,0.0,0.0,0.2882,0.0,0.0,128.0,557.0
1524253.0,0.0,-3.0127,-2.105,0.0711,0.0,0.0,0.2882,0.0,0.0,128.0,556.0
1524293.0,0.0,3.045,-4.888,0.0711,0.0,0.0,0.2882,0.0,0.0,128.0,550.0
1524333.0,0.0,2.9161,-3.739,0.0711,0.0,0.0,0.2882,0.0,0.0,128.0,557.0
1524374.0,0.0,2.7903,-3.149,0.0711,0.0,0.0,0.2882,0.0,0.0,128.0,556.0
1524414.0,0.0,2.7075,-2.59,0.0711,0.0,0.0,0.2882,0.0,0.0,128.0,564.0
1524454.0,0.0,2.6047,-3.121,0.0711,0.0,0.0,0.2882,0.0,0.0,128.0,549.0
1524494.0,0.0,2.8287,3.556,0.0711,0.0,0.0,0.2882,0.0,0.0,128.0,550.0
1524534.0,0.0,2.9391,3.14,0.0711,0.0,0.0,0.2882,0.0,0.0,128.0,556.0
1524575.0,0.0,3.0403,2.657,0.0711,0.0,0.0,0.2882,0.0,0.0,128.0,556.0
1524615.0,0.0,3.0388,0.043,0.0711,0.0,0.0,0.2882,0.0,0.0,128.0,557.0
1524655.0,0.0,-2.9437,5.851,0.0711,0.0,0.0,0.2882,0.0,0.0,128.0,549.0
1524695.0,0.0,-2.7489,5.085,0.0711,0.0,0.0,0.2882,0.0,0.0,128.0,556.0
1524736.0,0.0,-2.8655,-0.992,0.0711,0.0,0.0,0.2882,0.0,0.0,128.0,556.0
1524776.0,0.0,-2.5587,5.678,0.0711,0.0,0.0,0.2882,0.0,0.0,128.0,557.0
1524816.0,0.0,-2.574,1.529,0.0711,0.0,0.0,0.2882,0.0,0.0,128.0,571.0
1524856.0,0.0,-2.8195,-4.372,0.0711,0.0,0.0,0.2882,0.0,0.0,128.0,556.0
1524897.0,0.0,-2.9437,-3.361,0.0711,0.0,0.0,0.2882,0.0,0.0,128.0,556.0
1524937.0,0.0,-3.048,-2.733,0.0711,0.0,0.0,0.2882,0.0,0.0,128.0,557.0
1524977.0,0.0,-3.1032,-1.258,0.0711,0.0,0.0,0.2882,0.0,0.0,128.0,556.0
1525017.0,0.0,2.9514,-4.638,0.0711,0.0,0.0,0.2882,0.0,0.0,128.0,557.0
1525058.0,0.0,2.8471,-2.653,0.0711,0.0,0.0,0.2882,0.0,0.0,128.0,556.0
1525098.0,0.0,2.9192,0.78,0.0711,0.0,0.0,0.2882,0.0,0.0,128.0,557.0
1525138.0,0.0,2.8072,-1.47,0.0711,0.0,0.0,0.2882,0.0,0.0,128.0,556.0
1525178.0,0.0,2.778,-1.032,0.0711,0.0,0.0,0.2882,0.0,0.0,128.0,557.0
1525219.0,0.0,2.9498,3.196,0.0711,0.0,0.0,0.2882,0.0,0.0,128.0,551.0
1525259.0,0.0,3.0649,2.992,0.0711,0.0,0.0,0.2882,0.0,0.0,128.0,556.0
1525299.0,0.0,3.091,1.147,0.0711,0.0,0.0,0.2882,0.0,0.0,128.0,557.0
1525339.0,0.0,-3.0342,3.423,0.0711,0.0,0.0,0.2882,0.0,0.0,128.0,551.0
1525380.0,0.0,-2.9023,3.965,0.0711,0.0,0.0,0.2882,0.0,0.0,128.0,557.0
1525420.0,0.0,-2.7013,5.128,0.0711,0.0,0.0,0.2882,0.0,0.0,128.0,557.0
1525460.0,0.0,-2.9284,-3.54,0.0711,0.0,0.0,0.2882,0.0,0.0,128.0,556.0
1525500.0,0.0,-2.7228,2.905,0.0711,0.0,0.0,0.2882,0.0,0.0,128.0,550.0
1525541.0,0.0,-2.8716,-2.079,0.0711,0.0,0.0,0.2882,0.0,0.0,128.0,551.0
1525581.0,0.0,-2.9698,-3.126,0.0711,0.0,0.0,0.2882,0.0,0.0,128.0,556.0
1525621.0,0.0,-3.0603,-2.378,0.0711,0.0,0.0,0.2882,0.0,0.0,128.0,552.0
1525661.0,0.0,-3.068,-0.524,0.0711,0.0,0.0,0.2882,0.0,0.0,128.0,558.0
1525702.0,0.0,3.0511,-3.08,0.0711,0.0,0.0,0.2882,0.0,0.0,128.0,558.0
1525742.0,0.0,2.9943,-1.832,0.0711,0.0,0.0,0.2882,0.0,0.0,128.0,564.0
1525782.0,0.0,2.9192,-1.306,0.0711,0.0,0.0,0.2882,0.0,0.0,128.0,570.0
1525822.0,0.0,2.8593,-1.594,0.0711,0.0,0.0,0.2882,0.0,0.0,128.0,556.0
1525862.0,0.0,2.7596,-2.803,0.0711,0.0,0.0,0.2882,0.0,0.0,128.0,550.0
1525903.0,0.0,2.9514,3.047,0.0711,0.0,0.0,0.2882,0.0,0.0,128.0,556.0
1525943.0,0.0,3.0634,2.985,0.0711,0.0,0.0,0.2882,0.0,0.0,128.0,557.0
1525983.0,0.0,3.1155,1.656,0.0711,0.0,0.0,0.2882,0.0,0.0,128.0,557.0
1526023.0,0.0,3.1385,0.291,0.0711,0.0,0.0,0.2882,0.0,0.0,128.0,556.0
1526064.0,0.0,-2.9498,4.085,0.0711,0.0,0.0,0.2882,0.0,0.0,128.0,556.0
1526104.0,0.0,-2.8394,3.278,0.0711,0.0,0.0,0.2882,0.0,0.0,128.0,557.0
1526144.0,0.0,-2.9759,-2.154,0.0711,0.0,0.0,0.2882,0.0,0.0,128.0,551.0
1526185.0,0.0,-2.7305,4.009,0.0711,0.0,0.0,0.2882,0.0,0.0,128.0,556.0
1526225.0,0.0,-2.8363,-0.725,0.0711,0.0,0.0,0.2882,0.0,0.0,128.0,556.0
1526265.0,0.0,-2.9989,-3.848,0.0711,0.0,0.0,0.2882,0.0,0.0,128.0,557.0
1526305.0,0.0,-3.071,-2.004,0.0711,0.0,0.0,0.2882,0.0,0.0,128.0,556.0
1526346.0,0.0,-3.0756,-0.628,0.0711,0.0,0.0,0.2882,0.0,0.0,128.0,556.0
1526386.0,0.0,3.0956,-2.266,0.0711,0.0,0.0,0.2882,0.0,0.0,128.0,557.0
1526426.0,0.0,3.0311,-1.739,0.0711,0.0,0.0,0.2882,0.0,0.0,128.0,558.0
1526467.0,0.0,2.9299,-2.289,0.0711,0.0,0.0,0.2882,0.0,0.0,128.0,556.0
1526507.0,0.0,2.8363,-2.232,0.0711,0.0,0.0,0.2882,0.0,0.0,128.0,558.0
1526547.0,0.0,2.9529,1.739,0.0711,0.0,0.0,0.2882,0.0,0.0,128.0,557.0
1526587.0,0.0,3.025,2.038,0.0711,0.0,0.0,0.2882,0.0,0.0,128.0,556.0
1526627.0,0.0,3.1339,2.714,0.0711,0.0,0.0,0.2882,0.0,0.0,128.0,549.0
1526667.0,0.0,-3.1385,0.839,0.0711,0.0,0.0,0.2882,0.0,0.0,128.0,557.0
1526708.0,0.0,3.1293,-0.63,0.0711,0.0,0.0,0.2882,0.0,0.0,128.0,556.0
1526748.0,0.0,-2.959,3.917,0.0711,0.0,0.0,0.2882,0.0,0.0,128.0,552.0
1526788.0,0.0,-2.9498,0.687,0.0711,0.0,0.0,0.2882,0.0,0.0,128.0,559.0
1526829.0,0.0,-2.8992,1.218,0.0711,0.0,0.0,0.2882,0.0,0.0,128.0,557.0
1526869.0,0.0,-2.8532,1.054,0.0711,0.0,0.0,0.2882,0.0,0.0,128.0,550.0
1526909.0,0.0,-2.821,1.403,0.0711,0.0,0.0,0.2882,0.0,0.0,128.0,550.0
1526949.0,0.0,-3.0281,-3.93,0.0711,0.0,0.0,0.2882,0.0,0.0,128.0,556.0
1526990.0,0.0,-3.137,-3.127,0.0711,0.0,0.0,0.2882,0.0,0.0,128.0,556.0
1527030.0,0.0,3.1263,-1.048,0.0711,0.0,0.0,0.2882,0.0,0.0,128.0,551.0
1527070.0,0.0,-3.1416,0.423,0.0711,0.0,0.0,0.2882,0.0,0.0,128.0,550.0
1527111.0,0.0,3.0327,-2.14,0.0711,0.0,0.0,0.2882,0.0,0.0,128.0,557.0
1527151.0,0.0,3.0327,-0.369,0.0711,0.0,0.0,0.2882,0.0,0.0,128.0,558.0
1527191.0,0.0,2.9468,-1.786,0.0711,0.0,0.0,0.2882,0.0,0.0,128.0,556.0
1527231.0,0.0,2.9176,-1.037,0.0711,0.0,0.0,0.2882,0.0,0.0,128.0,556.0
1527272.0,0.0,2.9713,0.606,0.0711,0.0,0.0,0.2882,0.0,0.0,128.0,556.0
1527312.0,0.0,3.1401,3.585,0.0711,0.0,0.0,0.2882,0.0,0.0,128.0,552.0
1527352.0,2.0,-3.0879,1.387,0.07215,0.0945,5.25,-0.9876,0.0,0.0,128.0,744.0
1527393.0,5.0,-2.9008,3.58,0.0816,0.393,6.3,-0.9522,0.0,0.0,128.0,681.0
1527433.0,5.0,-2.7872,3.446,0.10035,0.522,0.3,-0.9522,0.0,0.0,128.0,675.0
1527473.0,5.0,-2.4283,8.11,0.11966,0.411,-5.7,-0.9522,0.0,0.0,128.0,682.0
1527514.0,5.0,-2.5955,-0.419,0.13027,0.1185,-5.926,-0.9522,0.0,0.0,128.0,679.0
1527554.0,5.0,-2.6875,-1.827,0.13193,0.0002,-0.273,-0.9522,0.0,0.0,128.0,688.0
1527594.0,6.0,-3.0357,-8.023,0.13114,-0.0501,-1.5,-0.9522,0.0,0.0,128.0,704.0
1527634.0,2.0,3.0695,-6.504,0.12776,-0.1481,-4.8,-0.7323,0.0,0.0,128.0,731.0
1527674.0,2.0,2.89,-5.078,0.1167,-0.4605,-10.0,-0.8045,0.0,0.0,128.0,739.0
1527715.0,2.0,2.5663,-5.824,0.09172,-0.7453,-4.018,-0.6208,0.0,0.0,128.0,744.0
1527755.0,2.0,2.393,-3.434,0.06079,-0.7999,0.0,-0.6572,0.0,0.0,128.0,743.0
1527796.0,2.0,2.1767,-4.808,0.02854,-0.7999,0.0,-0.4216,0.0,0.0,128.0,732.0
1527837.0,2.0,2.0555,-3.571,-0.00371,-0.7999,0.0,-0.3681,0.0,0.0,128.0,747.0
1527878.0,2.0,2.0739,-0.324,-0.03593,-0.7989,0.482,-0.4783,0.0,0.0,128.0,744.0
1527918.0,2.0,2.2565,3.398,-0.06544,-0.6571,6.469,-0.5354,0.0,0.0,128.0,775.0
1527959.0,2.0,2.5955,7.255,-0.0852,-0.2869,10.0,-0.5116,0.0,0.0,128.0,743.0
1528000.0,2.0,3.0403,10.553,-0.08876,0.1231,10.0,-0.2939,0.0,0.0,128.0,738.0
1528040.0,2.0,-2.3209,19.394,-0.07635,0.5073,7.9,1.6372,0.0,0.0,128.0,713.0
1528081.0,2.0,-1.7349,17.314,-0.05123,0.7021,1.75,1.8435,0.0,0.0,128.0,743.0
1528122.0,2.0,-1.0523,16.777,-0.02141,0.7905,1.6,2.3112,0.0,0.0,128.0,700.0
1528162.0,2.0,-0.8437,7.721,0.01001,0.7828,-1.954,1.0521,0.0,0.0,128.0,740.0
1528202.0,2.0,-0.655,5.181,0.03896,0.6647,-4.643,0.9765,0.0,0.0,128.0,736.0
1528243.0,2.0,-0.6565,-0.643,0.06143,0.433,-5.256,0.77,0.0,0.0,128.0,754.0
1528283.0,2.0,-0.2362,8.776,0.07376,0.1975,-3.938,1.4536,0.0,0.0,128.0,757.0
1528324.0,2.0,0.1749,10.098,0.07987,0.1171,-1.608,1.6274,0.0,0.0,128.0,722.0
1528365.0,2.0,0.5277,8.975,0.08265,-0.0001,-3.644,1.3719,0.0,0.0,128.0,743.0
1528406.0,2.0,1.0216,11.532,0.07973,-0.1471,-3.167,1.3654,0.0,0.0,128.0,710.0
1528446.0,2.0,1.5309,12.444,0.07133,-0.2987,-5.069,1.0097,0.0,0.0,128.0,730.0
1528486.0,2.0,2.1813,15.27,0.05603,-0.4688,-2.674,0.8905,0.0,0.0,128.0,728.0
1528527.0,2.0,2.9959,19.625,0.0354,-0.5759,-4.686,1.441,0.0,0.0,128.0,718.0
1528567.0,2.0,-2.4053,20.489,0.00919,-0.7593,-3.469,1.9201,0.0,0.0,128.0,737.0
1528608.0,2.0,-1.5156,21.171,-0.02273,-0.7945,1.2,2.9595,0.0,0.0,128.0,731.0
1528648.0,2.0,-1.1888,11.137,-0.05149,-0.6235,7.191,1.2264,0.0,0.0,128.0,751.0
1528689.0,2.0,-0.882,7.651,-0.07147,-0.3538,6.674,1.0294,0.0,0.0,128.0,746.0
1528729.0,2.0,-0.813,2.68,-0.08055,-0.1123,4.749,0.7586,0.0,0.0,128.0,748.0
1528769.0,2.0,-0.8299,-0.166,-0.08141,0.0849,6.598,0.6848,0.0,0.0,128.0,744.0
1528809.0,2.0,-1.0431,-4.709,-0.07196,0.4081,7.982,0.6217,0.0,0.0,128.0,732.0
1528850.0,2.0,-1.0308,-0.032,-0.04935,0.7028,5.049,0.5248,0.0,0.0,128.0,738.0
1528891.0,2.0,-1.4036,-6.707,-0.0183,0.7997,0.15,0.4963,0.0,0.0,128.0,743.0
1528931.0,2.0,-2.1138,-14.587,0.0126,0.7381,-3.703,0.8486,0.0,0.0,128.0,757.0
1528972.0,2.0,-3.0219,-22.034,0.03855,0.5511,-2.759,2.075,0.0,0.0,128.0,722.0
1529012.0,2.0,2.5326,-20.191,0.05974,0.5574,1.426,1.7967,0.0,0.0,128.0,724.0
1529052.0,2.0,1.9604,-15.372,0.08119,0.4914,-4.574,1.1574,0.0,0.0,128.0,758.0
1529093.0,2.0,1.4803,-12.095,0.09593,0.2051,-8.424,1.0406,0.0,0.0,128.0,759.0
1529134.0,2.0,1.152,-8.775,0.09742,-0.1284,-6.938,0.9233,0.0,0.0,128.0,738.0
1529174.0,2.0,0.948,-5.868,0.08768,-0.3615,-4.879,0.8223,0.0,0.0,128.0,723.0
1529214.0,2.0,0.747,-4.527,0.0705,-0.502,-3.29,0.8309,0.0,0.0,128.0,716.0
1529254.0,2.0,0.7747,-0.987,0.04789,-0.6264,-0.854,0.7613,0.0,0.0,128.0,704.0
1529295.0,2.0,1.0876,5.863,0.02063,-0.7385,-2.671,0.6885,0.0,0.0,128.0,738.0
1529336.0,2.0,1.4159,7.773,-0.01084,-0.7999,0.0,0.5304,0.0,0.0,128.0,730.0
1529376.0,2.0,1.7763,8.756,-0.04174,-0.7361,4.3,0.2899,0.0,0.0,128.0,723.0
1529416.0,2.0,2.3608,13.555,-0.06589,-0.4416,10.0,0.4325,0.0,0.0,128.0,765.0
1529457.0,2.0,-3.0741,19.281,-0.07575,-0.0473,7.9,1.3498,0.0,0.0,128.0,744.0
1529498.0,2.0,-2.008,25.123,-0.07298,0.1474,1.75,3.5674,0.0,0.0,128.0,778.0
1529539.0,2.0,-1.2118,19.71,-0.06622,0.2118,4.0,2.865,0.0,0.0,128.0,736.0
1529579.0,2.0,-0.6964,13.939,-0.05329,0.4939,9.4,2.0243,0.0,0.0,128.0,708.0
1529619.0,2.0,-0.3927,8.555,-0.02805,0.755,3.63,1.3957,0.0,0.0,128.0,715.0
1529659.0,2.0,-0.1795,5.751,0.00304,0.7992,-0.289,1.1942,0.0,0.0,128.0,766.0
1529700.0,2.0,-0.0859,2.583,0.03469,0.7531,-2.985,1.0417,0.0,0.0,128.0,741.0
1529742.0,5.0,0.428,9.421,0.06446,0.759,2.565,1.4602,0.0,0.0,128.0,737.0
1529782.0,5.0,0.9618,12.888,0.09555,0.735,-3.585,1.4602,0.0,0.0,128.0,674.0
1529822.0,5.0,1.4189,11.72,0.12023,0.4686,-9.585,1.4602,0.0,0.0,128.0,659.0
1529862.0,5.0,2.0356,13.752,0.1314,0.1211,-5.968,1.4602,0.0,0.0,128.0,672.0
1529903.0,5.0,2.732,16.958,0.13313,0.0007,-0.273,1.4602,0.0,0.0,128.0,686.0
1529943.0,6.0,-2.5909,22.979,0.1323,-0.0504,-1.5,1.4602,0.0,0.0,128.0,709.0
1529984.0,2.0,-1.695,25.053,0.12908,-0.1186,-2.85,3.926,0.0,0.0,128.0,757.0
1530024.0,2.0,-1.2855,11.752,0.12315,-0.1741,-2.25,1.1722,0.0,0.0,128.0,732.0
1530064.0,2.0,-0.9158,8.883,0.11374,-0.3208,-5.473,1.144,0.0,0.0,128.0,751.0
1530105.0,2.0,-0.7823,3.757,0.0954,-0.6094,-7.561,0.8223,0.0,0.0,128.0,722.0
1530145.0,2.0,-0.747,1.516,0.06716,-0.79,-1.6,0.7378,0.0,0.0,128.0,731.0
1530186.0,2.0,-0.3175,8.606,0.03499,-0.7913,1.535,1.4126,0.0,0.0,128.0,732.0
1530226.0,2.0,-0.2347,4.039,0.00581,-0.6932,1.616,1.0865,0.0,0.0,128.0,749.0
1530266.0,3.0,-0.3175,-0.507,-0.02089,-0.6769,-1.135,0.9516,0.0,0.0,128.0,725.0
1530307.0,3.0,-0.1641,2.162,-0.05048,-0.792,-1.453,1.0161,0.0,0.0,128.0,702.0
1530347.0,3.0,0.066,4.493,-0.0813,-0.7271,4.547,1.1254,0.0,0.0,128.0,717.0
1530388.0,3.0,0.0767,1.384,-0.10661,-0.5425,2.885,1.0092,0.0,0.0,128.0,733.0
1530428.0,3.0,0.3099,5.119,-0.12424,-0.3041,8.885,1.118,0.0,0.0,128.0,701.0
1530468.0,3.0,0.1243,-1.924,-0.12881,0.0608,6.785,1.0157,0.0,0.0,128.0,704.0
1530509.0,3.0,0.1181,-0.478,-0.12255,0.2158,1.698,0.9945,0.0,0.0,128.0,700.0
1530549.0,3.0,0.1687,0.823,-0.11287,0.3014,4.492,0.9901,0.0,0.0,128.0,708.0
1530590.0,3.0,0.0982,-1.224,-0.09675,0.4748,1.78,1.0047,0.0,0.0,128.0,716.0
1530630.0,3.0,0.1304,0.127,-0.07665,0.5718,3.533,0.9916,0.0,0.0,128.0,702.0
1530671.0,3.0,0.1687,0.995,-0.05044,0.7424,3.899,0.9921,0.0,0.0,128.0,701.0
1530711.0,3.0,0.2224,1.054,-0.01946,0.7998,0.0,0.9824,0.0,0.0,128.0,672.0
1530752.0,3.0,0.2178,0.66,0.01298,0.7998,0.0,0.9791,0.0,0.0,128.0,716.0
1530792.0,3.0,0.3912,3.32,0.04455,0.7998,0.0,0.9941,0.0,0.0,128.0,672.0
1530833.0,5.0,0.5415,3.744,0.07706,0.7989,-0.45,0.9453,0.0,0.0,128.0,811.0
1530873.0,5.0,0.9741,8.823,0.10658,0.6579,-6.45,0.9453,0.0,0.0,128.0,674.0
1530914.0,5.0,1.3913,10.325,0.12638,0.2849,-9.232,0.9453,0.0,0.0,128.0,654.0
1530954.0,5.0,1.9942,14.055,0.13211,0.0383,-3.388,0.9453,0.0,0.0,128.0,668.0
1530995.0,6.0,2.5265,13.184,0.13238,-0.0172,-1.5,0.9453,0.0,0.0,128.0,717.0
1531035.0,6.0,-2.933,17.607,0.13054,-0.0772,-1.5,0.9453,0.0,0.0,128.0,712.0
1531076.0,2.0,-2.0509,19.372,0.12517,-0.2332,-6.75,1.8528,0.0,0.0,128.0,716.0
1531116.0,2.0,-1.4696,15.365,0.10976,-0.5569,-6.45,1.6369,0.0,0.0,128.0,729.0
1531156.0,2.0,-1.2962,5.757,0.08396,-0.7526,-3.772,0.4861,0.0,0.0,128.0,719.0
1531197.0,2.0,-1.1827,2.361,0.05216,-0.7999,0.0,0.4563,0.0,0.0,128.0,741.0
1531237.0,2.0,-1.1919,-0.305,0.02063,-0.7985,0.561,0.3877,0.0,0.0,128.0,759.0
1531278.0,2.0,-1.2548,-1.42,-0.00941,-0.6486,5.822,0.2978,0.0,0.0,128.0,746.0
1531319.0,2.0,-1.2364,0.659,-0.0324,-0.5266,0.847,0.3601,0.0,0.0,128.0,772.0
1531360.0,2.0,-1.3959,-2.943,-0.05134,-0.372,6.397,0.2481,0.0,0.0,128.0,746.0
1531400.0,2.0,-2.1276,-15.409,-0.06056,-0.109,4.819,0.9682,0.0,0.0,128.0,772.0
1531441.0,2.0,-2.5863,-13.177,-0.06266,-0.0343,-0.91,0.2513,0.0,0.0,128.0,736.0
1531482.0,2.0,2.9544,-15.418,-0.0633,0.0259,1.231,0.5158,0.0,0.0,128.0,731.0
1531522.0,2.0,2.4498,-13.758,-0.06109,0.0637,-0.078,0.4255,0.0,0.0,128.0,766.0
1531563.0,2.0,2.1062,-10.53,-0.05903,0.026,-1.488,0.2307,0.0,0.0,128.0,756.0
1531604.0,2.0,1.8392,-6.974,-0.05993,-0.0814,-2.633,0.0505,0.0,0.0,128.0,748.0
1531645.0,2.0,1.695,-4.346,-0.06487,-0.1476,-0.012,0.0194,0.0,0.0,128.0,745.0
1531685.0,2.0,1.6828,-1.219,-0.06949,-0.0592,3.909,-0.0764,0.0,0.0,128.0,758.0
1531726.0,2.0,1.7963,1.789,-0.06709,0.2288,10.0,-0.1891,0.0,0.0,128.0,741.0
1531767.0,2.0,2.0371,5.023,-0.04999,0.6149,7.433,-0.2826,0.0,0.0,128.0,731.0
1531808.0,2.0,2.2902,5.261,-0.02081,0.7928,1.365,-0.4632,0.0,0.0,128.0,744.0
1531849.0,2.0,2.936,13.987,0.01151,0.7998,0.0,0.2638,0.0,0.0,128.0,735.0
1531890.0,2.0,-2.7995,12.621,0.04369,0.7982,0.679,0.0612,0.0,0.0,128.0,717.0
1531930.0,5.0,-2.2887,11.859,0.07489,0.7969,0.079,-0.206,0.0,0.0,128.0,676.0
1531971.0,5.0,-1.7073,17.851,0.10481,0.677,-5.921,-0.206,0.0,0.0,128.0,667.0
1532011.0,5.0,-1.5677,7.308,0.12574,0.3159,-9.671,-0.206,0.0,0.0,128.0,674.0
1532051.0,5.0,-1.6843,-0.732,0.13234,0.0498,-3.824,-0.206,0.0,0.0,128.0,694.0
1532091.0,6.0,-1.5815,1.845,0.13283,-0.0099,-1.5,-0.206,0.0,0.0,128.0,707.0
1532132.0,6.0,-1.8362,-4.569,0.13121,-0.0714,-1.5,-0.206,0.0,0.0,128.0,716.0
1532172.0,2.0,-2.1414,-8.544,0.12686,-0.1801,-5.25,0.0075,0.0,0.0,128.0,729.0
1532212.0,2.0,-2.7673,-12.404,0.11423,-0.505,-9.25,0.1097,0.0,0.0,128.0,744.0
1532253.0,2.0,2.936,-17.246,0.08794,-0.762,-3.343,0.9215,0.0,0.0,128.0,729.0
1532293.0,2.0,2.2964,-16.255,0.05677,-0.7993,-0.355,1.0517,0.0,0.0,128.0,734.0
1532333.0,2.0,1.7948,-12.536,0.02528,-0.7998,0.0,0.7843,0.0,0.0,128.0,731.0
1532374.0,2.0,1.4742,-9.381,-0.00679,-0.7692,2.956,0.6952,0.0,0.0,128.0,744.0
1532415.0,2.0,1.2747,-5.633,-0.0339,-0.5341,7.623,0.5208,0.0,0.0,128.0,760.0
1532455.0,2.0,0.9158,-7.958,-0.04954,-0.2846,4.325,1.027,0.0,0.0,128.0,751.0
1532495.0,2.0,0.9833,-0.412,-0.05644,-0.0352,6.65,0.5757,0.0,0.0,128.0,752.0
1532536.0,2.0,0.879,-1.682,-0.05389,0.1686,6.365,0.6303,0.0,0.0,128.0,717.0
1532577.0,2.0,0.747,-3.036,-0.0429,0.362,4.144,0.8215,0.0,0.0,128.0,739.0
1532617.0,2.0,0.9603,3.685,-0.02614,0.4568,-0.444,0.664,0.0,0.0,128.0,742.0
1532658.0,2.0,1.1505,4.382,-0.00926,0.354,-3.722,0.5309,0.0,0.0,128.0,747.0
1532699.0,2.0,1.4926,7.399,0.00165,0.1747,-4.424,0.4371,0.0,0.0,128.0,757.0
1532740.0,2.0,1.8883,8.579,0.00683,0.1224,1.726,0.163,0.0,0.0,128.0,731.0
1532781.0,2.0,2.5065,14.433,0.01455,0.2689,2.362,0.5018,0.0,0.0,128.0,734.0
1532822.0,2.0,-3.025,17.111,0.02775,0.3796,0.986,0.8523,0.0,0.0,128.0,714.0
1532862.0,2.0,-2.1491,21.735,0.04185,0.2961,-5.014,2.4722,0.0,0.0,128.0,732.0
1532903.0,2.0,-1.4757,18.352,0.04823,-0.0153,-7.564,2.3021,0.0,0.0,128.0,744.0
1532943.0,2.0,-1.241,8.878,0.04339,-0.2075,-4.069,0.8721,0.0,0.0,128.0,730.0
1532984.0,2.0,-0.9925,6.335,0.03191,-0.3517,-3.169,0.8358,0.0,0.0,128.0,726.0
1533024.0,2.0,-1.0999,-0.356,0.01504,-0.504,-2.255,0.4926,0.0,0.0,128.0,729.0
1533064.0,2.0,-0.9925,1.69,-0.00503,-0.4831,1.233,0.5188,0.0,0.0,128.0,736.0
1533105.0,2.0,-0.9756,1.263,-0.0246,-0.4926,0.015,0.5916,0.0,0.0,128.0,751.0
1533146.0,2.0,-1.0569,-1.81,-0.04294,-0.3698,5.988,0.4975,0.0,0.0,128.0,747.0
1533186.0,2.0,-1.2747,-4.999,-0.05168,-0.0481,8.93,0.4066,0.0,0.0,128.0,737.0
1533227.0,2.0,-1.9205,-13.292,-0.04665,0.2844,5.716,0.8424,0.0,0.0,128.0,741.0
1533267.0,2.0,-2.4314,-14.185,-0.03266,0.39,-0.284,0.5382,0.0,0.0,128.0,765.0
1533308.0,2.0,3.0818,-16.93,-0.0165,0.4319,0.937,0.814,0.0,0.0,128.0,724.0
1533348.0,2.0,2.4712,-15.501,0.00019,0.3861,-2.809,0.7479,0.0,0.0,128.0,735.0
1533388.0,2.0,2.0555,-11.965,0.01268,0.226,-5.475,0.4866,0.0,0.0,128.0,751.0
1533429.0,2.0,1.6398,-10.036,0.01706,-0.0074,-4.344,0.5792,0.0,0.0,128.0,729.0
1533469.0,2.0,1.4496,-6.146,0.01504,-0.0582,1.656,0.379,0.0,0.0,128.0,743.0
1533509.0,2.0,1.3376,-3.028,0.01504,0.0751,3.688,0.2981,0.0,0.0,128.0,737.0
1533550.0,2.0,1.1551,-3.757,0.02018,0.1653,1.814,0.5294,0.0,0.0,128.0,719.0
1533590.0,2.0,1.3116,2.475,0.0276,0.1786,-2.404,0.3052,0.0,0.0,128.0,750.0
1533631.0,2.0,1.5125,4.665,0.03128,-0.0353,-5.825,0.1941,0.0,0.0,128.0,741.0
1533671.0,2.0,1.83,7.157,0.027,-0.1453,0.175,0.1033,0.0,0.0,128.0,770.0
1533712.0,2.0,2.3363,11.577,0.02295,-0.016,4.964,0.1552,0.0,0.0,128.0,733.0
1533753.0,2.0,2.9054,13.406,0.02711,0.232,4.716,0.1773,0.0,0.0,128.0,721.0
1533793.0,2.0,-2.485,21.005,0.03829,0.2976,-1.284,1.9951,0.0,0.0,128.0,734.0
1533834.0,2.0,-1.6935,22.676,0.04759,0.1158,-7.434,3.2149,0.0,0.0,128.0,733.0
1533875.0,2.0,-1.3591,10.714,0.04751,-0.0903,-3.677,0.9839,0.0,0.0,128.0,751.0
1533916.0,2.0,-1.0492,7.86,0.04076,-0.2407,-3.467,0.9149,0.0,0.0,128.0,730.0
1533957.0,2.0,-0.9971,2.357,0.02835,-0.3877,-4.536,0.6175,0.0,0.0,128.0,744.0
1533997.0,2.0,-1.1259,-2.494,0.0105,-0.4841,0.412,0.4725,0.0,0.0,128.0,751.0
1534038.0,2.0,-0.948,2.705,-0.00784,-0.4434,-1.238,0.6292,0.0,0.0,128.0,714.0
1534078.0,2.0,-1.0186,-0.642,-0.02591,-0.4529,1.942,0.5459,0.0,0.0,128.0,738.0
1534118.0,2.0,-1.0554,-1.1,-0.04073,-0.2544,7.004,0.4845,0.0,0.0,128.0,738.0
1534159.0,2.0,-1.4465,-6.31,-0.04489,0.0661,7.938,0.4295,0.0,0.0,128.0,742.0
1534199.0,2.0,-2.097,-16.298,-0.03645,0.3448,4.522,1.2461,0.0,0.0,128.0,749.0
1534239.0,2.0,-2.5863,-16.112,-0.0204,0.4539,1.488,0.7603,0.0,0.0,128.0,730.0
1534280.0,2.0,2.9253,-15.041,-0.00113,0.5058,0.211,0.45,0.0,0.0,128.0,716.0
1534320.0,2.0,2.3209,-14.193,0.01845,0.4725,-2.842,0.5891,0.0,0.0,128.0,758.0
1534361.0,2.0,1.9635,-10.494,0.03356,0.2334,-8.331,0.3547,0.0,0.0,128.0,756.0
1534402.0,2.0,1.6398,-7.8,0.03641,-0.0944,-6.934,0.3305,0.0,0.0,128.0,745.0
1534443.0,2.0,1.4189,-6.077,0.02873,-0.2495,-0.784,0.4103,0.0,0.0,128.0,743.0
1534483.0,2.0,1.3913,-2.07,0.0198,-0.1687,3.028,0.2357,0.0,0.0,128.0,742.0
1534523.0,2.0,1.3284,-1.951,0.01436,-0.104,3.191,0.2813,0.0,0.0,128.0,751.0
1534564.0,2.0,1.5386,3.862,0.01129,-0.0898,-2.603,0.13,0.0,0.0,128.0,726.0
1534604.0,2.0,1.7257,4.23,0.00731,-0.0709,3.397,-0.0303,0.0,0.0,128.0,743.0
1534645.0,2.0,2.2411,10.806,0.00866,0.1628,6.019,0.1218,0.0,0.0,128.0,730.0
1534686.0,2.0,2.8287,13.94,0.01976,0.377,3.465,0.2759,0.0,0.0,128.0,736.0
1534726.0,2.0,-2.8317,16.177,0.03818,0.5602,3.12,0.695,0.0,0.0,128.0,732.0
1534766.0,2.0,-1.9666,23.377,0.06101,0.562,-2.88,3.1511,0.0,0.0,128.0,746.0
1534807.0,2.0,-1.5048,12.66,0.07976,0.3305,-6.372,1.089,0.0,0.0,128.0,751.0
1534848.0,2.0,-1.0999,9.45,0.08963,0.1849,-2.922,1.0927,0.0,0.0,128.0,751.0
1534889.0,2.0,-0.905,5.006,0.09311,-0.0604,-8.722,0.8273,0.0,0.0,128.0,730.0
1534929.0,2.0,-1.014,-1.941,0.0837,-0.4093,-6.613,0.5498,0.0,0.0,128.0,742.0
1534969.0,2.0,-0.6305,6.855,0.06311,-0.6347,-4.237,1.0955,0.0,0.0,128.0,725.0
1535010.0,2.0,-0.5016,4.196,0.03544,-0.7215,-1.402,0.999,0.0,0.0,128.0,726.0
1535051.0,3.0,-0.6151,-1.468,0.00611,-0.7813,-2.178,0.8303,0.0,0.0,128.0,687.0
1535091.0,3.0,-0.6581,-1.462,-0.02614,-0.7998,0.0,0.8047,0.0,0.0,128.0,701.0
1535131.0,3.0,-0.5737,1.534,-0.05779,-0.7998,0.0,0.8548,0.0,0.0,128.0,715.0
1535172.0,5.0,-0.7762,-3.372,-0.08921,-0.7742,2.7,0.8212,0.0,0.0,128.0,666.0
1535212.0,5.0,-0.8943,-3.763,-0.1167,-0.5343,8.85,0.8212,0.0,0.0,128.0,681.0
1535252.0,5.0,-0.8452,-1.329,-0.13031,-0.1645,6.982,0.8212,0.0,0.0,128.0,662.0
1535292.0,5.0,-1.488,-12.518,-0.13297,-0.0055,1.138,0.8212,0.0,0.0,128.0,665.0
1535332.0,6.0,-2.0049,-11.733,-0.13256,0.0382,1.5,0.8212,0.0,0.0,128.0,716.0
1535378.0,2.0,-3.1385,-23.021,-0.1293,0.1114,2.55,2.3501,0.0,0.0,128.0,743.0
1535418.0,2.0,2.4406,-18.404,-0.12139,0.3364,8.55,1.4128,0.0,0.0,128.0,736.0
1535458.0,2.0,2.0203,-11.649,-0.1014,0.659,5.456,0.439,0.0,0.0,128.0,738.0
1535498.0,2.0,1.6966,-9.052,-0.07286,0.7603,0.226,0.4353,0.0,0.0,128.0,751.0
1535539.0,2.0,1.491,-5.915,-0.04155,0.7997,0.159,0.328,0.0,0.0,128.0,743.0
1535579.0,2.0,1.4235,-2.778,-0.01009,0.7998,0.0,0.2086,0.0,0.0,128.0,746.0
1535620.0,2.0,1.4634,-0.083,0.02209,0.791,-1.562,0.1424,0.0,0.0,128.0,781.0
1535661.0,2.0,1.6766,4.23,0.0513,0.6437,-2.612,0.0219,0.0,0.0,128.0,779.0
1535702.0,2.0,1.9436,5.906,0.07676,0.651,1.331,-0.0976,0.0,0.0,128.0,725.0
1535742.0,5.0,2.4222,10.853,0.1023,0.625,-2.529,0.0047,0.0,0.0,128.0,685.0
1535782.0,5.0,2.7596,8.727,0.12345,0.4008,-8.529,0.0047,0.0,0.0,128.0,695.0
1535823.0,5.0,-3.0618,9.796,0.13268,0.0893,-5.109,0.0047,0.0,0.0,128.0,662.0
1535864.0,6.0,-2.5848,9.943,0.13376,-0.0014,-0.6,0.0047,0.0,0.0,128.0,737.0
1535904.0,6.0,-2.2764,6.368,0.13264,-0.0591,-1.5,0.0047,0.0,0.0,128.0,718.0
1535945.0,2.0,-2.0862,4.984,0.12908,-0.1139,-0.15,-0.3181,0.0,0.0,128.0,762.0
1535985.0,2.0,-2.011,2.165,0.1251,-0.0848,1.101,-0.4226,0.0,0.0,128.0,766.0
1536026.0,2.0,-2.1108,-1.19,0.12218,-0.0801,-1.975,-0.4648,0.0,0.0,128.0,722.0
1536067.0,2.0,-2.2365,-2.045,0.11569,-0.2903,-8.125,-0.5825,0.0,0.0,128.0,730.0
1536108.0,2.0,-2.8256,-11.146,0.0966,-0.6501,-6.706,-0.1443,0.0,0.0,128.0,738.0
1536148.0,2.0,2.9913,-13.417,0.06739,-0.7964,-0.742,0.1492,0.0,0.0,128.0,725.0
1536189.0,2.0,2.5556,-10.968,0.0351,-0.7999,0.0,-0.0772,0.0,0.0,128.0,723.0
1536229.0,2.0,2.3086,-6.801,0.00353,-0.7999,0.0,-0.3515,0.0,0.0,128.0,746.0
1536270.0,2.0,2.0218,-6.624,-0.02876,-0.7999,0.0,-0.1328,0.0,0.0,128.0,740.0
1536311.0,2.0,1.8469,-4.48,-0.06109,-0.7999,0.0,-0.1053,0.0,0.0,128.0,732.0
1536352.0,5.0,1.7948,-1.805,-0.09311,-0.7585,3.45,-0.1856,0.0,0.0,128.0,670.0
1536392.0,5.0,1.962,2.753,-0.11884,-0.4975,9.45,-0.1856,0.0,0.0,128.0,688.0
1536433.0,5.0,2.2381,6.188,-0.13117,-0.1318,6.233,-0.1856,0.0,0.0,128.0,666.0
1536473.0,5.0,2.4866,5.393,-0.13313,-0.0013,0.546,-0.1856,0.0,0.0,128.0,682.0
1536513.0,6.0,3.1339,14.063,-0.13245,0.0458,1.5,-0.1856,0.0,0.0,128.0,708.0
1536556.0,2.0,-2.6262,14.55,-0.12923,0.1157,2.7,0.5104,0.0,0.0,128.0,735.0
1536596.0,2.0,-1.8868,17.849,-0.12105,0.3359,6.3,1.7123,0.0,0.0,128.0,733.0
1536637.0,2.0,-1.3422,16.61,-0.10298,0.5911,7.86,1.9894,0.0,0.0,128.0,745.0
1536677.0,2.0,-1.3008,5.007,-0.07523,0.7856,1.957,0.4784,0.0,0.0,128.0,730.0
1536718.0,2.0,-1.0677,5.141,-0.04298,0.7985,-0.582,0.6923,0.0,0.0,128.0,772.0
1536759.0,2.0,-1.149,-0.754,-0.01237,0.7232,-0.148,0.4277,0.0,0.0,128.0,744.0
1536800.0,2.0,-1.3223,-3.583,0.01808,0.7968,0.787,0.3042,0.0,0.0,128.0,726.0
1536840.0,2.0,-1.353,-0.713,0.04927,0.7579,-3.446,0.2483,0.0,0.0,128.0,758.0
1536880.0,2.0,-1.5248,-3.526,0.07714,0.644,-4.694,0.134,0.0,0.0,128.0,767.0
1536921.0,2.0,-2.2503,-15.298,0.09765,0.3257,-9.7,0.9224,0.0,0.0,128.0,750.0
1536962.0,2.0,-2.9146,-16.451,0.10444,0.0204,-7.656,0.7364,0.0,0.0,128.0,722.0
1537003.0,2.0,2.4958,-21.108,0.09975,-0.2211,-3.063,2.0555,0.0,0.0,128.0,728.0
1537044.0,2.0,1.853,-16.231,0.08899,-0.3238,-3.561,1.3892,0.0,0.0,128.0,751.0
1537085.0,2.0,1.333,-13.768,0.07327,-0.4854,-6.423,1.4611,0.0,0.0,128.0,742.0
1537126.0,2.0,0.9695,-9.917,0.04841,-0.7286,-4.075,1.2064,0.0,0.0,128.0,745.0
1537166.0,2.0,0.7133,-7.078,0.01778,-0.7999,0.0,1.086,0.0,0.0,128.0,728.0
1537207.0,2.0,0.1442,-13.639,-0.01448,-0.7999,0.0,2.1687,0.0,0.0,128.0,703.0
1537247.0,2.0,0.1733,-2.505,-0.04594,-0.7737,2.729,1.0346,0.0,0.0,128.0,738.0
1537287.0,3.0,0.089,-1.309,-0.07429,-0.6821,0.334,1.0069,0.0,0.0,128.0,722.0
1537328.0,5.0,-0.2424,-6.736,-0.10185,-0.6488,3.484,1.0488,0.0,0.0,128.0,682.0
1537368.0,5.0,-0.5476,-8.062,-0.12319,-0.3864,9.484,1.0488,0.0,0.0,128.0,673.0
1537409.0,5.0,-0.5676,-1.327,-0.13181,-0.0799,4.837,1.0488,0.0,0.0,128.0,658.0
1537449.0,6.0,-0.8897,-6.201,-0.13275,0.0021,0.75,1.0488,0.0,0.0,128.0,701.0
1537489.0,6.0,-1.4542,-13.229,-0.13155,0.0606,1.5,1.0488,0.0,0.0,128.0,708.0
1537530.0,2.0,-2.301,-18.686,-0.12773,0.1536,4.5,1.5799,0.0,0.0,128.0,721.0
1537570.0,2.0,-3.0603,-19.531,-0.11666,0.4555,10.0,1.4111,0.0,0.0,128.0,720.0
1537610.0,2.0,2.5081,-17.363,-0.09248,0.7401,4.235,1.1643,0.0,0.0,128.0,724.0
1537651.0,2.0,1.9926,-13.049,-0.06086,0.7998,0.0,0.7068,0.0,0.0,128.0,731.0
1537691.0,2.0,1.7349,-8.086,-0.03049,0.7046,-4.584,0.2802,0.0,0.0,128.0,759.0
1537732.0,2.0,1.5094,-6.008,-0.00488,0.5978,0.302,0.3265,0.0,0.0,128.0,718.0
1537772.0,2.0,1.4465,-2.361,0.02018,0.6839,1.296,0.191,0.0,0.0,128.0,731.0
1537812.0,2.0,1.4373,-0.428,0.04665,0.6301,-3.648,0.1418,0.0,0.0,128.0,766.0
1537853.0,2.0,1.6659,4.103,0.06776,0.4082,-4.105,0.022,0.0,0.0,128.0,752.0
1537894.0,2.0,1.9589,6.243,0.08265,0.3673,1.251,-0.075,0.0,0.0,128.0,740.0
1537934.0,2.0,2.3961,10.483,0.09731,0.3699,-0.17,-0.0444,0.0,0.0,128.0,764.0
1537975.0,2.0,2.8103,9.751,0.11205,0.3745,1.028,-0.3424,0.0,0.0,128.0,746.0
1538016.0,5.0,-2.8348,14.955,0.12652,0.2981,-4.86,-0.3495,0.0,0.0,128.0,675.0
1538056.0,5.0,-2.2258,18.113,0.13354,0.0591,-4.151,-0.3495,0.0,0.0,128.0,661.0
1538096.0,6.0,-1.9758,7.46,0.13414,-0.0072,-1.41,-0.3495,0.0,0.0,128.0,709.0
1538137.0,6.0,-1.7211,5.895,0.13264,-0.0687,-1.5,-0.3495,0.0,0.0,128.0,708.0
1538177.0,2.0,-1.5892,3.973,0.12874,-0.1386,-3.15,0.0891,0.0,0.0,128.0,727.0
1538218.0,2.0,-1.7319,-1.425,0.11895,-0.3969,-9.3,-0.1309,0.0,0.0,128.0,730.0
1538259.0,2.0,-1.9436,-4.561,0.09589,-0.7174,-4.961,-0.2687,0.0,0.0,128.0,739.0
1538299.0,2.0,-2.6016,-12.345,0.0654,-0.7998,0.0,0.1899,0.0,0.0,128.0,735.0
1538339.0,2.0,-2.7627,-7.832,0.03386,-0.7998,0.0,-0.5475,0.0,0.0,128.0,763.0
1538380.0,2.0,2.7458,-15.96,0.00158,-0.7998,0.0,0.6828,0.0,0.0,128.0,751.0
1538421.0,2.0,2.3317,-12.245,-0.02996,-0.7705,-1.054,0.3159,0.0,0.0,128.0,736.0
1538462.0,2.0,2.1813,-5.804,-0.06191,-0.7998,0.0,-0.3581,0.0,0.0,128.0,730.0
1538503.0,5.0,1.9957,-5.179,-0.09311,-0.7548,3.6,-0.2588,0.0,0.0,128.0,684.0
1538543.0,5.0,1.9543,-1.671,-0.11902,-0.4781,9.75,-0.2588,0.0,0.0,128.0,680.0
1538584.0,5.0,2.0632,1.969,-0.13046,-0.1257,6.082,-0.2588,0.0,0.0,128.0,676.0
1538624.0,5.0,2.2657,4.438,-0.1323,-0.0009,0.395,-0.2588,0.0,0.0,128.0,679.0
1538664.0,6.0,2.5096,5.347,-0.13155,0.0487,1.5,-0.2588,0.0,0.0,128.0,722.0
1538704.0,2.0,3.0603,12.531,-0.12836,0.1317,4.05,-0.0061,0.0,0.0,128.0,721.0
1538745.0,2.0,-2.6569,14.454,-0.11813,0.4266,10.0,0.4421,0.0,0.0,128.0,722.0
1538786.0,2.0,-2.0279,14.951,-0.09405,0.7321,4.51,0.9806,0.0,0.0,128.0,724.0
1538827.0,2.0,-1.5493,11.681,-0.06255,0.7999,0.0,0.9851,0.0,0.0,128.0,753.0
1538868.0,2.0,-1.1551,9.363,-0.03026,0.7999,0.0,0.9944,0.0,0.0,128.0,717.0
1538908.0,2.0,-0.856,7.904,0.00075,0.7674,-1.091,1.0632,0.0,0.0,128.0,741.0
1538949.0,2.0,-0.9081,0.692,0.02955,0.6158,-5.646,0.6433,0.0,0.0,128.0,758.0
1538990.0,2.0,-1.083,-3.815,0.05145,0.4999,-1.373,0.5307,0.0,0.0,128.0,743.0
1539031.0,2.0,-0.9112,2.585,0.0696,0.3548,-6.458,0.671,0.0,0.0,128.0,744.0
1539071.0,2.0,-1.0324,-1.696,0.07778,0.0665,-5.138,0.5507,0.0,0.0,128.0,758.0
1539111.0,2.0,-1.3361,-6.538,0.07778,-0.052,-2.294,0.5201,0.0,0.0,128.0,744.0
1539152.0,2.0,-1.4711,-4.461,0.07418,-0.1293,-2.42,0.1876,0.0,0.0,128.0,736.0
1539193.0,2.0,-1.7242,-6.858,0.06645,-0.274,-5.325,0.1376,0.0,0.0,128.0,746.0
1539234.0,2.0,-2.4912,-15.019,0.05017,-0.529,-5.652,0.6072,0.0,0.0,128.0,717.0
1539275.0,2.0,2.729,-22.705,0.02501,-0.6807,-0.749,2.3565,0.0,0.0,128.0,721.0
1539315.0,2.0,2.1108,-18.98,-0.00176,-0.6642,2.251,1.7884,0.0,0.0,128.0,764.0
1539356.0,2.0,1.6874,-11.953,-0.02561,-0.5186,1.801,0.8019,0.0,0.0,128.0,753.0
1539397.0,2.0,1.2379,-11.48,-0.04403,-0.3808,2.836,1.1817,0.0,0.0,128.0,760.0
1539438.0,2.0,1.0232,-6.758,-0.0561,-0.1904,6.167,0.8393,0.0,0.0,128.0,731.0
1539479.0,2.0,0.4034,-13.644,-0.05936,0.0004,1.879,2.0988,0.0,0.0,128.0,707.0
1539519.0,2.0,0.4449,-2.705,-0.05873,0.05,3.379,0.9693,0.0,0.0,128.0,716.0
1539560.0,3.0,0.2439,-3.919,-0.05336,0.2155,2.262,1.0675,0.0,0.0,128.0,708.0
1539600.0,3.0,-0.2132,-10.414,-0.04455,0.1791,-3.888,1.6628,0.0,0.0,128.0,707.0
1539640.0,3.0,-0.1979,-1.568,-0.04196,-0.0862,-7.22,0.996,0.0,0.0,128.0,695.0
1539680.0,3.0,-0.1917,-0.16,-0.04943,-0.2736,-4.136,0.9818,0.0,0.0,128.0,699.0
1539721.0,5.0,-0.3359,-3.139,-0.06521,-0.5337,-5.907,1.0002,0.0,0.0,128.0,667.0
1539761.0,5.0,-0.1335,3.646,-0.08925,-0.647,0.093,1.0002,0.0,0.0,128.0,661.0
1539802.0,5.0,-0.0169,3.338,-0.11314,-0.5202,6.093,1.0002,0.0,0.0,128.0,667.0
1539842.0,5.0,-0.2638,-3.929,-0.12761,-0.1904,7.536,1.0002,0.0,0.0,128.0,646.0
1539882.0,5.0,-0.3421,-3.576,-0.13091,-0.0087,1.541,1.0002,0.0,0.0,128.0,647.0
1539922.0,6.0,-0.54,-4.66,-0.13061,0.0336,1.5,1.0002,0.0,0.0,128.0,697.0
1539963.0,2.0,-0.6703,-3.751,-0.12758,0.1518,5.55,0.8557,0.0,0.0,128.0,745.0
1540003.0,2.0,-0.7578,-2.757,-0.1158,0.4871,9.55,0.7494,0.0,0.0,128.0,731.0
1540043.0,2.0,-0.9541,-3.891,-0.09079,0.7519,3.792,0.6966,0.0,0.0,128.0,725.0
1540084.0,2.0,-1.8024,-15.804,-0.05899,0.7998,0.0,1.3851,0.0,0.0,128.0,725.0
1540125.0,2.0,-2.416,-16.789,-0.02674,0.7997,0.15,1.0088,0.0,0.0,128.0,737.0
1540165.0,2.0,2.6246,-25.946,0.00469,0.7998,0.0,3.3869,0.0,0.0,128.0,731.0
1540206.0,2.0,2.0356,-17.943,0.03701,0.7998,0.0,1.634,0.0,0.0,128.0,744.0
1540247.0,2.0,1.491,-14.063,0.06821,0.7097,-4.809,1.3709,0.0,0.0,128.0,780.0
1540287.0,2.0,1.0891,-10.54,0.0909,0.3987,-9.624,1.1919,0.0,0.0,128.0,749.0
1540328.0,2.0,0.8084,-7.528,0.09956,0.0265,-8.549,1.0643,0.0,0.0,128.0,725.0
1540369.0,2.0,0.6182,-4.945,0.09431,-0.2798,-6.725,0.9658,0.0,0.0,128.0,736.0
1540409.0,2.0,0.566,-2.999,0.07826,-0.5304,-4.82,0.9386,0.0,0.0,128.0,703.0
1540449.0,2.0,0.9281,7.354,0.05393,-0.7066,-3.341,0.9458,0.0,0.0,128.0,732.0
1540490.0,2.0,1.2855,8.777,0.02306,-0.7992,-0.113,0.7622,0.0,0.0,128.0,737.0
1540530.0,2.0,1.7288,10.555,-0.0084,-0.7907,1.583,0.5738,0.0,0.0,128.0,758.0
1540571.0,2.0,2.2243,11.75,-0.03739,-0.5967,7.733,0.2655,0.0,0.0,128.0,766.0
1540612.0,2.0,3.0035,17.712,-0.05434,-0.2454,6.495,0.9911,0.0,0.0,128.0,743.0
1540653.0,2.0,-2.146,24.773,-0.06071,-0.1083,0.345,3.3268,0.0,0.0,128.0,758.0
1540694.0,2.0,-1.3545,19.096,-0.06589,-0.1405,1.095,2.5839,0.0,0.0,128.0,738.0
1540735.0,2.0,-0.7961,13.505,-0.06904,0.0335,7.245,1.8641,0.0,0.0,128.0,738.0
1540776.0,2.0,-0.5016,8.256,-0.06056,0.4006,7.69,1.3268,0.0,0.0,128.0,716.0
1540816.0,2.0,-0.3436,4.89,-0.04039,0.5964,2.863,1.1023,0.0,0.0,128.0,717.0
1540857.0,3.0,-0.4142,-0.147,-0.01496,0.6455,-0.707,0.9156,0.0,0.0,128.0,725.0
1540897.0,3.0,-0.1473,3.742,0.00866,0.5386,-1.693,1.0777,0.0,0.0,128.0,722.0
1540937.0,3.0,0.1856,8.086,0.03019,0.5939,4.307,1.396,0.0,0.0,128.0,708.0
1540978.0,3.0,0.1795,1.46,0.05831,0.7821,2.317,0.9974,0.0,0.0,128.0,723.0
1541019.0,5.0,0.4126,5.279,0.0903,0.7684,-3.0,0.982,0.0,0.0,128.0,674.0
1541059.0,5.0,0.7823,8.545,0.11674,0.5254,-9.0,0.982,0.0,0.0,128.0,655.0
1541100.0,5.0,1.2487,10.912,0.13016,0.151,-6.683,0.982,0.0,0.0,128.0,687.0
1541140.0,5.0,1.8346,13.903,0.13252,0.0034,-0.996,0.982,0.0,0.0,128.0,662.0
1541180.0,6.0,2.4022,14.257,0.13196,-0.0413,-1.5,0.982,0.0,0.0,128.0,708.0
1541221.0,2.0,-2.9759,20.013,0.12908,-0.111,-3.0,1.5444,0.0,0.0,128.0,742.0
1541261.0,2.0,-1.9681,23.806,0.12086,-0.354,-9.0,3.1775,0.0,0.0,128.0,731.0
1541302.0,2.0,-1.5125,15.096,0.09938,-0.6941,-5.618,1.5398,0.0,0.0,128.0,725.0
1541342.0,2.0,-1.198,9.331,0.06926,-0.7994,-0.25,0.9702,0.0,0.0,128.0,723.0
1541383.0,2.0,-1.0293,5.567,0.03701,-0.7999,0.0,0.7211,0.0,0.0,128.0,750.0
1541424.0,2.0,-1.0815,0.386,0.00472,-0.7999,0.0,0.4851,0.0,0.0,128.0,726.0
1541464.0,2.0,-1.2609,-3.781,-0.02531,-0.6821,5.869,0.3785,0.0,0.0,128.0,745.0
1541504.0,2.0,-1.1091,2.393,-0.0468,-0.415,4.642,0.4733,0.0,0.0,128.0,757.0
1541545.0,2.0,-1.3438,-3.133,-0.06041,-0.2483,5.46,0.3377,0.0,0.0,128.0,755.0
1541586.0,2.0,-1.7211,-7.311,-0.06532,-0.0087,3.51,0.1703,0.0,0.0,128.0,736.0
1541626.0,2.0,-2.5878,-16.009,-0.06386,0.0806,1.914,0.8181,0.0,0.0,128.0,738.0
1541666.0,2.0,3.091,-19.166,-0.0591,0.159,2.89,1.3277,0.0,0.0,128.0,732.0
1541707.0,2.0,2.6047,-14.902,-0.05055,0.266,2.776,0.6129,0.0,0.0,128.0,731.0
1541747.0,2.0,2.2135,-10.003,-0.03953,0.2563,-3.043,0.088,0.0,0.0,128.0,758.0
1541787.0,2.0,1.8945,-6.894,-0.03255,0.0737,-5.677,-0.0157,0.0,0.0,128.0,756.0
1541828.0,2.0,1.6889,-5.631,-0.0336,-0.1204,-3.131,0.0953,0.0,0.0,128.0,730.0
1541868.0,2.0,1.6398,-2.477,-0.03923,-0.13,1.843,-0.001,0.0,0.0,128.0,750.0
1541908.0,2.0,1.7426,1.81,-0.04222,0.0147,6.285,-0.1461,0.0,0.0,128.0,710.0
1541949.0,2.0,1.9742,4.627,-0.03499,0.3806,10.0,-0.2373,0.0,0.0,128.0,719.0
1541989.0,2.0,2.2718,6.882,-0.01313,0.7037,5.363,-0.3292,0.0,0.0,128.0,742.0
1542029.0,2.0,2.6354,8.873,0.01714,0.7999,0.15,-0.3445,0.0,0.0,128.0,739.0
1542070.0,2.0,-2.91,16.49,0.04927,0.7785,-2.458,0.7461,0.0,0.0,128.0,757.0
1542110.0,2.0,-2.5495,11.992,0.07781,0.658,-3.143,0.1434,0.0,0.0,128.0,775.0
1542151.0,2.0,-1.7181,18.63,0.10316,0.5953,-2.993,2.0158,0.0,0.0,128.0,751.0
1542191.0,2.0,-1.6582,6.091,0.12311,0.3798,-7.673,0.1939,0.0,0.0,128.0,749.0
1542232.0,2.0,-1.6736,0.168,0.13125,0.0006,-10.0,-0.0964,0.0,0.0,128.0,747.0
1542273.0,2.0,-1.7288,-0.853,0.12326,-0.4094,-10.0,-0.1679,0.0,0.0,128.0,724.0
1542314.0,2.0,-1.7671,-1.055,0.09983,-0.724,-4.744,-0.2221,0.0,0.0,128.0,732.0
1542354.0,2.0,-2.1813,-4.42,0.06922,-0.7998,0.0,-0.3389,0.0,0.0,128.0,738.0
1542394.0,2.0,-2.913,-15.663,0.03776,-0.7998,0.0,0.5833,0.0,0.0,128.0,734.0
1542435.0,2.0,2.8747,-13.565,0.00544,-0.7998,0.0,0.1979,0.0,0.0,128.0,736.0
1542475.0,2.0,2.4314,-11.503,-0.02614,-0.7998,0.0,0.054,0.0,0.0,128.0,757.0
1542516.0,2.0,2.2304,-6.674,-0.05835,-0.7998,0.0,-0.3149,0.0,0.0,128.0,743.0
1542557.0,5.0,1.919,-7.111,-0.09041,-0.7683,3.0,-0.1553,0.0,0.0,128.0,674.0
1542597.0,5.0,1.8484,-3.36,-0.11685,-0.5253,9.0,-0.1553,0.0,0.0,128.0,672.0
1542637.0,5.0,1.962,1.352,-0.13009,-0.1576,6.832,-0.1553,0.0,0.0,128.0,673.0
1542678.0,5.0,2.1169,3.296,-0.1326,-0.0034,0.995,-0.1553,0.0,0.0,128.0,681.0
1542718.0,6.0,2.347,5.085,-0.13204,0.0412,1.5,-0.1553,0.0,0.0,128.0,701.0
1542759.0,2.0,2.7872,10.112,-0.12915,0.1095,2.85,-0.2999,0.0,0.0,128.0,796.0
1542800.0,2.0,-2.9023,12.771,-0.12079,0.3555,9.0,0.0481,0.0,0.0,128.0,740.0
1542840.0,2.0,-2.1062,19.118,-0.09983,0.6891,5.722,1.7916,0.0,0.0,128.0,735.0
1542881.0,2.0,-1.7411,12.246,-0.06908,0.7997,0.172,0.95,0.0,0.0,128.0,754.0
1542921.0,2.0,-1.1674,12.79,-0.03761,0.7999,0.0,1.4715,0.0,0.0,128.0,737.0
1542962.0,2.0,-0.8406,9.768,-0.00551,0.7933,1.059,1.2753,0.0,0.0,128.0,719.0
1543002.0,2.0,-0.7823,3.865,0.0252,0.7274,-4.559,0.8283,0.0,0.0,128.0,747.0
1543042.0,2.0,-1.0661,-4.665,0.0498,0.5331,-2.613,0.6699,0.0,0.0,128.0,745.0
1543083.0,2.0,-0.9112,1.32,0.0693,0.4172,-4.593,0.605,0.0,0.0,128.0,754.0
1543124.0,2.0,-0.9817,-0.545,0.08085,0.1224,-7.203,0.5855,0.0,0.0,128.0,753.0
1543165.0,2.0,-1.1689,-4.068,0.08164,-0.0517,-2.285,0.4792,0.0,0.0,128.0,721.0
1543205.0,2.0,-1.1689,-0.748,0.07785,-0.1591,-3.394,0.4053,0.0,0.0,128.0,750.0
1543245.0,2.0,-1.2456,-2.221,0.07031,-0.206,-0.552,0.3047,0.0,0.0,128.0,739.0
1543286.0,2.0,-1.7104,-8.6,0.06098,-0.2536,-1.809,0.3878,0.0,0.0,128.0,751.0
1543327.0,2.0,-2.5848,-17.769,0.04845,-0.3678,-2.138,1.1636,0.0,0.0,128.0,724.0
1543368.0,2.0,2.9913,-18.526,0.03214,-0.4323,-0.212,1.1868,0.0,0.0,128.0,730.0
1543408.0,2.0,2.3455,-17.172,0.01504,-0.4105,1.875,1.2203,0.0,0.0,128.0,740.0
1543448.0,2.0,1.8807,-12.583,-0.00124,-0.4509,-2.137,0.6836,0.0,0.0,128.0,736.0
1543489.0,2.0,1.5401,-9.256,-0.01943,-0.4093,4.013,0.6145,0.0,0.0,128.0,754.0
1543530.0,2.0,1.2701,-6.356,-0.03169,-0.1799,6.422,0.5603,0.0,0.0,128.0,737.0
1543570.0,2.0,0.8621,-8.784,-0.03525,-0.0328,1.621,1.1585,0.0,0.0,128.0,736.0
1543611.0,2.0,0.9158,-1.044,-0.0339,0.1314,4.969,0.6378,0.0,0.0,128.0,724.0
1543651.0,2.0,0.8897,-0.408,-0.02614,0.2561,2.992,0.6263,0.0,0.0,128.0,731.0
1543692.0,2.0,0.7271,-3.774,-0.01331,0.3667,1.458,0.8596,0.0,0.0,128.0,737.0
1543732.0,2.0,0.9633,3.7,0.00199,0.3829,-2.143,0.6827,0.0,0.0,128.0,750.0
1543773.0,2.0,1.2349,6.184,0.01451,0.2176,-4.979,0.5782,0.0,0.0,128.0,751.0
1543813.0,2.0,1.5861,8.584,0.01912,0.0232,-3.155,0.43,0.0,0.0,128.0,763.0
1543854.0,2.0,2.1184,12.357,0.01924,0.0227,2.757,0.458,0.0,0.0,128.0,731.0
1543894.0,2.0,2.6492,12.422,0.0222,0.1511,5.109,0.1029,0.0,0.0,128.0,746.0
1543934.0,2.0,-2.7934,19.667,0.03049,0.2325,-0.891,1.5145,0.0,0.0,128.0,759.0
1543975.0,2.0,-2.0509,16.874,0.03754,0.0783,-5.512,1.3316,0.0,0.0,128.0,742.0
1544016.0,2.0,-1.5094,13.141,0.03533,-0.1794,-4.162,1.2808,0.0,0.0,128.0,730.0
1544056.0,2.0,-1.1137,9.963,0.02595,-0.2754,-0.612,1.1142,0.0,0.0,128.0,730.0
1544097.0,2.0,-0.8974,6.852,0.01309,-0.3626,-0.817,0.9383,0.0,0.0,128.0,736.0
1544137.0,2.0,-1.0017,0.02,-0.00255,-0.4377,-0.916,0.5674,0.0,0.0,128.0,747.0
1544177.0,2.0,-1.0462,-1.217,-0.0189,-0.3513,5.084,0.4669,0.0,0.0,128.0,764.0
1544218.0,2.0,-0.9771,1.799,-0.03041,-0.2579,-0.146,0.6012,0.0,0.0,128.0,739.0
1544258.0,2.0,-1.0584,-0.622,-0.03949,-0.1621,4.939,0.5223,0.0,0.0,128.0,744.0
1544299.0,2.0,-1.2671,-4.1,-0.04076,0.124,7.968,0.3644,0.0,0.0,128.0,750.0
1544339.0,2.0,-1.9804,-14.093,-0.0306,0.3653,3.271,0.8712,0.0,0.0,128.0,749.0
1544380.0,2.0,-2.6921,-17.077,-0.01493,0.3788,-0.771,0.9615,0.0,0.0,128.0,753.0
1544421.0,2.0,2.8195,-18.19,0.00124,0.4355,0.579,1.1422,0.0,0.0,128.0,722.0
1544461.0,2.0,2.2795,-15.105,0.01785,0.372,-3.757,0.8028,0.0,0.0,128.0,760.0
1544502.0,2.0,1.8684,-11.173,0.02884,0.1475,-6.525,0.5112,0.0,0.0,128.0,743.0
1544543.0,2.0,1.5186,-9.305,0.03004,-0.0684,-2.883,0.6292,0.0,0.0,128.0,726.0
1544583.0,2.0,1.3177,-5.713,0.0267,-0.0631,2.276,0.4617,0.0,0.0,128.0,754.0
1544624.0,2.0,1.0907,-5.605,0.0261,0.031,1.114,0.6269,0.0,0.0,128.0,729.0
1544665.0,2.0,1.1305,-1.078,0.02771,0.058,1.008,0.474,0.0,0.0,128.0,722.0
1544706.0,2.0,1.2947,3.193,0.02918,-0.0298,-5.142,0.339,0.0,0.0,128.0,728.0
1544746.0,2.0,1.4895,4.205,0.0231,-0.2855,-5.272,0.1977,0.0,0.0,128.0,745.0
1544786.0,2.0,1.9083,8.993,0.00941,-0.3734,0.728,0.1902,0.0,0.0,128.0,738.0
1544826.0,2.0,2.3117,9.983,-0.00319,-0.2213,6.728,-0.0624,0.0,0.0,128.0,758.0
1544867.0,2.0,3.1017,17.442,-0.006,0.0687,4.729,0.9234,0.0,0.0,128.0,722.0
1544907.0,2.0,-2.3071,20.386,-0.00124,0.1348,-1.271,1.9436,0.0,0.0,128.0,735.0
1544948.0,2.0,-1.6061,18.051,0.00169,-0.0056,-2.621,2.1803,0.0,0.0,128.0,745.0
1544989.0,2.0,-1.0999,11.196,0.00105,0.0123,2.19,1.2844,0.0,0.0,128.0,731.0
1545030.0,2.0,-0.8207,7.494,0.00293,0.0735,0.17,1.0688,0.0,0.0,128.0,746.0
1545070.0,2.0,-0.6918,3.855,0.0057,0.0611,-1.417,0.8955,0.0,0.0,128.0,751.0
1545111.0,2.0,-0.8774,-3.52,0.00664,-0.0074,-0.033,0.7515,0.0,0.0,128.0,722.0
1545151.0,2.0,-0.5998,3.964,0.0072,0.0306,-0.838,0.9005,0.0,0.0,128.0,744.0
1545191.0,2.0,-0.5584,2.231,0.00788,-0.0025,-1.457,0.8963,0.0,0.0,128.0,736.0
1545231.0,2.0,-0.7348,-2.85,0.00694,-0.0224,0.887,0.8255,0.0,0.0,128.0,745.0
1545272.0,2.0,-1.0262,-6.38,0.00641,0.0005,1.456,0.7541,0.0,0.0,128.0,723.0
1545313.0,2.0,-1.06,-2.277,0.00833,0.1085,3.041,0.4956,0.0,0.0,128.0,733.0
1545353.0,2.0,-1.1075,-2.564,0.01388,0.163,2.044,0.4501,0.0,0.0,128.0,717.0
1545393.0,2.0,-1.8162,-13.382,0.02164,0.1981,-1.856,0.8547,0.0,0.0,128.0,759.0
1545434.0,2.0,-2.7013,-19.155,0.02704,0.0582,-3.17,1.4461,0.0,0.0,128.0,745.0
1545474.0,2.0,2.7228,-21.662,0.0285,0.0544,2.83,2.0536,0.0,0.0,128.0,753.0
1545515.0,2.0,2.1675,-16.265,0.03356,0.1778,0.58,1.1651,0.0,0.0,128.0,725.0
1545555.0,2.0,1.672,-12.64,0.03945,0.0837,-3.895,0.9273,0.0,0.0,128.0,756.0
1545596.0,2.0,1.3422,-9.262,0.04058,-0.0187,-1.625,0.8016,0.0,0.0,128.0,730.0
1545636.0,2.0,1.1336,-5.978,0.03892,-0.0567,-0.379,0.6722,0.0,0.0,128.0,745.0
1545677.0,2.0,0.8268,-6.612,0.03664,-0.0634,-1.583,0.9074,0.0,0.0,128.0,721.0
1545717.0,2.0,0.8406,-2.275,0.0321,-0.1575,-0.415,0.7524,0.0,0.0,128.0,732.0
1545757.0,2.0,1.0293,3.638,0.02475,-0.2559,-4.679,0.5993,0.0,0.0,128.0,738.0
1545798.0,2.0,1.2993,5.886,0.01084,-0.4358,-4.02,0.4965,0.0,0.0,128.0,747.0
1545838.0,2.0,1.5892,7.033,-0.00893,-0.547,-0.421,0.2833,0.0,0.0,128.0,748.0
1545878.0,2.0,2.1138,11.681,-0.02921,-0.4409,5.579,0.344,0.0,0.0,128.0,766.0
1545919.0,2.0,2.7458,14.598,-0.04091,-0.1053,8.258,0.4337,0.0,0.0,128.0,731.0
1545960.0,2.0,-2.5341,23.268,-0.0402,0.1041,2.108,2.6138,0.0,0.0,128.0,737.0
1546000.0,2.0,-1.5018,26.398,-0.03604,0.0738,-1.792,4.5461,0.0,0.0,128.0,750.0
1546041.0,2.0,-1.0446,16.049,-0.03281,0.1295,4.358,2.1961,0.0,0.0,128.0,737.0
1546082.0,2.0,-0.6228,11.065,-0.0228,0.3817,5.903,1.6039,0.0,0.0,128.0,737.0
1546122.0,2.0,-0.4617,5.681,-0.00476,0.5003,0.25,1.1087,0.0,0.0,128.0,710.0
1546162.0,2.0,-0.3007,4.026,0.01444,0.4578,-1.665,1.0511,0.0,0.0,128.0,744.0
1546203.0,3.0,-0.3145,2.172,0.03053,0.309,-3.952,0.9808,0.0,0.0,128.0,716.0
1546243.0,3.0,0.1733,10.089,0.04129,0.2739,2.048,1.6283,0.0,0.0,128.0,694.0
1546285.0,5.0,0.5599,9.826,0.05561,0.4861,7.598,1.4735,0.0,0.0,128.0,733.0
1546325.0,5.0,0.5216,1.937,0.07976,0.6684,1.448,1.4735,0.0,0.0,128.0,662.0
1546365.0,5.0,0.9097,6.382,0.10575,0.6033,-4.552,1.4735,0.0,0.0,128.0,668.0
1546405.0,5.0,1.376,10.96,0.12446,0.3011,-9.504,1.4735,0.0,0.0,128.0,667.0
1546445.0,5.0,1.9436,13.94,0.13065,0.0439,-3.504,1.4735,0.0,0.0,128.0,673.0
1546486.0,6.0,2.4605,12.619,0.13095,-0.0141,-1.5,1.4735,0.0,0.0,128.0,730.0
1546527.0,2.0,-3.0496,17.878,0.12915,-0.0893,-3.45,1.028,0.0,0.0,128.0,753.0
1546567.0,2.0,-2.3531,15.735,0.12143,-0.3485,-8.55,0.8973,0.0,0.0,128.0,728.0
1546607.0,2.0,-1.557,18.442,0.10136,-0.6692,-6.259,2.1556,0.0,0.0,128.0,735.0
1546647.0,2.0,-1.3223,8.776,0.07178,-0.7984,-0.559,0.7856,0.0,0.0,128.0,743.0
1546688.0,2.0,-1.1842,3.475,0.03949,-0.7998,0.0,0.4352,0.0,0.0,128.0,738.0
1546729.0,2.0,-1.264,-0.717,0.00728,-0.7931,1.343,0.3188,0.0,0.0,128.0,743.0
1546769.0,2.0,-1.4143,-3.514,-0.02134,-0.6164,7.343,0.2214,0.0,0.0,128.0,742.0
1546810.0,2.0,-1.4435,-0.107,-0.04084,-0.3792,3.384,0.212,0.0,0.0,128.0,785.0
1546851.0,2.0,-1.6644,-4.444,-0.05209,-0.1532,5.543,0.1079,0.0,0.0,128.0,757.0
1546892.0,2.0,-2.281,-12.205,-0.0555,-0.055,-0.607,0.3057,0.0,0.0,128.0,744.0
1546933.0,2.0,-2.91,-15.598,-0.05738,-0.0291,1.243,0.5525,0.0,0.0,128.0,739.0
1546974.0,2.0,2.7121,-17.521,-0.05906,-0.0713,-0.407,1.0447,0.0,0.0,128.0,724.0
1547014.0,2.0,2.2596,-12.604,-0.06139,-0.0548,-0.017,0.3702,0.0,0.0,128.0,750.0
1547054.0,2.0,1.9957,-8.365,-0.06379,-0.0921,-2.269,0.0561,0.0,0.0,128.0,752.0
1547095.0,2.0,1.7717,-5.641,-0.06877,-0.1526,-1.612,0.0316,0.0,0.0,128.0,736.0
1547135.0,2.0,1.6644,-3.244,-0.07541,-0.1588,2.138,-0.0215,0.0,0.0,128.0,773.0
1547176.0,2.0,1.738,0.946,-0.07879,0.0264,7.012,-0.1452,0.0,0.0,128.0,738.0
1547216.0,2.0,1.8577,2.819,-0.07155,0.3728,10.0,-0.2106,0.0,0.0,128.0,752.0
1547257.0,2.0,2.1399,6.158,-0.04927,0.7056,5.321,-0.2896,0.0,0.0,128.0,750.0
1547298.0,2.0,2.4421,6.888,-0.01819,0.7998,0.155,-0.4511,0.0,0.0,128.0,739.0
1547338.0,2.0,2.9821,12.586,0.01324,0.7998,0.0,0.015,0.0,0.0,128.0,738.0
1547379.0,2.0,-2.6384,16.481,0.04538,0.7733,-2.752,0.8744,0.0,0.0,128.0,729.0
1547419.0,2.0,-2.0755,14.903,0.0747,0.7384,-0.655,0.8739,0.0,0.0,128.0,765.0
1547460.0,2.0,-1.6843,11.638,0.10245,0.6148,-4.105,0.8938,0.0,0.0,128.0,760.0
1547501.0,2.0,-1.5647,4.165,0.12225,0.3184,-10.0,0.1455,0.0,0.0,128.0,753.0
1547542.0,2.0,-1.6797,-1.405,0.12705,-0.0916,-10.0,-0.0938,0.0,0.0,128.0,717.0
1547582.0,2.0,-1.7058,-0.786,0.11588,-0.486,-9.5,-0.1169,0.0,0.0,128.0,753.0
1547623.0,2.0,-1.83,-2.923,0.09023,-0.7555,-3.649,-0.2176,0.0,0.0,128.0,730.0
1547663.0,2.0,-2.3547,-8.465,0.05914,-0.7998,0.0,-0.1648,0.0,0.0,128.0,727.0
1547704.0,2.0,-2.9683,-15.506,0.02689,-0.7998,0.0,0.525,0.0,0.0,128.0,733.0
1547744.0,2.0,2.8133,-12.394,-0.00458,-0.7998,0.0,0.0327,0.0,0.0,128.0,725.0
1547784.0,2.0,2.37,-11.859,-0.03604,-0.7998,0.0,0.2212,0.0,0.0,128.0,747.0
1547825.0,2.0,2.0862,-7.541,-0.06832,-0.7998,0.0,-0.1316,0.0,0.0,128.0,745.0
1547866.0,5.0,1.8254,-6.946,-0.099,-0.7206,4.8,-0.0098,0.0,0.0,128.0,683.0
1547906.0,5.0,1.8484,-1.005,-0.12259,-0.3947,10.882,-0.0098,0.0,0.0,128.0,681.0
1547946.0,5.0,1.8822,0.877,-0.1314,-0.0824,4.882,-0.0098,0.0,0.0,128.0,661.0
1547987.0,6.0,1.9328,1.832,-0.13238,0.0014,0.616,-0.0098,0.0,0.0,128.0,710.0
1548027.0,6.0,2.3869,8.327,-0.13117,0.0607,1.5,-0.0098,0.0,0.0,128.0,716.0
1548067.0,2.0,2.8225,10.064,-0.12731,0.1657,5.1,-0.2972,0.0,0.0,128.0,738.0
1548108.0,2.0,-2.9606,12.23,-0.11486,0.4968,9.538,-0.0446,0.0,0.0,128.0,724.0
1548148.0,2.0,-1.9988,22.36,-0.08951,0.7558,3.553,2.7809,0.0,0.0,128.0,743.0
1548189.0,2.0,-1.6705,10.15,-0.05771,0.7998,0.0,0.6105,0.0,0.0,128.0,731.0
1548229.0,2.0,-1.1275,11.871,-0.02625,0.7998,0.0,1.3579,0.0,0.0,128.0,737.0
1548270.0,2.0,-0.7854,8.426,0.006,0.7984,-0.612,1.1802,0.0,0.0,128.0,708.0
1548310.0,2.0,-0.8283,0.831,0.03544,0.6527,-6.169,0.6907,0.0,0.0,128.0,746.0
1548350.0,2.0,-0.879,-1.329,0.05738,0.4892,-2.541,0.5894,0.0,0.0,128.0,751.0
1548391.0,2.0,-0.632,4.866,0.0735,0.2753,-6.661,0.9729,0.0,0.0,128.0,756.0
1548432.0,2.0,-0.6167,1.249,0.07883,-0.0247,-7.531,0.8374,0.0,0.0,128.0,709.0
1548472.0,2.0,-0.8268,-4.454,0.07305,-0.2444,-3.632,0.7837,0.0,0.0,128.0,727.0
1548513.0,2.0,-0.6719,2.121,0.06053,-0.4041,-5.564,0.8096,0.0,0.0,128.0,744.0
1548554.0,2.0,-0.8406,-2.994,0.04043,-0.5669,-1.434,0.7354,0.0,0.0,128.0,746.0
1548594.0,2.0,-0.8376,-1.023,0.01841,-0.5287,1.971,0.6576,0.0,0.0,128.0,738.0
1548635.0,2.0,-0.813,0.558,-0.00259,-0.5355,-0.29,0.7,0.0,0.0,128.0,725.0
1548675.0,2.0,-0.9956,-3.64,-0.02231,-0.4242,5.625,0.6271,0.0,0.0,128.0,757.0
1548716.0,2.0,-1.152,-3.859,-0.0345,-0.1658,7.203,0.4855,0.0,0.0,128.0,731.0
1548756.0,2.0,-1.7856,-10.455,-0.0357,0.1161,6.129,0.6249,0.0,0.0,128.0,739.0
1548797.0,2.0,-2.5617,-19.984,-0.02674,0.3281,5.727,1.6568,0.0,0.0,128.0,723.0
1548837.0,2.0,3.1048,-16.524,-0.0102,0.5154,4.1,0.7356,0.0,0.0,128.0,726.0
1548878.0,2.0,2.4712,-15.231,0.01185,0.5785,-0.427,0.7471,0.0,0.0,128.0,815.0
1548918.0,2.0,2.0049,-10.823,0.03315,0.4318,-6.577,0.3357,0.0,0.0,128.0,758.0
1548958.0,2.0,1.7211,-8.362,0.04373,0.0804,-8.915,0.3215,0.0,0.0,128.0,758.0
1548999.0,2.0,1.5217,-5.45,0.04088,-0.1897,-3.642,0.2569,0.0,0.0,128.0,736.0
1549039.0,2.0,1.4634,-2.303,0.03218,-0.2159,1.296,0.1552,0.0,0.0,128.0,742.0
1549079.0,2.0,1.4788,-0.078,0.0237,-0.2398,-1.327,0.0802,0.0,0.0,128.0,751.0
1549120.0,2.0,1.715,4.114,0.01305,-0.2696,1.478,-0.0093,0.0,0.0,128.0,769.0
1549161.0,2.0,2.011,6.918,0.00506,-0.0799,7.628,-0.1232,0.0,0.0,128.0,750.0
1549202.0,2.0,2.3654,8.513,0.00896,0.2934,8.677,-0.2455,0.0,0.0,128.0,731.0
1549242.0,2.0,3.0848,16.342,0.02584,0.53,3.002,0.6879,0.0,0.0,128.0,731.0
1549282.0,2.0,-2.5311,17.07,0.04744,0.5271,-2.998,1.0661,0.0,0.0,128.0,737.0
1549323.0,2.0,-1.6429,24.125,0.0666,0.4118,-3.748,3.7162,0.0,0.0,128.0,745.0
1549364.0,2.0,-1.3806,9.836,0.08111,0.2898,-5.098,0.8165,0.0,0.0,128.0,757.0
1549405.0,2.0,-1.0646,7.986,0.0882,0.0535,-6.762,0.9478,0.0,0.0,128.0,737.0
1549445.0,2.0,-1.1474,0.352,0.08374,-0.3099,-9.091,0.4688,0.0,0.0,128.0,730.0
1549486.0,2.0,-0.9219,3.864,0.06544,-0.5888,-6.857,0.6621,0.0,0.0,128.0,739.0
1549527.0,2.0,-0.7977,3.701,0.03761,-0.7668,-3.066,0.802,0.0,0.0,128.0,745.0
1549567.0,2.0,-0.8544,-0.183,0.00634,-0.7985,0.561,0.6805,0.0,0.0,128.0,768.0
1549608.0,2.0,-1.1152,-5.451,-0.02374,-0.6481,6.278,0.6161,0.0,0.0,128.0,710.0
1549648.0,2.0,-1.0278,0.214,-0.04373,-0.35,6.535,0.4752,0.0,0.0,128.0,759.0
1549689.0,2.0,-1.3729,-5.622,-0.05288,-0.0666,8.894,0.4294,0.0,0.0,128.0,743.0
1549730.0,2.0,-1.9773,-12.376,-0.04976,0.1872,3.217,0.5612,0.0,0.0,128.0,723.0
1549771.0,2.0,-2.6983,-16.422,-0.04031,0.2791,1.569,0.7798,0.0,0.0,128.0,713.0
1549811.0,2.0,2.7305,-18.929,-0.02824,0.3653,4.359,1.3527,0.0,0.0,128.0,752.0
1549852.0,2.0,2.2319,-14.196,-0.01043,0.4845,0.052,0.6919,0.0,0.0,128.0,729.0
1549892.0,2.0,1.9267,-9.555,0.00709,0.3636,-5.948,0.2646,0.0,0.0,128.0,748.0
1549933.0,2.0,1.6506,-6.777,0.01624,0.0791,-6.081,0.2257,0.0,0.0,128.0,743.0
1549974.0,2.0,1.5355,-3.958,0.01624,-0.0411,0.069,0.1584,0.0,0.0,128.0,737.0
1550015.0,2.0,1.537,-0.719,0.01568,0.015,-0.081,0.0705,0.0,0.0,128.0,745.0
1550056.0,2.0,1.5999,1.709,0.01545,-0.0279,-0.486,-0.0068,0.0,0.0,128.0,725.0
1550096.0,2.0,1.8776,5.612,0.01556,0.0755,5.509,-0.097,0.0,0.0,128.0,733.0
1550137.0,2.0,2.1921,7.635,0.02415,0.3638,7.2,-0.2307,0.0,0.0,128.0,729.0
1550177.0,2.0,2.8317,14.163,0.04399,0.6281,4.189,0.3396,0.0,0.0,128.0,737.0
1550217.0,2.0,-2.9084,14.363,0.07035,0.6728,-1.661,0.3355,0.0,0.0,128.0,749.0
1550257.0,2.0,-2.2795,12.902,0.09439,0.5431,-2.428,0.3455,0.0,0.0,128.0,752.0
1550298.0,2.0,-1.6091,15.963,0.11284,0.3504,-4.078,1.7186,0.0,0.0,128.0,751.0
1550339.0,2.0,-1.3422,7.61,0.12203,0.0544,-10.0,0.5725,0.0,0.0,128.0,751.0
1550380.0,2.0,-1.4834,-0.266,0.11621,-0.3528,-9.152,0.1228,0.0,0.0,128.0,724.0
1550421.0,2.0,-1.3898,1.359,0.09581,-0.6593,-6.492,0.1819,0.0,0.0,128.0,719.0
1550461.0,2.0,-1.4174,0.062,0.06645,-0.7976,-0.844,0.1685,0.0,0.0,128.0,745.0
1550501.0,2.0,-1.5018,-1.358,0.03495,-0.7991,0.435,0.1346,0.0,0.0,128.0,759.0
1550542.0,2.0,-1.7856,-5.128,0.00285,-0.7999,0.0,-0.0081,0.0,0.0,128.0,725.0
1550582.0,2.0,-2.4053,-13.505,-0.0285,-0.7816,0.525,0.3605,0.0,0.0,128.0,766.0
1550623.0,2.0,-3.0649,-14.625,-0.06034,-0.782,1.221,0.3535,0.0,0.0,128.0,758.0
1550664.0,2.0,2.5786,-16.211,-0.09,-0.6498,5.94,0.8452,0.0,0.0,128.0,756.0
1550705.0,5.0,2.3501,-7.987,-0.11261,-0.4968,2.881,-0.3747,0.0,0.0,128.0,681.0
1550746.0,5.0,2.0295,-8.117,-0.1284,-0.2586,8.809,-0.3747,0.0,0.0,128.0,673.0
1550786.0,5.0,2.0356,-1.737,-0.13342,-0.0293,2.809,-0.3747,0.0,0.0,128.0,654.0
1550826.0,6.0,2.1154,1.545,-0.1335,0.0216,1.5,-0.3747,0.0,0.0,128.0,715.0
1550867.0,6.0,2.278,3.408,-0.13144,0.0831,1.5,-0.3747,0.0,0.0,128.0,723.0
1550907.0,2.0,2.3715,2.527,-0.12664,0.1919,5.25,-0.6992,0.0,0.0,128.0,722.0
1550947.0,2.0,2.959,11.932,-0.11351,0.5159,9.1,-0.0867,0.0,0.0,128.0,721.0
1550987.0,2.0,-2.6415,17.152,-0.08775,0.7619,3.371,1.0026,0.0,0.0,128.0,750.0
1551028.0,2.0,-2.1752,11.322,-0.05584,0.7999,0.0,0.2001,0.0,0.0,128.0,720.0
1551068.0,2.0,-1.603,11.92,-0.02471,0.7699,-0.115,0.8415,0.0,0.0,128.0,745.0
1551108.0,2.0,-1.175,10.247,0.00638,0.7931,-1.317,1.0771,0.0,0.0,128.0,761.0
1551149.0,2.0,-1.1812,2.556,0.03559,0.61,-7.467,0.4526,0.0,0.0,128.0,754.0
1551190.0,2.0,-1.3346,-2.91,0.05468,0.3654,-3.069,0.2758,0.0,0.0,128.0,737.0
1551230.0,2.0,-1.2318,1.393,0.06713,0.2372,-5.699,0.3466,0.0,0.0,128.0,743.0
1551271.0,2.0,-1.3499,-1.809,0.07125,-0.0247,-4.219,0.2642,0.0,0.0,128.0,724.0
1551312.0,2.0,-1.4205,-2.213,0.06832,-0.1062,-1.996,0.1488,0.0,0.0,128.0,733.0
1551352.0,2.0,-1.715,-6.964,0.06169,-0.2703,-6.913,0.0364,0.0,0.0,128.0,731.0
1551393.0,2.0,-2.7765,-20.196,0.04425,-0.5927,-5.855,1.6364,0.0,0.0,128.0,725.0
1551433.0,2.0,2.7903,-18.444,0.01796,-0.7138,-0.672,1.2097,0.0,0.0,128.0,731.0
1551473.0,2.0,2.2043,-17.545,-0.01028,-0.7245,0.721,1.3961,0.0,0.0,128.0,750.0
1551514.0,2.0,1.6889,-12.861,-0.0375,-0.6124,3.204,0.9267,0.0,0.0,128.0,758.0
1551555.0,2.0,1.3514,-10.013,-0.05828,-0.3929,6.312,0.8935,0.0,0.0,128.0,735.0
1551595.0,2.0,1.1137,-5.887,-0.06795,-0.0706,8.519,0.637,0.0,0.0,128.0,735.0
1551635.0,2.0,0.7655,-8.073,-0.06581,0.148,3.119,1.1952,0.0,0.0,128.0,729.0
1551676.0,2.0,0.6826,-2.435,-0.05599,0.3583,5.244,0.8159,0.0,0.0,128.0,738.0
1551717.0,2.0,0.1948,-9.384,-0.03821,0.4952,0.658,1.516,0.0,0.0,128.0,737.0
1551757.0,2.0,0.1549,-4.047,-0.01961,0.4313,-1.057,1.1004,0.0,0.0,128.0,756.0
1551798.0,3.0,0.227,1.333,-0.00233,0.4823,4.193,0.9854,0.0,0.0,128.0,704.0
1551838.0,3.0,0.1519,-1.191,0.02108,0.6583,1.894,0.9975,0.0,0.0,128.0,683.0
1551878.0,3.0,-0.2516,-9.127,0.04714,0.6214,-3.812,1.495,0.0,0.0,128.0,709.0
1551919.0,3.0,-0.2823,-2.325,0.06754,0.3362,-9.705,0.9946,0.0,0.0,128.0,730.0
1551959.0,3.0,-0.201,0.891,0.07493,0.071,-3.705,0.9849,0.0,0.0,128.0,724.0
1551999.0,3.0,-0.1258,2.175,0.07646,0.045,1.99,1.022,0.0,0.0,128.0,696.0
1552040.0,3.0,0.0261,3.324,0.081,0.2245,7.341,1.0694,0.0,0.0,128.0,711.0
1552080.0,3.0,-0.0138,-0.477,0.09476,0.4443,2.677,1.0013,0.0,0.0,128.0,695.0
1552120.0,5.0,0.0245,0.532,0.11321,0.4648,-1.915,1.0016,0.0,0.0,128.0,674.0
1552161.0,5.0,0.158,2.736,0.12878,0.2571,-8.065,1.0016,0.0,0.0,128.0,680.0
1552201.0,5.0,0.3912,5.217,0.13376,0.0288,-2.82,1.0016,0.0,0.0,128.0,660.0
1552242.0,6.0,0.7578,8.078,0.13384,-0.0223,-1.5,1.0016,0.0,0.0,128.0,708.0
1552282.0,6.0,1.2487,11.257,0.13181,-0.0823,-1.5,1.0016,0.0,0.0,128.0,702.0
1552322.0,2.0,1.6966,10.978,0.1272,-0.1769,-4.65,0.6258,0.0,0.0,128.0,723.0
1552362.0,2.0,2.3654,15.057,0.11535,-0.446,-6.093,0.7054,0.0,0.0,128.0,737.0
1552402.0,2.0,2.9683,15.253,0.09469,-0.5771,-2.33,0.488,0.0,0.0,128.0,732.0
1552443.0,2.0,-2.5817,20.706,0.06938,-0.6898,-4.597,1.948,0.0,0.0,128.0,753.0
1552484.0,2.0,-1.9006,16.387,0.03863,-0.7997,0.0,1.391,0.0,0.0,128.0,745.0
1552525.0,2.0,-1.5278,8.745,0.00694,-0.7511,1.35,0.6106,0.0,0.0,128.0,715.0
1552565.0,2.0,-1.2241,6.453,-0.02265,-0.751,0.266,0.6188,0.0,0.0,128.0,750.0
1552605.0,2.0,-1.1428,2.715,-0.05134,-0.7002,1.453,0.484,0.0,0.0,128.0,765.0
1552645.0,2.0,-1.1689,0.063,-0.07691,-0.564,6.093,0.406,0.0,0.0,128.0,782.0
1552686.0,2.0,-1.1643,0.078,-0.09319,-0.2107,8.543,0.3872,0.0,0.0,128.0,767.0
1552727.0,2.0,-1.3392,-2.577,-0.09454,0.1682,10.0,0.3007,0.0,0.0,128.0,721.0
1552767.0,2.0,-1.7932,-9.966,-0.08059,0.5268,6.55,0.3653,0.0,0.0,128.0,741.0
1552807.0,2.0,-2.304,-10.842,-0.05644,0.6658,0.55,0.0915,0.0,0.0,128.0,760.0
1552848.0,2.0,-3.0434,-16.461,-0.02921,0.7035,0.953,0.7126,0.0,0.0,128.0,739.0
1552888.0,2.0,2.6277,-14.586,-0.00244,0.6186,-5.047,0.4808,0.0,0.0,128.0,742.0
1552928.0,2.0,2.146,-12.518,0.01789,0.388,-6.588,0.454,0.0,0.0,128.0,758.0
1552968.0,2.0,1.8132,-9.76,0.02764,0.0943,-7.302,0.3887,0.0,0.0,128.0,748.0
1553009.0,2.0,1.511,-7.323,0.02693,-0.0974,-1.711,0.4143,0.0,0.0,128.0,729.0
1553049.0,2.0,1.3484,-4.866,0.02329,-0.0508,2.987,0.3976,0.0,0.0,128.0,750.0
1553090.0,2.0,1.1689,-4.93,0.02374,0.0663,1.571,0.5498,0.0,0.0,128.0,736.0
1553130.0,2.0,1.2916,0.804,0.0276,0.1232,-0.119,0.3331,0.0,0.0,128.0,745.0
1553171.0,2.0,1.4588,3.698,0.03075,-0.0108,-6.269,0.2071,0.0,0.0,128.0,730.0
1553211.0,2.0,1.6782,5.089,0.02648,-0.1739,-1.178,0.0732,0.0,0.0,128.0,750.0
1553251.0,2.0,2.169,10.601,0.02029,-0.0981,4.822,0.1529,0.0,0.0,128.0,758.0
1553292.0,2.0,2.6477,10.931,0.021,0.1609,6.955,-0.108,0.0,0.0,128.0,738.0
1553333.0,2.0,-2.8731,16.399,0.03142,0.3171,0.812,0.7369,0.0,0.0,128.0,745.0
1553373.0,2.0,-1.8715,20.98,0.04298,0.2266,-5.188,2.3983,0.0,0.0,128.0,757.0
1553414.0,2.0,-1.4987,12.563,0.04748,0.0152,-2.638,1.1691,0.0,0.0,128.0,732.0
1553455.0,2.0,-1.0216,11.603,0.04493,-0.1355,-1.73,1.3994,0.0,0.0,128.0,731.0
1553495.0,2.0,-0.8713,6.382,0.03765,-0.2576,-3.217,0.9108,0.0,0.0,128.0,722.0
1553535.0,2.0,-1.017,-0.565,0.02452,-0.4149,-2.923,0.5768,0.0,0.0,128.0,750.0
1553575.0,2.0,-0.8912,1.879,0.00754,-0.4209,0.535,0.6038,0.0,0.0,128.0,767.0
1553616.0,2.0,-0.8376,1.961,-0.00986,-0.4443,-0.581,0.7154,0.0,0.0,128.0,695.0
1553656.0,2.0,-0.9679,-2.304,-0.02678,-0.3758,4.579,0.6113,0.0,0.0,128.0,744.0
1553696.0,2.0,-1.1612,-4.148,-0.03694,-0.1202,6.997,0.5256,0.0,0.0,128.0,748.0
1553736.0,2.0,-1.3729,-5.463,-0.03626,0.1699,7.394,0.3785,0.0,0.0,128.0,728.0
1553776.0,2.0,-2.0157,-15.825,-0.02471,0.3884,2.888,1.0776,0.0,0.0,128.0,752.0
1553817.0,2.0,-2.9115,-18.622,-0.00791,0.4279,0.224,1.2382,0.0,0.0,128.0,751.0
1553857.0,2.0,2.6446,-19.444,0.01005,0.4825,0.969,1.5063,0.0,0.0,128.0,734.0
1553898.0,2.0,2.1859,-14.45,0.02989,0.4618,-3.397,0.7733,0.0,0.0,128.0,759.0
1553939.0,2.0,1.784,-10.556,0.0441,0.2,-7.931,0.5014,0.0,0.0,128.0,750.0
1553979.0,2.0,1.5018,-8.068,0.04639,-0.0671,-4.249,0.5002,0.0,0.0,128.0,739.0
1554020.0,2.0,1.3223,-4.891,0.04193,-0.1126,1.571,0.4046,0.0,0.0,128.0,737.0
1554060.0,2.0,1.2333,-2.61,0.03881,-0.0431,1.751,0.3581,0.0,0.0,128.0,739.0
1554100.0,2.0,1.2701,-0.152,0.03814,0.0016,-0.289,0.3371,0.0,0.0,128.0,748.0
1554141.0,2.0,1.4864,4.404,0.03634,-0.1394,-6.439,0.217,0.0,0.0,128.0,751.0
1554181.0,2.0,1.7395,5.984,0.02711,-0.2963,-1.065,0.0942,0.0,0.0,128.0,744.0
1554221.0,2.0,2.2197,10.781,0.0162,-0.2159,4.935,0.1284,0.0,0.0,128.0,761.0
1554262.0,2.0,2.686,10.415,0.01253,0.0628,8.525,-0.2045,0.0,0.0,128.0,750.0
1554303.0,2.0,-2.5817,21.697,0.02025,0.2832,2.375,2.1057,0.0,0.0,128.0,729.0
1554343.0,2.0,-1.965,18.747,0.03165,0.2552,-3.625,1.9185,0.0,0.0,128.0,767.0
1554384.0,2.0,-1.2778,18.799,0.0381,0.0649,-3.098,2.6238,0.0,0.0,128.0,737.0
1554424.0,2.0,-0.9679,9.482,0.03971,0.0293,-1.513,1.1712,0.0,0.0,128.0,753.0
1554465.0,2.0,-0.7256,6.698,0.03908,-0.0606,-2.51,1.0625,0.0,0.0,128.0,730.0
1554506.0,2.0,-0.7639,1.118,0.03375,-0.2162,-4.016,0.7673,0.0,0.0,128.0,731.0
1554546.0,2.0,-0.6443,2.012,0.02366,-0.2737,-1.317,0.7799,0.0,0.0,128.0,733.0
1554587.0,2.0,-0.4034,5.578,0.01196,-0.2808,0.634,1.1285,0.0,0.0,128.0,737.0
1554628.0,3.0,-0.385,1.412,0.00094,-0.2725,-1.011,0.9394,0.0,0.0,128.0,703.0
1554668.0,3.0,-0.655,-5.615,-0.01215,-0.4359,-7.011,0.9923,0.0,0.0,128.0,702.0
1554708.0,3.0,-0.5921,0.347,-0.03525,-0.7225,-4.798,0.8305,0.0,0.0,128.0,680.0
1554748.0,3.0,-0.5844,0.056,-0.06593,-0.7999,-0.15,0.834,0.0,0.0,128.0,674.0
1554789.0,5.0,-0.6228,-0.668,-0.09761,-0.7302,4.5,0.8348,0.0,0.0,128.0,688.0
1554829.0,5.0,-0.6427,-0.61,-0.12143,-0.4272,10.5,0.8348,0.0,0.0,128.0,667.0
1554870.0,5.0,-0.7026,-1.26,-0.13117,-0.0976,5.333,0.8348,0.0,0.0,128.0,660.0
1554911.0,6.0,-0.8928,-2.719,-0.13245,0.0003,0.317,0.8348,0.0,0.0,128.0,793.0
1554951.0,6.0,-1.4542,-12.653,-0.13136,0.0578,1.5,0.8348,0.0,0.0,128.0,731.0
1554991.0,0.0,-2.2503,-18.359,-0.12874,0.0,0.0,1.2449,0.0,0.0,128.0,549.0
1555032.0,0.0,3.1401,-22.216,-0.12874,0.0,0.0,1.2449,0.0,0.0,128.0,549.0
1555072.0,0.0,2.3654,-20.669,-0.12874,0.0,0.0,1.2449,0.0,0.0,128.0,557.0
1555112.0,0.0,1.7687,-15.293,-0.12874,0.0,0.0,1.2449,0.0,0.0,128.0,557.0
1555152.0,0.0,1.2916,-12.742,-0.12874,0.0,0.0,1.2449,0.0,0.0,128.0,564.0
1555192.0,0.0,0.9771,-8.857,-0.12874,0.0,0.0,1.2449,0.0,0.0,128.0,549.0
1555232.0,0.0,0.6642,-7.595,-0.12874,0.0,0.0,1.2449,0.0,0.0,128.0,542.0
1555273.0,0.0,0.1227,-12.142,-0.12874,0.0,0.0,1.2449,0.0,0.0,128.0,535.0
1555313.0,0.0,0.1396,-2.385,-0.12874,0.0,0.0,1.2449,0.0,0.0,128.0,543.0
1555353.0,0.0,0.0706,-1.355,-0.12874,0.0,0.0,1.2449,0.0,0.0,128.0,543.0
1555394.0,0.0,-0.2255,-6.138,-0.12874,0.0,0.0,1.2449,0.0,0.0,128.0,542.0
1555434.0,0.0,-0.339,-4.118,-0.12874,0.0,0.0,1.2449,0.0,0.0,128.0,543.0
1555474.0,0.0,-0.3206,-0.128,-0.12874,0.0,0.0,1.2449,0.0,0.0,128.0,543.0
1555514.0,0.0,-0.5338,-3.91,-0.12874,0.0,0.0,1.2449,0.0,0.0,128.0,543.0
1555554.0,0.0,-0.8007,-6.059,-0.12874,0.0,0.0,1.2449,0.0,0.0,128.0,550.0
1555595.0,0.0,-0.8253,-1.867,-0.12874,0.0,0.0,1.2449,0.0,0.0,128.0,550.0
1555635.0,0.0,-0.9833,-3.619,-0.12874,0.0,0.0,1.2449,0.0,0.0,128.0,543.0
1555675.0,0.0,-1.3376,-7.053,-0.12874,0.0,0.0,1.2449,0.0,0.0,128.0,544.0
1555715.0,0.0,-2.0003,-17.39,-0.12874,0.0,0.0,1.2449,0.0,0.0,128.0,557.0
1555755.0,0.0,-3.0265,-23.497,-0.12874,0.0,0.0,1.2449,0.0,0.0,128.0,558.0
1555795.0,0.0,2.6124,-19.395,-0.12874,0.0,0.0,1.2449,0.0,0.0,128.0,570.0
1555836.0,0.0,1.9926,-15.9,-0.12874,0.0,0.0,1.2449,0.0,0.0,128.0,563.0
1555876.0,0.0,1.5417,-11.689,-0.12874,0.0,0.0,1.2449,0.0,0.0,128.0,549.0
1555916.0,0.0,1.2241,-8.825,-0.12874,0.0,0.0,1.2449,0.0,0.0,128.0,549.0
1555957.0,0.0,1.0462,-5.229,-0.12874,0.0,0.0,1.2449,0.0,0.0,128.0,549.0
1555997.0,0.0,0.6228,-10.242,-0.12874,0.0,0.0,1.2449,0.0,0.0,128.0,543.0
1556037.0,0.0,0.6826,-0.824,-0.12874,0.0,0.0,1.2449,0.0,0.0,128.0,542.0
1556077.0,0.0,0.7823,2.352,-0.12874,0.0,0.0,1.2449,0.0,0.0,128.0,549.0
1556117.0,0.0,0.767,-0.03,-0.12874,0.0,0.0,1.2449,0.0,0.0,128.0,536.0
1556158.0,0.0,1.1397,7.113,-0.12874,0.0,0.0,1.2449,0.0,0.0,128.0,549.0
1556198.0,0.0,1.5002,9.123,-0.12874,0.0,0.0,1.2449,0.0,0.0,128.0,550.0
1556238.0,0.0,1.8883,9.12,-0.12874,0.0,0.0,1.2449,0.0,0.0,128.0,556.0
1556279.0,0.0,2.5096,13.989,-0.12874,0.0,0.0,1.2449,0.0,0.0,128.0,556.0
1556319.0,0.0,3.0741,14.608,-0.12874,0.0,0.0,1.2449,0.0,0.0,128.0,557.0
1556359.0,0.0,-2.5219,16.33,-0.12874,0.0,0.0,1.2449,0.0,0.0,128.0,557.0
1556399.0,0.0,-1.603,22.462,-0.12874,0.0,0.0,1.2449,0.0,0.0,128.0,550.0
1556440.0,0.0,-1.333,10.199,-0.12874,0.0,0.0,1.2449,0.0,0.0,128.0,549.0
1556480.0,0.0,-0.9679,9.391,-0.12874,0.0,0.0,1.2449,0.0,0.0,128.0,550.0
1556520.0,0.0,-0.7992,5.395,-0.12874,0.0,0.0,1.2449,0.0,0.0,128.0,542.0
1556560.0,0.0,-0.9434,-1.578,-0.12874,0.0,0.0,1.2449,0.0,0.0,128.0,550.0
1556601.0,0.0,-1.1014,-3.89,-0.12874,0.0,0.0,1.2449,0.0,0.0,128.0,550.0
1556641.0,0.0,-1.0677,0.078,-0.12874,0.0,0.0,1.2449,0.0,0.0,128.0,550.0
1556681.0,0.0,-1.2763,-3.832,-0.12874,0.0,0.0,1.2449,0.0,0.0,128.0,549.0
1556721.0,0.0,-1.5463,-6.644,-0.12874,0.0,0.0,1.2449,0.0,0.0,128.0,550.0
1556761.0,0.0,-2.2381,-15.508,-0.12874,0.0,0.0,1.2449,0.0,0.0,128.0,557.0
1556802.0,0.0,-3.0311,-18.936,-0.12874,0.0,0.0,1.2449,0.0,0.0,128.0,556.0
1556842.0,0.0,2.5633,-18.028,-0.12874,0.0,0.0,1.2449,0.0,0.0,128.0,577.0
1556882.0,0.0,2.123,-13.707,-0.12874,0.0,0.0,1.2449,0.0,0.0,128.0,556.0
1556923.0,0.0,1.7058,-10.72,-0.12874,0.0,0.0,1.2449,0.0,0.0,128.0,557.0
1556963.0,0.0,1.4696,-7.117,-0.12874,0.0,0.0,1.2449,0.0,0.0,128.0,564.0
1557003.0,0.0,1.3254,-4.365,-0.12874,0.0,0.0,1.2449,0.0,0.0,128.0,549.0
1557044.0,0.0,1.172,-3.877,-0.12874,0.0,0.0,1.2449,0.0,0.0,128.0,549.0
1557084.0,0.0,1.3376,1.908,-0.12874,0.0,0.0,1.2449,0.0,0.0,128.0,550.0
1557124.0,0.0,1.557,5.037,-0.12874,0.0,0.0,1.2449,0.0,0.0,128.0,549.0
1557164.0,0.0,1.7948,5.661,-0.12874,0.0,0.0,1.2449,0.0,0.0,128.0,556.0
1557205.0,0.0,2.3209,11.429,-0.12874,0.0,0.0,1.2449,0.0,0.0,128.0,557.0
1557245.0,0.0,2.7857,11.504,-0.12874,0.0,0.0,1.2449,0.0,0.0,128.0,571.0
1557285.0,0.0,-2.7474,16.041,-0.12874,0.0,0.0,1.2449,0.0,0.0,128.0,556.0
1557326.0,0.0,-2.1154,13.608,-0.12874,0.0,0.0,1.2449,0.0,0.0,128.0,550.0
1557366.0,0.0,-1.6536,12.069,-0.12874,0.0,0.0,1.2449,0.0,0.0,128.0,556.0
1557406.0,0.0,-1.2333,10.595,-0.12874,0.0,0.0,1.2449,0.0,0.0,128.0,564.0
1557446.0,0.0,-1.1888,3.029,-0.12874,0.0,0.0,1.2449,0.0,0.0,128.0,550.0
1557487.0,0.0,-1.2226,-0.054,-0.12874,0.0,0.0,1.2449,0.0,0.0,128.0,549.0
1557527.0,0.0,-1.4082,-4.117,-0.12874,0.0,0.0,1.2449,0.0,0.0,128.0,550.0
1557567.0,0.0,-1.4972,-2.969,-0.12874,0.0,0.0,1.2449,0.0,0.0,128.0,550.0
1557607.0,0.0,-1.8055,-5.841,-0.12874,0.0,0.0,1.2449,0.0,0.0,128.0,556.0
1557648.0,0.0,-2.0356,-7.562,-0.12874,0.0,0.0,1.2449,0.0,0.0,128.0,555.0
1557688.0,0.0,-2.8685,-19.06,-0.12874,0.0,0.0,1.2449,0.0,0.0,128.0,571.0
1557728.0,0.0,2.9729,-11.089,-0.12874,0.0,0.0,1.2449,0.0,0.0,128.0,557.0
1557769.0,0.0,2.2642,-16.211,-0.12874,0.0,0.0,1.2449,0.0,0.0,128.0,556.0
1557809.0,0.0,1.985,-8.534,-0.12874,0.0,0.0,1.2449,0.0,0.0,128.0,571.0
1557849.0,0.0,1.6736,-8.388,-0.12874,0.0,0.0,1.2449,0.0,0.0,128.0,550.0
1557890.0,0.0,1.5892,-3.191,-0.12874,0.0,0.0,1.2449,0.0,0.0,128.0,549.0
1557930.0,0.0,1.5846,-0.581,-0.12874,0.0,0.0,1.2449,0.0,0.0,128.0,556.0
1557970.0,0.0,1.7043,2.089,-0.12874,0.0,0.0,1.2449,0.0,0.0,128.0,556.0
1558010.0,0.0,1.9635,5.629,-0.12874,0.0,0.0,1.2449,0.0,0.0,128.0,558.0
1558050.0,0.0,2.1629,5.23,-0.12874,0.0,0.0,1.2449,0.0,0.0,128.0,557.0
1558090.0,0.0,2.8041,12.975,-0.12874,0.0,0.0,1.2449,0.0,0.0,128.0,556.0
1558130.0,0.0,-3.0265,11.546,-0.12874,0.0,0.0,1.2449,0.0,0.0,128.0,557.0
1558171.0,0.0,-2.4927,12.002,-0.12874,0.0,0.0,1.2449,0.0,0.0,128.0,557.0
1558211.0,0.0,-1.9159,10.941,-0.12874,0.0,0.0,1.2449,0.0,0.0,128.0,557.0
1558251.0,0.0,-1.669,6.53,-0.12874,0.0,0.0,1.2449,0.0,0.0,128.0,563.0
1558292.0,0.0,-1.4972,4.685,-0.12874,0.0,0.0,1.2449,0.0,0.0,128.0,557.0
1558332.0,0.0,-1.4527,1.845,-0.12874,0.0,0.0,1.2449,0.0,0.0,128.0,557.0
1558372.0,0.0,-1.4726,-0.046,-0.12874,0.0,0.0,1.2449,0.0,0.0,128.0,549.0
1558412.0,0.0,-1.715,-4.52,-0.12874,0.0,0.0,1.2449,0.0,0.0,128.0,550.0
1558453.0,0.0,-2.0003,-5.065,-0.12874,0.0,0.0,1.2449,0.0,0.0,128.0,549.0
1558493.0,0.0,-2.7412,-15.621,-0.12874,0.0,0.0,1.2449,0.0,0.0,128.0,556.0
1558533.0,0.0,3.0787,-11.788,-0.12874,0.0,0.0,1.2449,0.0,0.0,128.0,557.0
1558573.0,0.0,2.6553,-11.182,-0.12874,0.0,0.0,1.2449,0.0,0.0,128.0,551.0
1558613.0,0.0,2.3378,-7.556,-0.12874,0.0,0.0,1.2449,0.0,0.0,128.0,557.0
1558653.0,0.0,2.0095,-7.766,-0.12874,0.0,0.0,1.2449,0.0,0.0,128.0,564.0
1558694.0,0.0,1.8193,-5.558,-0.12874,0.0,0.0,1.2449,0.0,0.0,128.0,564.0
1558734.0,0.0,1.8239,-0.855,-0.12874,0.0,0.0,1.2449,0.0,0.0,128.0,557.0
1558774.0,0.0,1.9144,1.607,-0.12874,0.0,0.0,1.2449,0.0,0.0,128.0,555.0
1558814.0,0.0,2.1215,4.481,-0.12874,0.0,0.0,1.2449,0.0,0.0,128.0,550.0
1558855.0,0.0,2.3715,6.33,-0.12874,0.0,0.0,1.2449,0.0,0.0,128.0,550.0
1558895.0,0.0,2.7213,8.301,-0.12874,0.0,0.0,1.2449,0.0,0.0,128.0,557.0
1558935.0,0.0,-2.9314,14.344,-0.12874,0.0,0.0,1.2449,0.0,0.0,128.0,557.0
1558975.0,0.0,-2.4452,13.358,-0.12874,0.0,0.0,1.2449,0.0,0.0,128.0,557.0
1559015.0,0.0,-2.0617,9.872,-0.12874,0.0,0.0,1.2449,0.0,0.0,128.0,557.0
1559056.0,0.0,-1.7288,9.963,-0.12874,0.0,0.0,1.2449,0.0,0.0,128.0,557.0
1559096.0,0.0,-1.6552,3.145,-0.12874,0.0,0.0,1.2449,0.0,0.0,128.0,563.0
1559136.0,0.0,-1.6306,1.018,-0.12874,0.0,0.0,1.2449,0.0,0.0,128.0,549.0
1559176.0,0.0,-1.7242,-1.556,-0.12874,0.0,0.0,1.2449,0.0,0.0,128.0,555.0
1559216.0,0.0,-1.9282,-4.613,-0.12874,0.0,0.0,1.2449,0.0,0.0,128.0,556.0
1559257.0,0.0,-2.4206,-10.619,-0.12874,0.0,0.0,1.2449,0.0,0.0,128.0,551.0
1559297.0,0.0,-2.8747,-11.62,-0.12874,0.0,0.0,1.2449,0.0,0.0,128.0,571.0
1559337.0,0.0,2.9176,-11.605,-0.12874,0.0,0.0,1.2449,0.0,0.0,128.0,556.0
1559378.0,0.0,2.5571,-9.809,-0.12874,0.0,0.0,1.2449,0.0,0.0,128.0,556.0
1559418.0,0.0,2.2028,-7.793,-0.12874,0.0,0.0,1.2449,0.0,0.0,128.0,557.0
1559458.0,0.0,2.0356,-5.076,-0.12874,0.0,0.0,1.2449,0.0,0.0,128.0,564.0
1559499.0,0.0,1.9865,-2.091,-0.12874,0.0,0.0,1.2449,0.0,0.0,128.0,564.0
1559539.0,0.0,2.0279,0.517,-0.12874,0.0,0.0,1.2449,0.0,0.0,128.0,558.0
1559579.0,0.0,2.1721,2.936,-0.12874,0.0,0.0,1.2449,0.0,0.0,128.0,556.0
1559619.0,0.0,2.4329,5.785,-0.12874,0.0,0.0,1.2449,0.0,0.0,128.0,557.0
1559660.0,0.0,2.6231,4.3,-0.12874,0.0,0.0,1.2449,0.0,0.0,128.0,557.0
1559700.0,0.0,-3.068,11.855,-0.12874,0.0,0.0,1.2449,0.0,0.0,128.0,571.0
1559789.0,0.0,-2.37,4.534,-0.12874,0.0,0.0,1.2449,0.0,0.0,128.0,592.0
1559829.0,0.0,-1.827,10.29,-0.12874,0.0,0.0,1.2449,0.0,0.0,128.0,557.0
1559869.0,0.0,-1.83,1.858,-0.12874,0.0,0.0,1.2449,0.0,0.0,128.0,563.0
1559910.0,0.0,-1.784,-0.178,-0.12874,0.0,0.0,1.2449,0.0,0.0,128.0,564.0
1559950.0,0.0,-1.9052,-2.336,-0.12874,0.0,0.0,1.2449,0.0,0.0,128.0,555.0
1559990.0,0.0,-2.1108,-4.968,-0.12874,0.0,0.0,1.2449,0.0,0.0,128.0,556.0
1560031.0,0.0,-2.5464,-9.536,-0.12874,0.0,0.0,1.2449,0.0,0.0,128.0,556.0
1560071.0,0.0,-3.002,-11.263,-0.12874,0.0,0.0,1.2449,0.0,0.0,128.0,557.0
1560111.0,0.0,2.8348,-11.023,-0.12874,0.0,0.0,1.2449,0.0,0.0,128.0,565.0
1560152.0,0.0,2.551,-7.92,-0.12874,0.0,0.0,1.2449,0.0,0.0,128.0,565.0
1560192.0,0.0,2.2826,-5.738,-0.12874,0.0,0.0,1.2449,0.0,0.0,128.0,563.0
1560232.0,0.0,2.1598,-3.654,-0.12874,0.0,0.0,1.2449,0.0,0.0,128.0,550.0
1560272.0,0.0,2.1246,-1.361,-0.12874,0.0,0.0,1.2449,0.0,0.0,128.0,556.0
1560313.0,0.0,2.1951,1.112,-0.12874,0.0,0.0,1.2449,0.0,0.0,128.0,557.0
1560353.0,0.0,2.3731,3.705,-0.12874,0.0,0.0,1.2449,0.0,0.0,128.0,557.0
1560393.0,0.0,2.6277,5.871,-0.12874,0.0,0.0,1.2449,0.0,0.0,128.0,564.0
1560434.0,0.0,2.9544,7.775,-0.12874,0.0,0.0,1.2449,0.0,0.0,128.0,564.0
1560474.0,0.0,-2.8486,11.967,-0.12874,0.0,0.0,1.2449,0.0,0.0,128.0,564.0
1560514.0,0.0,-2.4666,10.966,-0.12874,0.0,0.0,1.2449,0.0,0.0,128.0,550.0
1560554.0,0.0,-2.3194,4.751,-0.12874,0.0,0.0,1.2449,0.0,0.0,128.0,556.0
1560594.0,0.0,-1.7319,13.46,-0.12874,0.0,0.0,1.2449,0.0,0.0,128.0,555.0
1560635.0,0.0,-1.9405,-0.979,-0.12874,0.0,0.0,1.2449,0.0,0.0,128.0,550.0
1560675.0,0.0,-1.9758,-0.347,-0.12874,0.0,0.0,1.2449,0.0,0.0,128.0,556.0
1560715.0,0.0,-2.1598,-3.907,-0.12874,0.0,0.0,1.2449,0.0,0.0,128.0,556.0
1560755.0,0.0,-2.439,-6.028,-0.12874,0.0,0.0,1.2449,0.0,0.0,128.0,557.0
1560796.0,0.0,-2.8501,-9.657,-0.12874,0.0,0.0,1.2449,0.0,0.0,128.0,550.0
1560836.0,0.0,3.0986,-8.495,-0.12874,0.0,0.0,1.2449,0.0,0.0,128.0,557.0
1560876.0,0.0,2.7336,-9.229,-0.12874,0.0,0.0,1.2449,0.0,0.0,128.0,557.0
1560916.0,0.0,2.5326,-4.909,-0.12874,0.0,0.0,1.2449,0.0,0.0,128.0,557.0
1560956.0,0.0,2.2273,-6.499,-0.12874,0.0,0.0,1.2449,0.0,0.0,128.0,564.0
1560997.0,0.0,2.255,-1.152,-0.12874,0.0,0.0,1.2449,0.0,0.0,128.0,564.0
1561037.0,0.0,2.2826,0.321,-0.12874,0.0,0.0,1.2449,0.0,0.0,128.0,569.0
1561077.0,0.0,2.3884,2.116,-0.12874,0.0,0.0,1.2449,0.0,0.0,128.0,556.0
1561118.0,0.0,2.5832,4.349,-0.12874,0.0,0.0,1.2449,0.0,0.0,128.0,556.0
1561158.0,0.0,2.7167,2.972,-0.12874,0.0,0.0,1.2449,0.0,0.0,128.0,558.0
1561198.0,0.0,-3.0158,10.957,-0.12874,0.0,0.0,1.2449,0.0,0.0,128.0,557.0
1561238.0,0.0,-2.7182,7.721,-0.12874,0.0,0.0,1.2449,0.0,0.0,128.0,556.0
1561279.0,0.0,-2.6461,3.197,-0.12874,0.0,0.0,1.2449,0.0,0.0,128.0,556.0
1561319.0,0.0,-2.2381,8.232,-0.12874,0.0,0.0,1.2449,0.0,0.0,128.0,557.0
1561359.0,0.0,-1.8868,9.217,-0.12874,0.0,0.0,1.2449,0.0,0.0,128.0,556.0
1561399.0,0.0,-2.1322,-3.215,-0.12874,0.0,0.0,1.2449,0.0,0.0,128.0,556.0
1561440.0,0.0,-2.2841,-3.228,-0.12874,0.0,0.0,1.2449,0.0,0.0,128.0,552.0
1561480.0,0.0,-2.4314,-3.837,-0.12874,0.0,0.0,1.2449,0.0,0.0,128.0,557.0
1561520.0,0.0,-2.7458,-6.743,-0.12874,0.0,0.0,1.2449,0.0,0.0,128.0,556.0
1561560.0,0.0,-3.0542,-7.683,-0.12874,0.0,0.0,1.2449,0.0,0.0,128.0,556.0
1561601.0,0.0,2.8916,-8.136,-0.12874,0.0,0.0,1.2449,0.0,0.0,128.0,557.0
1561641.0,0.0,2.6645,-5.986,-0.12874,0.0,0.0,1.2449,0.0,0.0,128.0,557.0
1561681.0,0.0,2.4574,-5.111,-0.12874,0.0,0.0,1.2449,0.0,0.0,128.0,557.0
1561722.0,0.0,2.3853,-1.71,-0.12874,0.0,0.0,1.2449,0.0,0.0,128.0,556.0
1561762.0,0.0,2.3731,-0.553,-0.12874,0.0,0.0,1.2449,0.0,0.0,128.0,556.0
1561802.0,0.0,2.4406,1.257,-0.12874,0.0,0.0,1.2449,0.0,0.0,128.0,557.0
1561842.0,0.0,2.5894,3.136,-0.12874,0.0,0.0,1.2449,0.0,0.0,128.0,556.0
1561882.0,0.0,2.752,3.983,-0.12874,0.0,0.0,1.2449,0.0,0.0,128.0,549.0
1561922.0,0.0,3.1124,7.88,-0.12874,0.0,0.0,1.2449,0.0,0.0,128.0,557.0
1561963.0,0.0,-2.8241,8.368,-0.12874,0.0,0.0,1.2449,0.0,0.0,128.0,556.0
1562003.0,0.0,-2.7059,3.93,-0.12874,0.0,0.0,1.2449,0.0,0.0,128.0,557.0
1562043.0,0.0,-2.416,5.849,-0.12874,0.0,0.0,1.2449,0.0,0.0,128.0,558.0
1562083.0,0.0,-2.3178,2.189,-0.12874,0.0,0.0,1.2449,0.0,0.0,128.0,565.0
1562124.0,0.0,-2.2657,1.511,-0.12874,0.0,0.0,1.2449,0.0,0.0,128.0,564.0
1562164.0,0.0,-2.3823,-2.343,-0.12874,0.0,0.0,1.2449,0.0,0.0,128.0,558.0
1562204.0,0.0,-2.551,-3.698,-0.12874,0.0,0.0,1.2449,0.0,0.0,128.0,550.0
1562244.0,0.0,-2.8333,-6.474,-0.12874,0.0,0.0,1.2449,0.0,0.0,128.0,556.0
1562285.0,0.0,-3.0173,-4.907,-0.12874,0.0,0.0,1.2449,0.0,0.0,128.0,549.0
1562325.0,0.0,2.8931,-8.025,-0.12874,0.0,0.0,1.2449,0.0,0.0,128.0,556.0
1562365.0,0.0,2.617,-7.608,-0.12874,0.0,0.0,1.2449,0.0,0.0,128.0,557.0
1562405.0,0.0,2.4866,-3.845,-0.12874,0.0,0.0,1.2449,0.0,0.0,128.0,562.0
1562446.0,0.0,2.3516,-3.639,-0.12874,0.0,0.0,1.2449,0.0,0.0,128.0,557.0
1562486.0,0.0,2.4482,0.793,-0.12874,0.0,0.0,1.2449,0.0,0.0,128.0,571.0
1562526.0,0.0,2.5525,2.223,-0.12874,0.0,0.0,1.2449,0.0,0.0,128.0,556.0
1562567.0,0.0,2.7044,3.441,-0.12874,0.0,0.0,1.2449,0.0,0.0,128.0,549.0
1562607.0,0.0,2.7995,2.823,-0.12874,0.0,0.0,1.2449,0.0,0.0,128.0,558.0
1562647.0,0.0,-3.1232,7.521,-0.12874,0.0,0.0,1.2449,0.0,0.0,128.0,563.0
1562687.0,0.0,-2.8885,6.245,-0.12874,0.0,0.0,1.2449,0.0,0.0,128.0,557.0
1562727.0,0.0,-2.6553,5.961,-0.12874,0.0,0.0,1.2449,0.0,0.0,128.0,556.0
1562768.0,0.0,-2.327,7.745,-0.12874,0.0,0.0,1.2449,0.0,0.0,128.0,557.0
1562808.0,0.0,-2.0801,7.551,-0.12874,0.0,0.0,1.2449,0.0,0.0,128.0,557.0
1562848.0,0.0,-2.4298,-4.934,-0.12874,0.0,0.0,1.2449,0.0,0.0,128.0,551.0
1562888.0,0.0,-2.5403,-3.358,-0.12874,0.0,0.0,1.2449,0.0,0.0,128.0,565.0
1562929.0,0.0,-2.6691,-3.357,-0.12874,0.0,0.0,1.2449,0.0,0.0,128.0,564.0
1562969.0,0.0,-2.8455,-4.218,-0.12874,0.0,0.0,1.2449,0.0,0.0,128.0,563.0
1563009.0,0.0,-3.0894,-5.696,-0.12874,0.0,0.0,1.2449,0.0,0.0,128.0,556.0
1563049.0,0.0,2.9422,-5.768,-0.12874,0.0,0.0,1.2449,0.0,0.0,128.0,556.0
1563090.0,0.0,2.8026,-3.77,-0.12874,0.0,0.0,1.2449,0.0,0.0,128.0,557.0
1563130.0,0.0,2.5541,-5.574,-0.12874,0.0,0.0,1.2449,0.0,0.0,128.0,557.0
1563170.0,0.0,2.5357,-1.917,-0.12874,0.0,0.0,1.2449,0.0,0.0,128.0,557.0
1563211.0,0.0,2.5541,-0.045,-0.12874,0.0,0.0,1.2449,0.0,0.0,128.0,557.0
1563251.0,0.0,2.6584,2.087,-0.12874,0.0,0.0,1.2449,0.0,0.0,128.0,558.0
1563291.0,0.0,2.7995,3.224,-0.12874,0.0,0.0,1.2449,0.0,0.0,128.0,564.0
1563332.0,0.0,2.8992,2.737,-0.12874,0.0,0.0,1.2449,0.0,0.0,128.0,564.0
1563372.0,0.0,3.1385,5.342,-0.12874,0.0,0.0,1.2449,0.0,0.0,128.0,564.0
1563412.0,0.0,-2.8409,7.49,-0.12874,0.0,0.0,1.2449,0.0,0.0,128.0,550.0
1563452.0,0.0,-2.5771,6.805,-0.12874,0.0,0.0,1.2449,0.0,0.0,128.0,557.0
1563493.0,0.0,-2.5219,2.322,-0.12874,0.0,0.0,1.2449,0.0,0.0,128.0,557.0
1563533.0,0.0,-2.4559,1.409,-0.12874,0.0,0.0,1.2449,0.0,0.0,128.0,557.0
1563573.0,0.0,-2.528,-1.354,-0.12874,0.0,0.0,1.2449,0.0,0.0,128.0,556.0
1563613.0,0.0,-2.6707,-3.368,-0.12874,0.0,0.0,1.2449,0.0,0.0,128.0,556.0
1563654.0,0.0,-2.8103,-3.425,-0.12874,0.0,0.0,1.2449,0.0,0.0,128.0,555.0
1563694.0,0.0,-2.9146,-2.444,-0.12874,0.0,0.0,1.2449,0.0,0.0,128.0,571.0
1563734.0,0.0,3.0603,-6.58,-0.12874,0.0,0.0,1.2449,0.0,0.0,128.0,557.0
1563775.0,0.0,2.8762,-4.966,-0.12874,0.0,0.0,1.2449,0.0,0.0,128.0,557.0
1563815.0,0.0,2.8317,-1.94,-0.12874,0.0,0.0,1.2449,0.0,0.0,128.0,557.0
1563855.0,0.0,2.5924,-4.855,-0.12874,0.0,0.0,1.2449,0.0,0.0,128.0,556.0
1563895.0,0.0,2.5679,-1.829,-0.12874,0.0,0.0,1.2449,0.0,0.0,128.0,556.0
1563936.0,0.0,2.6799,2.04,-0.12874,0.0,0.0,1.2449,0.0,0.0,128.0,550.0
1563976.0,0.0,2.7949,2.837,-0.12874,0.0,0.0,1.2449,0.0,0.0,128.0,571.0
1564016.0,0.0,2.9207,3.127,-0.12874,0.0,0.0,1.2449,0.0,0.0,128.0,557.0
1564057.0,0.0,2.9468,1.182,-0.12874,0.0,0.0,1.2449,0.0,0.0,128.0,550.0
1564097.0,0.0,-3.0419,6.056,-0.12874,0.0,0.0,1.2449,0.0,0.0,128.0,556.0
1564137.0,0.0,-2.7428,7.315,-0.12874,0.0,0.0,1.2449,0.0,0.0,128.0,556.0
1564177.0,0.0,-2.801,0.444,-0.12874,0.0,0.0,1.2449,0.0,0.0,128.0,551.0
1564217.0,0.0,-2.4037,7.881,-0.12874,0.0,0.0,1.2449,0.0,0.0,128.0,571.0
1564257.0,0.0,-2.4712,0.878,-0.12874,0.0,0.0,1.2449,0.0,0.0,128.0,557.0
1564298.0,0.0,-2.709,-4.202,-0.12874,0.0,0.0,1.2449,0.0,0.0,128.0,556.0
1564338.0,0.0,-2.8087,-3.112,-0.12874,0.0,0.0,1.2449,0.0,0.0,128.0,555.0
1564378.0,0.0,-2.9514,-3.456,-0.12874,0.0,0.0,1.2449,0.0,0.0,128.0,557.0
1564418.0,0.0,-3.0265,-1.87,-0.12874,0.0,0.0,1.2449,0.0,0.0,128.0,556.0
1564458.0,0.0,2.979,-5.945,-0.12874,0.0,0.0,1.2449,0.0,0.0,128.0,557.0
1564499.0,0.0,2.8333,-3.597,-0.12874,0.0,0.0,1.2449,0.0,0.0,128.0,557.0
1564539.0,0.0,2.8241,-1.348,-0.12874,0.0,0.0,1.2449,0.0,0.0,128.0,558.0
1564579.0,0.0,2.6599,-3.371,-0.12874,0.0,0.0,1.2449,0.0,0.0,128.0,552.0
1564619.0,0.0,2.617,-1.993,-0.12874,0.0,0.0,1.2449,0.0,0.0,128.0,571.0
1564659.0,0.0,2.8072,3.294,-0.12874,0.0,0.0,1.2449,0.0,0.0,128.0,556.0
1564700.0,0.0,2.9253,2.872,-0.12874,0.0,0.0,1.2449,0.0,0.0,128.0,556.0
1564740.0,0.0,2.9867,1.872,-0.12874,0.0,0.0,1.2449,0.0,0.0,128.0,557.0
1564780.0,0.0,3.1124,2.593,-0.12874,0.0,0.0,1.2449,0.0,0.0,128.0,557.0
1564820.0,0.0,-2.9544,5.354,-0.12874,0.0,0.0,1.2449,0.0,0.0,128.0,557.0
1564860.0,0.0,-2.7734,4.871,-0.12874,0.0,0.0,1.2449,0.0,0.0,128.0,564.0
1564901.0,0.0,-2.6062,3.975,-0.12874,0.0,0.0,1.2449,0.0,0.0,128.0,564.0
1564941.0,0.0,-2.6292,0.685,-0.12874,0.0,0.0,1.2449,0.0,0.0,128.0,558.0
1564981.0,0.0,-2.6569,-0.88,-0.12874,0.0,0.0,1.2449,0.0,0.0,128.0,549.0
1565021.0,0.0,-2.8118,-3.334,-0.12874,0.0,0.0,1.2449,0.0,0.0,128.0,550.0
1565062.0,0.0,-2.9284,-2.884,-0.12874,0.0,0.0,1.2449,0.0,0.0,128.0,556.0
1565102.0,0.0,-3.0143,-2.295,-0.12874,0.0,0.0,1.2449,0.0,0.0,128.0,556.0
1565142.0,0.0,3.1247,-3.397,-0.12874,0.0,0.0,1.2449,0.0,0.0,128.0,563.0
1565182.0,0.0,2.9867,-3.643,-0.12874,0.0,0.0,1.2449,0.0,0.0,128.0,557.0
1565222.0,0.0,2.8563,-3.326,-0.12874,0.0,0.0,1.2449,0.0,0.0,128.0,551.0
1565263.0,0.0,2.7474,-2.975,-0.12874,0.0,0.0,1.2449,0.0,0.0,128.0,551.0
1565303.0,0.0,2.7075,-1.939,-0.12874,0.0,0.0,1.2449,0.0,0.0,128.0,557.0
1565343.0,0.0,2.8302,1.875,-0.12874,0.0,0.0,1.2449,0.0,0.0,128.0,556.0
1565383.0,0.0,2.9268,2.416,-0.12874,0.0,0.0,1.2449,0.0,0.0,128.0,556.0
1565424.0,0.0,3.0219,2.438,-0.12874,0.0,0.0,1.2449,0.0,0.0,128.0,557.0
1565464.0,0.0,3.0265,0.615,-0.12874,0.0,0.0,1.2449,0.0,0.0,128.0,557.0
1565504.0,0.0,-3.0296,4.503,-0.12874,0.0,0.0,1.2449,0.0,0.0,128.0,552.0
1565545.0,0.0,-2.8563,4.292,-0.12874,0.0,0.0,1.2449,0.0,0.0,128.0,556.0
1565585.0,0.0,-2.8409,1.25,-0.12874,0.0,0.0,1.2449,0.0,0.0,128.0,557.0
1565625.0,0.0,-2.6032,4.953,-0.12874,0.0,0.0,1.2449,0.0,0.0,128.0,556.0
1565666.0,0.0,-2.6875,-0.346,-0.12874,0.0,0.0,1.2449,0.0,0.0,128.0,550.0
1565706.0,0.0,-2.8624,-3.211,-0.12874,0.0,0.0,1.2449,0.0,0.0,128.0,571.0
1565746.0,0.0,-2.9575,-2.912,-0.12874,0.0,0.0,1.2449,0.0,0.0,128.0,556.0
1565787.0,0.0,-3.0373,-2.158,-0.12874,0.0,0.0,1.2449,0.0,0.0,128.0,557.0
1565827.0,0.0,-3.0818,-1.205,-0.12874,0.0,0.0,1.2449,0.0,0.0,128.0,557.0
1565867.0,0.0,3.0158,-3.819,-0.12874,0.0,0.0,1.2449,0.0,0.0,128.0,557.0
1565907.0,0.0,2.8977,-3.039,-0.12874,0.0,0.0,1.2449,0.0,0.0,128.0,550.0
1565948.0,0.0,2.9452,0.124,-0.12874,0.0,0.0,1.2449,0.0,0.0,128.0,549.0
1565988.0,0.0,2.7443,-3.45,-0.12874,0.0,0.0,1.2449,0.0,0.0,128.0,557.0
1566028.0,0.0,2.8593,1.695,-0.12874,0.0,0.0,1.2449,0.0,0.0,128.0,557.0
1566068.0,0.0,2.9498,2.558,-0.12874,0.0,0.0,1.2449,0.0,0.0,128.0,576.0
1566108.0,0.0,3.025,1.984,-0.12874,0.0,0.0,1.2449,0.0,0.0,128.0,557.0
1566149.0,0.0,3.0542,0.992,-0.12874,0.0,0.0,1.2449,0.0,0.0,128.0,551.0
1566189.0,0.0,-3.1247,2.2,-0.12874,0.0,0.0,1.2449,0.0,0.0,128.0,563.0
1566229.0,0.0,-2.9775,3.481,-0.12874,0.0,0.0,1.2449,0.0,0.0,128.0,571.0
1566269.0,0.0,-2.8655,2.978,-0.12874,0.0,0.0,1.2449,0.0,0.0,128.0,551.0
1566310.0,0.0,-2.7259,3.469,-0.12874,0.0,0.0,1.2449,0.0,0.0,128.0,556.0
1566350.0,0.0,-2.7673,0.051,-0.12874,0.0,0.0,1.2449,0.0,0.0,128.0,557.0
1566390.0,0.0,-2.8425,-1.443,-0.12874,0.0,0.0,1.2449,0.0,0.0,128.0,556.0
1566430.0,0.0,-2.9974,-3.293,-0.12874,0.0,0.0,1.2449,0.0,0.0,128.0,557.0
1566471.0,0.0,-3.0726,-2.264,-0.12874,0.0,0.0,1.2449,0.0,0.0,128.0,557.0
1566511.0,0.0,-3.0971,-0.907,-0.12874,0.0,0.0,1.2449,0.0,0.0,128.0,557.0
1566551.0,0.0,3.0726,-2.361,-0.12874,0.0,0.0,1.2449,0.0,0.0,128.0,558.0
1566592.0,0.0,2.9836,-2.445,-0.12874,0.0,0.0,1.2449,0.0,0.0,128.0,557.0
1566632.0,0.0,2.8962,-2.323,-0.12874,0.0,0.0,1.2449,0.0,0.0,128.0,556.0
1566672.0,0.0,2.8333,-1.51,-0.12874,0.0,0.0,1.2449,0.0,0.0,128.0,556.0
1566713.0,0.0,2.8655,-0.081,-0.12874,0.0,0.0,1.2449,0.0,0.0,128.0,557.0
1566753.0,0.0,2.9928,2.947,-0.12874,0.0,0.0,1.2449,0.0,0.0,128.0,557.0
1566793.0,0.0,3.1017,2.869,-0.12874,0.0,0.0,1.2449,0.0,0.0,128.0,556.0
1566833.0,0.0,3.1324,1.29,-0.12874,0.0,0.0,1.2449,0.0,0.0,128.0,563.0
1566874.0,0.0,3.1217,-0.469,-0.12874,0.0,0.0,1.2449,0.0,0.0,128.0,557.0
1566914.0,0.0,-2.9637,3.946,-0.12874,0.0,0.0,1.2449,0.0,0.0,128.0,557.0
1566954.0,0.0,-2.8946,1.988,-0.12874,0.0,0.0,1.2449,0.0,0.0,128.0,556.0
1566995.0,0.0,-2.9759,-0.799,-0.12874,0.0,0.0,1.2449,0.0,0.0,128.0,557.0
1567035.0,0.0,-2.778,3.531,-0.12874,0.0,0.0,1.2449,0.0,0.0,128.0,556.0
1567075.0,0.0,-2.821,0.677,-0.12874,0.0,0.0,1.2449,0.0,0.0,128.0,571.0
1567115.0,0.0,-3.0342,-4.134,-0.12874,0.0,0.0,1.2449,0.0,0.0,128.0,557.0
1567156.0,0.0,-3.1078,-2.392,-0.12874,0.0,0.0,1.2449,0.0,0.0,128.0,557.0
1567196.0,0.0,-3.1094,-0.49,-0.12874,0.0,0.0,1.2449,0.0,0.0,128.0,557.0
1567236.0,0.0,3.1017,-1.433,-0.12874,0.0,0.0,1.2449,0.0,0.0,128.0,557.0
1567276.0,0.0,3.025,-1.974,-0.12874,0.0,0.0,1.2449,0.0,0.0,128.0,557.0
1567316.0,0.0,3.002,-0.661,-0.12874,0.0,0.0,1.2449,0.0,0.0,128.0,564.0
1567357.0,0.0,2.936,-1.475,-0.12874,0.0,0.0,1.2449,0.0,0.0,128.0,551.0
1567397.0,0.0,2.8655,-1.832,-0.12874,0.0,0.0,1.2449,0.0,0.0,128.0,557.0
1567437.0,0.0,2.9606,1.217,-0.12874,0.0,0.0,1.2449,0.0,0.0,128.0,564.0
1567477.0,0.0,3.1232,3.579,-0.12874,0.0,0.0,1.2449,0.0,0.0,128.0,557.0
1567517.0,0.0,-3.0956,1.994,-0.12874,0.0,0.0,1.2449,0.0,0.0,128.0,550.0
1567557.0,0.0,3.1002,-1.39,-0.12874,0.0,0.0,1.2449,0.0,0.0,128.0,556.0
1567597.0,0.0,-3.0035,2.848,-0.12874,0.0,0.0,1.2449,0.0,0.0,128.0,556.0
1567638.0,0.0,-2.9851,1.123,-0.12874,0.0,0.0,1.2449,0.0,0.0,128.0,549.0
1567678.0,0.0,-2.8793,2.308,-0.12874,0.0,0.0,1.2449,0.0,0.0,128.0,556.0
1567718.0,0.0,-2.9299,-0.977,-0.12874,0.0,0.0,1.2449,0.0,0.0,128.0,557.0
1567758.0,0.0,-2.8992,0.627,-0.12874,0.0,0.0,1.2449,0.0,0.0,128.0,564.0
1567799.0,0.0,-3.0557,-3.078,-0.12874,0.0,0.0,1.2449,0.0,0.0,128.0,564.0
1567839.0,0.0,3.1339,-2.778,-0.12874,0.0,0.0,1.2449,0.0,0.0,128.0,550.0
1567879.0,0.0,3.1385,-0.51,-0.12874,0.0,0.0,1.2449,0.0,0.0,128.0,556.0
1567919.0,0.0,3.1309,0.02,-0.12874,0.0,0.0,1.2449,0.0,0.0,128.0,555.0
1567960.0,0.0,3.048,-1.762,-0.12874,0.0,0.0,1.2449,0.0,0.0,128.0,557.0
1568000.0,0.0,3.0526,-0.279,-0.12874,0.0,0.0,1.2449,0.0,0.0,128.0,557.0
1568040.0,0.0,3.0051,-1.021,-0.12874,0.0,0.0,1.2449,0.0,0.0,128.0,556.0
1568080.0,0.0,2.9775,-0.946,-0.12874,0.0,0.0,1.2449,0.0,0.0,128.0,557.0
1568121.0,0.0,3.0327,0.766,-0.12874,0.0,0.0,1.2449,0.0,0.0,128.0,557.0
1568161.0,0.0,-3.137,2.484,-0.12874,0.0,0.0,1.2449,0.0,0.0,128.0,557.0
1568201.0,0.0,3.1293,0.289,-0.12874,0.0,0.0,1.2449,0.0,0.0,128.0,550.0
1568241.0,0.0,-3.114,0.653,-0.12874,0.0,0.0,1.2449,0.0,0.0,128.0,563.0
1568282.0,0.0,-3.0588,1.52,-0.12874,0.0,0.0,1.2449,0.0,0.0,128.0,556.0
1568322.0,0.0,-3.0081,1.241,-0.12874,0.0,0.0,1.2449,0.0,0.0,128.0,557.0
1568362.0,0.0,-2.9989,0.505,-0.12874,0.0,0.0,1.2449,0.0,0.0,128.0,557.0
1568402.0,0.0,-2.9621,0.811,-0.12874,0.0,0.0,1.2449,0.0,0.0,128.0,564.0
1568443.0,0.0,-2.9606,0.248,-0.12874,0.0,0.0,1.2449,0.0,0.0,128.0,558.0
1568483.0,0.0,-3.0557,-1.588,-0.12874,0.0,0.0,1.2449,0.0,0.0,128.0,556.0
1568523.0,0.0,3.1293,-2.395,-0.12874,0.0,0.0,1.2449,0.0,0.0,128.0,557.0
1568564.0,0.0,-3.1324,0.048,-0.12874,0.0,0.0,1.2449,0.0,0.0,128.0,557.0
1568604.0,0.0,3.1048,-0.853,-0.12874,0.0,0.0,1.2449,0.0,0.0,128.0,557.0
1568644.0,0.0,3.0833,-0.759,-0.12874,0.0,0.0,1.2449,0.0,0.0,128.0,550.0
1568684.0,0.0,3.0557,-0.718,-0.12874,0.0,0.0,1.2449,0.0,0.0,128.0,557.0
1568725.0,0.0,3.0388,-0.47,-0.12874,0.0,0.0,1.2449,0.0,0.0,128.0,557.0
1568765.0,0.0,3.0173,-0.543,-0.12874,0.0,0.0,1.2449,0.0,0.0,128.0,557.0
1568805.0,0.0,3.0403,0.271,-0.12874,0.0,0.0,1.2449,0.0,0.0,128.0,557.0
1568846.0,0.0,-3.1293,2.325,-0.12874,0.0,0.0,1.2449,0.0,0.0,128.0,564.0
1568886.0,0.0,-3.0741,1.657,-0.12874,0.0,0.0,1.2449,0.0,0.0,128.0,556.0
1568926.0,0.0,-3.0848,0.002,-0.12874,0.0,0.0,1.2449,0.0,0.0,128.0,551.0
1568967.0,0.0,-3.0664,0.708,-0.12874,0.0,0.0,1.2449,0.0,0.0,128.0,557.0
1569007.0,0.0,-3.0388,0.634,-0.12874,0.0,0.0,1.2449,0.0,0.0,128.0,557.0
1569047.0,0.0,-3.0526,-0.059,-0.12874,0.0,0.0,1.2449,0.0,0.0,128.0,557.0
1569087.0,0.0,-3.0496,0.0,-0.12874,0.0,0.0,1.2449,0.0,0.0,128.0,556.0
1569128.0,0.0,-3.0833,-0.708,-0.12874,0.0,0.0,1.2449,0.0,0.0,128.0,556.0
1569168.0,0.0,3.1355,-1.434,-0.12874,0.0,0.0,1.2449,0.0,0.0,128.0,557.0
1569208.0,0.0,3.0848,-1.306,-0.12874,0.0,0.0,1.2449,0.0,0.0,128.0,557.0
1569249.0,0.0,3.1232,0.501,-0.12874,0.0,0.0,1.2449,0.0,0.0,128.0,557.0
1569289.0,0.0,3.1155,-0.004,-0.12874,0.0,0.0,1.2449,0.0,0.0,128.0,557.0
1569329.0,0.0,3.1017,-0.343,-0.12874,0.0,0.0,1.2449,0.0,0.0,128.0,551.0
1569370.0,0.0,3.1124,0.124,-0.12874,0.0,0.0,1.2449,0.0,0.0,128.0,557.0
1569410.0,0.0,-3.1355,0.762,-0.12874,0.0,0.0,1.2449,0.0,0.0,128.0,557.0
1569450.0,0.0,-3.091,1.018,-0.12874,0.0,0.0,1.2449,0.0,0.0,128.0,549.0
1569490.0,0.0,-3.0818,0.432,-0.12874,0.0,0.0,1.2449,0.0,0.0,128.0,556.0
1569531.0,0.0,-3.094,-0.148,-0.12874,0.0,0.0,1.2449,0.0,0.0,128.0,557.0
1569571.0,0.0,-3.1263,-0.677,-0.12874,0.0,0.0,1.2449,0.0,0.0,128.0,556.0
1569611.0,0.0,3.1232,-0.817,-0.12874,0.0,0.0,1.2449,0.0,0.0,128.0,571.0
1569651.0,0.0,3.1094,-0.467,-0.12874,0.0,0.0,1.2449,0.0,0.0,128.0,556.0
1569692.0,0.0,3.1186,0.081,-0.12874,0.0,0.0,1.2449,0.0,0.0,128.0,557.0
1569732.0,0.0,-3.137,0.564,-0.12874,0.0,0.0,1.2449,0.0,0.0,128.0,551.0
1569772.0,0.0,-3.1109,0.676,-0.12874,0.0,0.0,1.2449,0.0,0.0,128.0,557.0
1569812.0,0.0,-3.0986,0.394,-0.12874,0.0,0.0,1.2449,0.0,0.0,128.0,564.0
1569853.0,0.0,-3.1078,-0.096,-0.12874,0.0,0.0,1.2449,0.0,0.0,128.0,557.0
1569893.0,0.0,-3.1309,-0.501,-0.12874,0.0,0.0,1.2449,0.0,0.0,128.0,556.0
1569933.0,0.0,3.1293,-0.565,-0.12874,0.0,0.0,1.2449,0.0,0.0,128.0,556.0
1569974.0,0.0,3.1201,-0.303,-0.12874,0.0,0.0,1.2449,0.0,0.0,128.0,557.0
1570014.0,0.0,3.1293,0.116,-0.12874,0.0,0.0,1.2449,0.0,0.0,128.0,557.0
1570054.0,0.0,-3.1339,0.424,-0.12874,0.0,0.0,1.2449,0.0,0.0,128.0,557.0
1570094.0,0.0,-3.117,0.435,-0.12874,0.0,0.0,1.2449,0.0,0.0,128.0,556.0
1570134.0,0.0,-3.1124,0.182,-0.12874,0.0,0.0,1.2449,0.0,0.0,128.0,557.0
1570175.0,0.0,-3.1232,-0.165,-0.12874,0.0,0.0,1.2449,0.0,0.0,128.0,557.0
1570215.0,0.0,-3.1385,-0.363,-0.12874,0.0,0.0,1.2449,0.0,0.0,128.0,550.0
1570255.0,0.0,3.1324,-0.32,-0.12874,0.0,0.0,1.2449,0.0,0.0,128.0,557.0
1570296.0,0.0,3.1309,-0.084,-0.12874,0.0,0.0,1.2449,0.0,0.0,128.0,556.0
1570336.0,0.0,-3.1416,0.183,-0.12874,0.0,0.0,1.2449,0.0,0.0,128.0,563.0
1570376.0,0.0,-3.1293,0.285,-0.12874,0.0,0.0,1.2449,0.0,0.0,128.0,550.0
1570416.0,0.0,-3.1232,0.194,-0.12874,0.0,0.0,1.2449,0.0,0.0,128.0,557.0
1570457.0,0.0,-3.1247,-0.009,-0.12874,0.0,0.0,1.2449,0.0,0.0,128.0,549.0
1570497.0,0.0,-3.1355,-0.196,-0.12874,0.0,0.0,1.2449,0.0,0.0,128.0,556.0
1570537.0,0.0,3.1401,-0.217,-0.12874,0.0,0.0,1.2449,0.0,0.0,128.0,551.0
1570577.0,0.0,3.137,-0.096,-0.12874,0.0,0.0,1.2449,0.0,0.0,128.0,571.0
1570617.0,0.0,-3.1401,0.085,-0.12874,0.0,0.0,1.2449,0.0,0.0,128.0,556.0
1570658.0,0.0,-3.1339,0.169,-0.12874,0.0,0.0,1.2449,0.0,0.0,128.0,557.0
1570698.0,0.0,-3.1278,0.145,-0.12874,0.0,0.0,1.2449,0.0,0.0,128.0,551.0
1570738.0,0.0,-3.1293,0.003,-0.12874,0.0,0.0,1.2449,0.0,0.0,128.0,557.0
1570778.0,0.0,-3.1355,-0.128,-0.12874,0.0,0.0,1.2449,0.0,0.0,128.0,557.0
1570818.0,0.0,-3.1401,-0.124,-0.12874,0.0,0.0,1.2449,0.0,0.0,128.0,564.0
1570859.0,0.0,-3.1416,-0.052,-0.12874,0.0,0.0,1.2449,0.0,0.0,128.0,570.0
1570899.0,0.0,-3.1385,0.06,-0.12874,0.0,0.0,1.2449,0.0,0.0,128.0,543.0
1570939.0,0.0,-3.1339,0.106,-0.12874,0.0,0.0,1.2449,0.0,0.0,128.0,549.0
1570979.0,0.0,-3.1309,0.082,-0.12874,0.0,0.0,1.2449,0.0,0.0,128.0,557.0
1571020.0,0.0,-3.1324,-0.018,-0.12874,0.0,0.0,1.2449,0.0,0.0,128.0,542.0
1571060.0,0.0,-3.137,-0.089,-0.12874,0.0,0.0,1.2449,0.0,0.0,128.0,551.0
1571100.0,0.0,-3.1385,-0.066,-0.12874,0.0,0.0,1.2449,0.0,0.0,128.0,557.0
1571140.0,0.0,-3.1385,0.006,-0.12874,0.0,0.0,1.2449,0.0,0.0,128.0,557.0
1571180.0,0.0,-3.1355,0.049,-0.12874,0.0,0.0,1.2449,0.0,0.0,128.0,557.0
1571220.0,0.0,-3.1339,0.063,-0.12874,0.0,0.0,1.2449,0.0,0.0,128.0,556.0
1571260.0,0.0,-3.1339,0.023,-0.12874,0.0,0.0,1.2449,0.0,0.0,128.0,556.0
1571301.0,0.0,-3.1355,-0.032,-0.12874,0.0,0.0,1.2449,0.0,0.0,128.0,549.0
1571341.0,0.0,-3.1385,-0.05,-0.12874,0.0,0.0,1.2449,0.0,0.0,128.0,551.0
1571381.0,0.0,-3.1385,-0.027,-0.12874,0.0,0.0,1.2449,0.0,0.0,128.0,550.0
1571421.0,0.0,-3.137,0.025,-0.12874,0.0,0.0,1.2449,0.0,0.0,128.0,549.0
1571461.0,0.0,-3.1355,0.04,-0.12874,0.0,0.0,1.2449,0.0,0.0,128.0,556.0
1571502.0,0.0,-3.1355,0.026,-0.12874,0.0,0.0,1.2449,0.0,0.0,128.0,557.0
1571542.0,0.0,-3.1355,-0.027,-0.12874,0.0,0.0,1.2449,0.0,0.0,128.0,550.0
1571582.0,0.0,-3.137,-0.039,-0.12874,0.0,0.0,1.2449,0.0,0.0,128.0,549.0
1571623.0,0.0,-3.137,-0.008,-0.12874,0.0,0.0,1.2449,0.0,0.0,128.0,549.0
1571663.0,0.0,-3.137,0.001,-0.12874,0.0,0.0,1.2449,0.0,0.0,128.0,549.0
1571703.0,0.0,-3.1355,0.034,-0.12874,0.0,0.0,1.2449,0.0,0.0,128.0,550.0
1571743.0,0.0,-3.1355,0.012,-0.12874,0.0,0.0,1.2449,0.0,0.0,128.0,549.0
1571783.0,0.0,-3.1355,-0.0,-0.12874,0.0,0.0,1.2449,0.0,0.0,128.0,550.0
1571824.0,0.0,-3.137,-0.033,-0.12874,0.0,0.0,1.2449,0.0,0.0,128.0,550.0
1571864.0,0.0,-3.137,-0.009,-0.12874,0.0,0.0,1.2449,0.0,0.0,128.0,557.0
1571904.0,0.0,-3.137,-0.001,-0.12874,0.0,0.0,1.2449,0.0,0.0,128.0,550.0
1571944.0,0.0,-3.137,0.021,-0.12874,0.0,0.0,1.2449,0.0,0.0,128.0,556.0
1571984.0,0.0,-3.1355,0.007,-0.12874,0.0,0.0,1.2449,0.0,0.0,128.0,549.0
1572024.0,0.0,-3.1355,-0.006,-0.12874,0.0,0.0,1.2449,0.0,0.0,128.0,556.0
1572065.0,0.0,-3.137,-0.027,-0.12874,0.0,0.0,1.2449,0.0,0.0,128.0,549.0
1572105.0,0.0,-3.137,-0.008,-0.12874,0.0,0.0,1.2449,0.0,0.0,128.0,556.0
1572145.0,0.0,-3.137,0.009,-0.12874,0.0,0.0,1.2449,0.0,0.0,128.0,558.0
1572186.0,0.0,-3.1355,0.019,-0.12874,0.0,0.0,1.2449,0.0,0.0,128.0,557.0
1572226.0,0.0,-3.1355,0.004,-0.12874,0.0,0.0,1.2449,0.0,0.0,128.0,550.0
1572266.0,0.0,-3.137,-0.023,-0.12874,0.0,0.0,1.2449,0.0,0.0,128.0,556.0
1572306.0,0.0,-3.137,-0.013,-0.12874,0.0,0.0,1.2449,0.0,0.0,128.0,550.0
1572347.0,0.0,-3.137,-0.004,-0.12874,0.0,0.0,1.2449,0.0,0.0,128.0,549.0
1572387.0,0.0,-3.1355,0.011,-0.12874,0.0,0.0,1.2449,0.0,0.0,128.0,557.0
1572427.0,0.0,-3.1355,0.018,-0.12874,0.0,0.0,1.2449,0.0,0.0,128.0,551.0
1572467.0,0.0,-3.1355,0.004,-0.12874,0.0,0.0,1.2449,0.0,0.0,128.0,551.0
1572507.0,0.0,-3.137,-0.009,-0.12874,0.0,0.0,1.2449,0.0,0.0,128.0,564.0
1572547.0,0.0,-3.137,-0.015,-0.12874,0.0,0.0,1.2449,0.0,0.0,128.0,551.0
1572588.0,0.0,-3.137,-0.005,-0.12874,0.0,0.0,1.2449,0.0,0.0,128.0,558.0
1572628.0,0.0,-3.1355,0.013,-0.12874,0.0,0.0,1.2449,0.0,0.0,128.0,550.0
1572668.0,0.0,-3.1355,0.013,-0.12874,0.0,0.0,1.2449,0.0,0.0,128.0,549.0
1572708.0,0.0,-3.1355,-0.001,-0.12874,0.0,0.0,1.2449,0.0,0.0,128.0,549.0
1572748.0,0.0,-3.137,-0.01,-0.12874,0.0,0.0,1.2449,0.0,0.0,128.0,557.0
1572789.0,0.0,-3.137,-0.001,-0.12874,0.0,0.0,1.2449,0.0,0.0,128.0,557.0
1572829.0,0.0,-3.137,0.008,-0.12874,0.0,0.0,1.2449,0.0,0.0,128.0,571.0
1572869.0,0.0,-3.137,0.003,-0.12874,0.0,0.0,1.2449,0.0,0.0,128.0,551.0
1572910.0,0.0,-3.1355,-0.001,-0.12874,0.0,0.0,1.2449,0.0,0.0,128.0,557.0
1572950.0,0.0,-3.1355,-0.003,-0.12874,0.0,0.0,1.2449,0.0,0.0,128.0,558.0
1572990.0,0.0,-3.137,-0.003,-0.12874,0.0,0.0,1.2449,0.0,0.0,128.0,550.0
1573030.0,0.0,-3.137,-0.004,-0.12874,0.0,0.0,1.2449,0.0,0.0,128.0,564.0
1573071.0,0.0,-3.1355,0.003,-0.12874,0.0,0.0,1.2449,0.0,0.0,128.0,558.0
1573111.0,0.0,-3.137,0.002,-0.12874,0.0,0.0,1.2449,0.0,0.0,128.0,564.0
1573151.0,0.0,-3.1355,-0.008,-0.12874,0.0,0.0,1.2449,0.0,0.0,128.0,558.0
1573191.0,0.0,-3.1355,0.009,-0.12874,0.0,0.0,1.2449,0.0,0.0,128.0,556.0
1573231.0,0.0,-3.137,-0.004,-0.12874,0.0,0.0,1.2449,0.0,0.0,128.0,551.0
1573272.0,0.0,-3.1355,0.008,-0.12874,0.0,0.0,1.2449,0.0,0.0,128.0,549.0
1573312.0,0.0,-3.137,-0.001,-0.12874,0.0,0.0,1.2449,0.0,0.0,128.0,557.0
1573352.0,0.0,-3.1355,0.003,-0.12874,0.0,0.0,1.2449,0.0,0.0,128.0,551.0
1573393.0,0.0,-3.137,0.004,-0.12874,0.0,0.0,1.2449,0.0,0.0,128.0,551.0
1573433.0,0.0,-3.1355,0.001,-0.12874,0.0,0.0,1.2449,0.0,0.0,128.0,557.0
1573473.0,0.0,-3.1355,0.007,-0.12874,0.0,0.0,1.2449,0.0,0.0,128.0,557.0
1573513.0,0.0,-3.1355,0.005,-0.12874,0.0,0.0,1.2449,0.0,0.0,128.0,551.0
1573554.0,0.0,-3.1355,0.004,-0.12874,0.0,0.0,1.2449,0.0,0.0,128.0,557.0
1573594.0,0.0,-3.137,0.005,-0.12874,0.0,0.0,1.2449,0.0,0.0,128.0,557.0
1573634.0,0.0,-3.1355,0.006,-0.12874,0.0,0.0,1.2449,0.0,0.0,128.0,557.0
1573674.0,0.0,-3.137,-0.022,-0.12874,0.0,0.0,1.2449,0.0,0.0,128.0,544.0
1573714.0,0.0,-3.137,-0.009,-0.12874,0.0,0.0,1.2449,0.0,0.0,128.0,557.0
1573755.0,0.0,-3.1355,0.011,-0.12874,0.0,0.0,1.2449,0.0,0.0,128.0,557.0
1573795.0,0.0,-3.1355,0.008,-0.12874,0.0,0.0,1.2449,0.0,0.0,128.0,557.0
1573835.0,0.0,-3.1355,-0.006,-0.12874,0.0,0.0,1.2449,0.0,0.0,128.0,571.0
1573875.0,0.0,-3.137,-0.005,-0.12874,0.0,0.0,1.2449,0.0,0.0,128.0,551.0
1573916.0,0.0,-3.137,-0.0,-0.12874,0.0,0.0,1.2449,0.0,0.0,128.0,556.0
1573956.0,0.0,-3.137,-0.002,-0.12874,0.0,0.0,1.2449,0.0,0.0,128.0,571.0
1573996.0,0.0,-3.137,-0.011,-0.12874,0.0,0.0,1.2449,0.0,0.0,128.0,557.0
1574037.0,0.0,-3.1355,0.012,-0.12874,0.0,0.0,1.2449,0.0,0.0,128.0,557.0
1574077.0,0.0,-3.1355,-0.002,-0.12874,0.0,0.0,1.2449,0.0,0.0,128.0,557.0
1574117.0,0.0,-3.1355,0.002,-0.12874,0.0,0.0,1.2449,0.0,0.0,128.0,576.0
1574157.0,2.0,-3.0818,0.27,-0.12866,0.018,2.25,-0.9994,0.0,0.0,128.0,741.0
1574197.0,2.0,-2.887,4.579,-0.12469,0.231,8.25,-0.8278,0.0,0.0,128.0,743.0
1574237.0,2.0,-2.7167,4.147,-0.10838,0.6025,7.697,-0.8091,0.0,0.0,128.0,751.0
1574277.0,2.0,-2.5955,3.999,-0.08032,0.7889,1.786,-0.7403,0.0,0.0,128.0,747.0
1574318.0,2.0,-2.4636,3.236,-0.04811,0.7998,0.0,-0.71,0.0,0.0,128.0,725.0
1574358.0,2.0,-2.4406,1.395,-0.01665,0.7998,0.0,-0.7602,0.0,0.0,128.0,751.0
1574399.0,2.0,-2.4559,0.212,0.01564,0.7998,0.0,-0.7682,0.0,0.0,128.0,727.0
1574439.0,2.0,-2.5449,-2.088,0.0471,0.7818,-2.25,-0.7889,0.0,0.0,128.0,761.0
1574480.0,2.0,-2.6829,-3.324,0.07515,0.5604,-8.4,-0.8121,0.0,0.0,128.0,778.0
1574521.0,2.0,-3.1155,-9.197,0.09,0.1582,-10.0,-0.4645,0.0,0.0,128.0,733.0
1574562.0,2.0,2.6891,-11.288,0.08839,-0.2518,-10.0,-0.1089,0.0,0.0,128.0,744.0
1574602.0,2.0,2.2519,-11.332,0.07099,-0.6247,-7.249,0.2045,0.0,0.0,128.0,724.0
1574643.0,2.0,1.7917,-10.864,0.04159,-0.7946,-1.198,0.5324,0.0,0.0,128.0,725.0
1574683.0,2.0,1.488,-8.59,0.01028,-0.7742,2.7,0.585,0.0,0.0,128.0,758.0
1574724.0,2.0,1.2977,-5.155,-0.0174,-0.5662,6.806,0.4664,0.0,0.0,128.0,743.0
1574764.0,2.0,0.9695,-7.658,-0.03476,-0.3356,3.769,0.9613,0.0,0.0,128.0,757.0
1574805.0,2.0,1.0554,0.08,-0.04399,-0.0906,6.475,0.5188,0.0,0.0,128.0,759.0
1574846.0,2.0,1.0186,-0.331,-0.04418,0.0565,2.725,0.5098,0.0,0.0,128.0,737.0
1574886.0,2.0,0.9679,-1.122,-0.03851,0.2548,5.735,0.605,0.0,0.0,128.0,721.0
1574927.0,2.0,1.2303,4.92,-0.02505,0.3744,-0.075,0.4967,0.0,0.0,128.0,751.0
1574967.0,2.0,1.5125,6.659,-0.01189,0.2564,-4.674,0.3482,0.0,0.0,128.0,759.0
1575008.0,2.0,1.8469,7.372,-0.00371,0.1884,1.34,0.0883,0.0,0.0,128.0,729.0
1575049.0,2.0,2.4298,12.991,0.00649,0.3426,4.328,0.3095,0.0,0.0,128.0,736.0
1575090.0,2.0,3.0296,14.341,0.02344,0.5054,3.433,0.3064,0.0,0.0,128.0,714.0
1575130.0,2.0,-2.2718,23.22,0.04444,0.5198,-2.567,2.7492,0.0,0.0,128.0,750.0
1575170.0,2.0,-1.5969,19.005,0.06139,0.2941,-8.567,2.2118,0.0,0.0,128.0,763.0
1575211.0,2.0,-1.2809,10.196,0.06758,0.0385,-5.224,0.9824,0.0,0.0,128.0,730.0
1575252.0,2.0,-1.0216,7.212,0.06465,-0.1818,-5.631,0.8985,0.0,0.0,128.0,724.0
1575292.0,2.0,-1.1213,-0.046,0.05231,-0.4613,-6.682,0.4919,0.0,0.0,128.0,749.0
1575333.0,2.0,-0.8897,3.832,0.02981,-0.6391,-3.832,0.6865,0.0,0.0,128.0,739.0
1575374.0,2.0,-0.7854,3.324,0.00244,-0.6944,-0.411,0.7994,0.0,0.0,128.0,753.0
1575415.0,2.0,-0.8483,-0.638,-0.02561,-0.6778,2.313,0.6806,0.0,0.0,128.0,753.0
1575456.0,2.0,-1.0769,-4.73,-0.04939,-0.4555,7.919,0.6199,0.0,0.0,128.0,747.0
1575497.0,2.0,-1.1919,-4.355,-0.06083,-0.0913,9.21,0.4821,0.0,0.0,128.0,737.0
1575537.0,2.0,-1.7533,-12.782,-0.0573,0.265,7.015,0.9252,0.0,0.0,128.0,737.0
1575578.0,2.0,-2.2181,-14.12,-0.04264,0.4234,0.865,0.6752,0.0,0.0,128.0,738.0
1575619.0,2.0,3.0695,-21.661,-0.02385,0.552,6.115,1.9715,0.0,0.0,128.0,725.0
1575659.0,2.0,2.7397,-11.745,0.00206,0.7306,1.615,-0.0044,0.0,0.0,128.0,711.0
1575699.0,2.0,2.1169,-13.513,0.03056,0.6722,-4.385,0.6552,0.0,0.0,128.0,745.0
1575739.0,2.0,1.8699,-7.714,0.05216,0.3745,-10.0,0.0808,0.0,0.0,128.0,754.0
1575780.0,2.0,1.6183,-6.557,0.05944,-0.003,-6.952,0.2699,0.0,0.0,128.0,748.0
1575821.0,2.0,1.514,-3.133,0.05539,-0.1589,-0.802,0.1312,0.0,0.0,128.0,723.0
1575861.0,2.0,1.5033,-0.771,0.04935,-0.1628,-1.68,0.0735,0.0,0.0,128.0,735.0
1575902.0,2.0,1.6874,3.269,0.04061,-0.2679,-0.877,-0.0258,0.0,0.0,128.0,744.0
1575943.0,2.0,1.9666,6.353,0.03079,-0.1747,5.273,-0.1226,0.0,0.0,128.0,760.0
1575984.0,2.0,2.235,6.0,0.02921,0.1243,8.502,-0.3838,0.0,0.0,128.0,729.0
1576025.0,2.0,3.0281,16.152,0.03979,0.3653,2.914,0.6564,0.0,0.0,128.0,724.0
1576065.0,2.0,-2.5679,17.481,0.05494,0.3814,-1.286,1.0951,0.0,0.0,128.0,739.0
1576106.0,2.0,-1.8009,20.146,0.06945,0.3426,-2.036,2.2552,0.0,0.0,128.0,740.0
1576147.0,2.0,-1.5585,8.758,0.08145,0.2569,-2.786,0.5543,0.0,0.0,128.0,739.0
1576188.0,2.0,-1.1934,8.051,0.08809,0.039,-7.342,0.844,0.0,0.0,128.0,744.0
1576229.0,2.0,-1.172,1.381,0.0825,-0.3428,-10.0,0.4382,0.0,0.0,128.0,714.0
1576270.0,2.0,-1.0922,1.533,0.06199,-0.6501,-6.4,0.4292,0.0,0.0,128.0,725.0
1576310.0,2.0,-0.9741,3.172,0.03281,-0.7967,-0.76,0.6412,0.0,0.0,128.0,725.0
1576350.0,2.0,-1.037,-0.599,0.00135,-0.7931,1.35,0.5236,0.0,0.0,128.0,755.0
1576390.0,2.0,-1.1459,-2.207,-0.02734,-0.6161,7.35,0.4423,0.0,0.0,128.0,751.0
1576431.0,2.0,-1.2548,-2.695,-0.04549,-0.2611,9.757,0.3016,0.0,0.0,128.0,730.0
1576472.0,2.0,-2.0387,-15.522,-0.04841,0.101,6.378,1.08,0.0,0.0,128.0,744.0
1576512.0,2.0,-2.5464,-13.847,-0.04114,0.2331,0.378,0.3973,0.0,0.0,128.0,732.0
1576553.0,2.0,3.0818,-16.824,-0.03225,0.2233,1.238,0.7987,0.0,0.0,128.0,741.0
1576593.0,2.0,2.4728,-13.266,-0.02295,0.2492,-0.516,0.3277,0.0,0.0,128.0,745.0
1576634.0,2.0,2.0095,-12.066,-0.0144,0.151,-2.96,0.5245,0.0,0.0,128.0,736.0
1576675.0,2.0,1.7503,-7.883,-0.01174,-0.0285,-4.992,0.2528,0.0,0.0,128.0,739.0
1576716.0,2.0,1.5048,-5.479,-0.0159,-0.1417,0.149,0.2512,0.0,0.0,128.0,738.0
1576757.0,2.0,1.4818,-1.834,-0.0198,-0.0064,6.299,0.1372,0.0,0.0,128.0,732.0
1576798.0,2.0,1.4404,-1.235,-0.01549,0.2324,5.953,0.1652,0.0,0.0,128.0,721.0
1576838.0,2.0,1.6153,3.353,-0.00334,0.3528,1.587,0.0347,0.0,0.0,128.0,751.0
1576879.0,2.0,1.7917,3.925,0.01384,0.544,6.803,-0.1234,0.0,0.0,128.0,733.0
1576920.0,2.0,2.2918,10.39,0.04061,0.7572,2.987,0.032,0.0,0.0,128.0,756.0
1576961.0,2.0,2.7535,10.226,0.07253,0.7999,0.0,-0.2525,0.0,0.0,128.0,716.0
1577002.0,5.0,-3.0526,11.871,0.10286,0.6944,-5.55,-0.1608,0.0,0.0,128.0,688.0
1577042.0,5.0,-2.4467,11.055,0.12476,0.3426,-10.133,-0.1608,0.0,0.0,128.0,681.0
1577082.0,5.0,-2.0586,8.204,0.13207,0.0603,-4.133,-0.1608,0.0,0.0,128.0,666.0
1577122.0,6.0,-1.8899,4.059,0.13271,-0.0068,-1.367,-0.1608,0.0,0.0,128.0,717.0
1577163.0,6.0,-1.8484,2.096,0.13121,-0.0683,-1.5,-0.1608,0.0,0.0,128.0,716.0
1577203.0,2.0,-1.9359,-1.47,0.12701,-0.177,-5.25,-0.3474,0.0,0.0,128.0,744.0
1577243.0,2.0,-2.301,-6.728,0.11449,-0.5027,-9.4,-0.3565,0.0,0.0,128.0,734.0
1577284.0,2.0,-2.7259,-10.464,0.08824,-0.7618,-3.347,-0.248,0.0,0.0,128.0,738.0
1577324.0,2.0,2.9851,-11.972,0.05704,-0.7998,0.0,-0.0783,0.0,0.0,128.0,730.0
1577364.0,2.0,2.4375,-14.766,0.0255,-0.7998,0.0,0.6614,0.0,0.0,128.0,729.0
1577405.0,2.0,2.1629,-8.356,-0.00683,-0.7998,0.0,-0.1268,0.0,0.0,128.0,723.0
1577446.0,2.0,1.8469,-8.423,-0.03908,-0.7998,0.0,0.2239,0.0,0.0,128.0,727.0
1577486.0,2.0,1.7733,-2.907,-0.07054,-0.7998,0.0,-0.1211,0.0,0.0,128.0,734.0
1577527.0,5.0,1.8009,-0.067,-0.10095,-0.7053,5.25,-0.1396,0.0,0.0,128.0,655.0
1577567.0,5.0,1.9098,2.246,-0.1236,-0.363,10.432,-0.1396,0.0,0.0,128.0,688.0
1577607.0,5.0,2.1721,5.707,-0.13148,-0.0687,4.432,-0.1396,0.0,0.0,128.0,669.0
1577648.0,6.0,2.4314,5.771,-0.13226,0.0054,1.216,-0.1396,0.0,0.0,128.0,709.0
1577688.0,6.0,3.1401,15.131,-0.13091,0.0652,1.5,-0.1396,0.0,0.0,128.0,707.0
1577728.0,2.0,-2.6599,13.08,-0.12668,0.1861,5.7,0.2322,0.0,0.0,128.0,716.0
1577768.0,2.0,-2.0509,12.594,-0.11344,0.5235,9.1,0.5344,0.0,0.0,128.0,736.0
1577808.0,2.0,-1.5555,12.764,-0.08749,0.7658,3.191,1.1902,0.0,0.0,128.0,749.0
1577849.0,2.0,-1.1213,9.634,-0.05546,0.7998,0.0,1.0257,0.0,0.0,128.0,740.0
1577889.0,2.0,-0.8943,6.538,-0.024,0.798,-0.44,0.9046,0.0,0.0,128.0,746.0
1577930.0,2.0,-0.8698,1.731,0.00716,0.7173,-4.433,0.6979,0.0,0.0,128.0,733.0
1577970.0,2.0,-1.0554,-3.856,0.03214,0.5766,-0.904,0.589,0.0,0.0,128.0,744.0
1578010.0,2.0,-0.9434,1.144,0.05423,0.5237,-3.471,0.5843,0.0,0.0,128.0,757.0
1578051.0,2.0,-1.0155,-0.826,0.07095,0.2687,-6.621,0.5564,0.0,0.0,128.0,744.0
1578092.0,2.0,-1.2717,-5.321,0.07807,0.1122,-2.172,0.4622,0.0,0.0,128.0,756.0
1578133.0,2.0,-1.2809,-1.522,0.08141,0.0592,-1.026,0.2696,0.0,0.0,128.0,758.0
1578174.0,2.0,-1.4895,-3.904,0.08291,0.0091,-1.727,0.1471,0.0,0.0,128.0,729.0
1578215.0,2.0,-2.5111,-20.121,0.08029,-0.1731,-4.765,1.7611,0.0,0.0,128.0,739.0
1578256.0,2.0,3.1155,-18.517,0.07035,-0.3217,-3.378,1.1704,0.0,0.0,128.0,707.0
1578296.0,2.0,2.3194,-18.692,0.05498,-0.4313,-0.091,1.5466,0.0,0.0,128.0,710.0
1578337.0,2.0,1.8101,-14.435,0.03754,-0.4471,-1.066,1.1306,0.0,0.0,128.0,749.0
1578378.0,2.0,1.3284,-11.883,0.01826,-0.5147,-1.719,1.1605,0.0,0.0,128.0,729.0
1578418.0,2.0,1.0661,-7.996,-0.00203,-0.4917,1.855,0.9117,0.0,0.0,128.0,757.0
1578459.0,2.0,0.6305,-9.533,-0.01991,-0.4025,0.563,1.3475,0.0,0.0,128.0,744.0
1578499.0,2.0,0.3988,-7.901,-0.03679,-0.4715,-1.237,1.3536,0.0,0.0,128.0,719.0
1578540.0,3.0,0.4679,0.654,-0.05513,-0.393,4.913,0.8952,0.0,0.0,128.0,728.0
1578580.0,3.0,0.3636,-1.939,-0.06574,-0.1411,4.693,0.9584,0.0,0.0,128.0,716.0
1578620.0,3.0,-0.0706,-8.559,-0.0693,-0.0764,-1.307,1.4605,0.0,0.0,128.0,694.0
1578661.0,3.0,-0.089,-2.249,-0.07485,-0.2493,-6.458,1.028,0.0,0.0,128.0,689.0
1578701.0,3.0,-0.0798,-0.697,-0.08884,-0.4306,-3.736,0.9999,0.0,0.0,128.0,703.0
1578741.0,3.0,0.0982,3.402,-0.10729,-0.4673,1.957,1.0683,0.0,0.0,128.0,716.0
1578781.0,3.0,0.1043,1.188,-0.12266,-0.2779,5.443,1.0035,0.0,0.0,128.0,716.0
1578822.0,3.0,0.1273,0.874,-0.13095,-0.1402,3.899,0.9967,0.0,0.0,128.0,729.0
1578862.0,3.0,0.1703,0.892,-0.13301,0.0464,4.941,0.9906,0.0,0.0,128.0,695.0
1578902.0,3.0,0.1764,0.419,-0.12713,0.2609,4.723,0.9856,0.0,0.0,128.0,695.0
1578943.0,3.0,0.1887,0.185,-0.11366,0.4278,4.477,0.9825,0.0,0.0,128.0,716.0
1578983.0,3.0,0.1917,0.075,-0.09255,0.6229,4.647,0.9814,0.0,0.0,128.0,681.0
1579023.0,3.0,0.1979,0.002,-0.06461,0.784,2.12,0.9805,0.0,0.0,128.0,709.0
1579063.0,3.0,0.25,0.925,-0.03308,0.7999,0.0,0.9743,0.0,0.0,128.0,718.0
1579104.0,3.0,0.3666,2.491,-0.00068,0.7999,0.0,0.9738,0.0,0.0,128.0,693.0
1579144.0,3.0,0.5676,4.46,0.0309,0.7999,0.0,0.9689,0.0,0.0,128.0,684.0
1579185.0,2.0,0.8514,6.227,0.06251,0.7994,-0.3,0.9191,0.0,0.0,128.0,820.0
1579225.0,2.0,1.31,9.779,0.09281,0.658,-6.45,0.8751,0.0,0.0,128.0,753.0
1579265.0,2.0,1.692,9.52,0.11239,0.3119,-8.05,0.4572,0.0,0.0,128.0,758.0
1579306.0,2.0,2.3178,13.904,0.11925,0.0245,-5.808,0.5198,0.0,0.0,128.0,734.0
1579347.0,2.0,2.9959,15.134,0.11708,-0.1181,-3.566,0.4742,0.0,0.0,128.0,725.0
1579387.0,2.0,-2.8149,11.561,0.10834,-0.3449,-4.886,-0.1086,0.0,0.0,128.0,730.0
1579427.0,2.0,-1.8055,19.754,0.09064,-0.5719,-6.782,2.143,0.0,0.0,128.0,718.0
1579467.0,2.0,-1.7211,6.762,0.06345,-0.7794,-2.386,0.1125,0.0,0.0,128.0,751.0
1579507.0,2.0,-1.6214,3.511,0.03251,-0.7536,2.734,0.0474,0.0,0.0,128.0,765.0
1579548.0,2.0,-1.3959,5.309,0.00262,-0.7698,-2.816,0.3825,0.0,0.0,128.0,737.0
1579588.0,2.0,-1.5478,-1.809,-0.02843,-0.7697,2.884,0.0184,0.0,0.0,128.0,754.0
1579629.0,2.0,-1.7441,-3.468,-0.05685,-0.6639,-0.024,-0.0585,0.0,0.0,128.0,745.0
1579669.0,2.0,-2.0387,-9.076,-0.08363,-0.6809,0.568,-0.0585,0.0,0.0,128.0,761.0
1579710.0,5.0,-2.6338,-11.734,-0.11003,-0.5869,5.218,-0.3626,0.0,0.0,128.0,684.0
1579750.0,5.0,-3.1416,-12.083,-0.12765,-0.266,8.818,-0.3626,0.0,0.0,128.0,663.0
1579790.0,5.0,2.9437,-6.391,-0.13286,-0.0316,2.973,-0.3626,0.0,0.0,128.0,674.0
1579831.0,6.0,2.6599,-6.937,-0.13301,0.0208,1.5,-0.3626,0.0,0.0,128.0,730.0
1579871.0,6.0,2.64,-0.945,-0.13103,0.0808,1.5,-0.3626,0.0,0.0,128.0,702.0
1579911.0,2.0,2.6461,0.531,-0.12728,0.089,-0.15,-0.8741,0.0,0.0,128.0,764.0
1579952.0,2.0,2.6768,0.788,-0.12214,0.212,6.0,-0.8868,0.0,0.0,128.0,742.0
1579993.0,2.0,2.887,4.126,-0.10714,0.5608,8.35,-0.8512,0.0,0.0,128.0,723.0
1580034.0,2.0,-3.1416,6.649,-0.07942,0.7802,2.413,-0.7199,0.0,0.0,128.0,746.0
1580075.0,2.0,-2.8149,8.394,-0.04725,0.7999,0.0,-0.4748,0.0,0.0,128.0,744.0
1580116.0,2.0,-2.1537,14.809,-0.015,0.7999,0.0,0.7969,0.0,0.0,128.0,739.0
1580156.0,2.0,-2.0663,5.814,0.01639,0.7999,0.0,-0.2734,0.0,0.0,128.0,730.0
1580197.0,2.0,-1.9819,1.991,0.04871,0.7999,0.0,-0.3253,0.0,0.0,128.0,742.0
1580237.0,2.0,-1.9512,-0.155,0.08018,0.7957,-1.05,-0.3722,0.0,0.0,128.0,788.0
1580278.0,5.0,-2.1184,-4.482,0.10999,0.6346,-6.9,-0.3415,0.0,0.0,128.0,682.0
1580318.0,5.0,-2.3945,-7.298,0.12829,0.2644,-8.89,-0.3415,0.0,0.0,128.0,673.0
1580359.0,5.0,-2.8179,-12.282,0.1335,0.0283,-2.898,-0.3415,0.0,0.0,128.0,653.0
1580399.0,6.0,2.8716,-12.996,0.13358,-0.0222,-1.5,-0.3415,0.0,0.0,128.0,715.0
1580440.0,6.0,2.3531,-12.257,0.13148,-0.0837,-1.5,-0.3415,0.0,0.0,128.0,710.0
1580480.0,2.0,2.0831,-8.163,0.12668,-0.1924,-5.25,-0.0712,0.0,0.0,128.0,751.0
1580521.0,2.0,1.7963,-7.219,0.11306,-0.5254,-8.95,0.1482,0.0,0.0,128.0,739.0
1580561.0,2.0,1.6475,-4.301,0.087,-0.7665,-3.157,0.0628,0.0,0.0,128.0,747.0
1580602.0,2.0,1.5923,-1.805,0.05501,-0.7999,0.0,0.0201,0.0,0.0,128.0,740.0
1580642.0,2.0,1.6843,1.283,0.0237,-0.7788,2.44,-0.0847,0.0,0.0,128.0,751.0
1580683.0,2.0,1.9297,4.934,-0.00412,-0.5496,8.59,-0.1796,0.0,0.0,128.0,758.0
1580724.0,2.0,2.2841,7.977,-0.01853,-0.1456,10.0,-0.2477,0.0,0.0,128.0,743.0
1580765.0,2.0,2.7351,9.535,-0.01635,0.2644,10.0,-0.3189,0.0,0.0,128.0,723.0
1580806.0,2.0,-2.7688,16.651,0.00101,0.5633,4.3,0.8419,0.0,0.0,128.0,733.0
1580846.0,2.0,-1.6843,26.427,0.02528,0.6371,-0.866,4.3688,0.0,0.0,128.0,766.0
1580887.0,2.0,-1.1183,18.325,0.0504,0.6245,1.684,2.5642,0.0,0.0,128.0,716.0
1580927.0,2.0,-0.9342,7.575,0.0771,0.7211,0.33,0.9958,0.0,0.0,128.0,714.0
1580968.0,2.0,-0.6596,6.008,0.10478,0.6055,-5.82,1.029,0.0,0.0,128.0,737.0
1581009.0,2.0,-0.6657,0.968,0.12289,0.2516,-10.0,0.8285,0.0,0.0,128.0,755.0
1581050.0,2.0,-0.1181,9.611,0.1251,-0.1393,-7.683,1.5681,0.0,0.0,128.0,716.0
1581090.0,2.0,0.5123,15.331,0.11531,-0.3236,-1.683,2.3595,0.0,0.0,128.0,710.0
1581131.0,2.0,1.0523,13.888,0.10211,-0.3329,-1.837,1.6894,0.0,0.0,128.0,718.0
1581171.0,2.0,1.6245,13.743,0.08685,-0.4604,-4.89,1.125,0.0,0.0,128.0,745.0
1581212.0,2.0,2.2979,16.667,0.06349,-0.7069,-5.273,1.0343,0.0,0.0,128.0,731.0
1581253.0,2.0,-3.045,20.747,0.03236,-0.7998,0.0,1.7262,0.0,0.0,128.0,723.0
1581294.0,2.0,-1.8991,25.92,0.00011,-0.7998,0.0,3.9076,0.0,0.0,128.0,726.0
1581334.0,2.0,-1.2349,17.131,-0.03086,-0.7389,4.2,2.1455,0.0,0.0,128.0,750.0
1581375.0,2.0,-0.8897,11.609,-0.05561,-0.4394,9.52,1.5217,0.0,0.0,128.0,753.0
1581415.0,2.0,-0.6213,6.646,-0.06555,-0.0713,7.082,1.111,0.0,0.0,128.0,718.0
1581455.0,2.0,-0.5568,2.807,-0.06416,0.13,4.155,0.9092,0.0,0.0,128.0,737.0
1581496.0,2.0,-0.7517,-4.046,-0.05584,0.292,5.061,0.854,0.0,0.0,128.0,730.0
1581536.0,2.0,-0.7532,-1.613,-0.04061,0.4848,4.461,0.7284,0.0,0.0,128.0,740.0
1581576.0,2.0,-0.7378,0.29,-0.01898,0.5837,-0.278,0.7468,0.0,0.0,128.0,761.0
1581617.0,2.0,-0.9219,-3.556,0.00488,0.6133,0.799,0.6983,0.0,0.0,128.0,708.0
1581657.0,2.0,-1.2241,-6.587,0.02929,0.6189,-0.847,0.658,0.0,0.0,128.0,739.0
1581697.0,2.0,-1.5693,-8.65,0.0531,0.5873,-1.763,0.549,0.0,0.0,128.0,747.0
1581738.0,2.0,-2.2918,-15.29,0.07433,0.4367,-5.941,0.792,0.0,0.0,128.0,759.0
1581779.0,2.0,2.9606,-22.379,0.0876,0.2546,-1.548,2.1978,0.0,0.0,128.0,734.0
1581819.0,2.0,2.1737,-19.348,0.09765,0.2583,-1.263,1.83,0.0,0.0,128.0,739.0
1581860.0,2.0,1.5984,-15.09,0.10541,0.0873,-5.579,1.4251,0.0,0.0,128.0,763.0
1581901.0,2.0,1.1781,-11.59,0.10279,-0.2595,-9.811,1.261,0.0,0.0,128.0,709.0
1581941.0,2.0,0.882,-8.305,0.08606,-0.5766,-6.457,1.089,0.0,0.0,128.0,710.0
1581981.0,2.0,0.7179,-4.881,0.05933,-0.7536,-2.542,0.9123,0.0,0.0,128.0,739.0
1582022.0,2.0,0.362,-7.704,0.02756,-0.7998,0.0,1.3239,0.0,0.0,128.0,710.0
1582062.0,2.0,0.5906,2.639,-0.00368,-0.7786,1.019,0.8958,0.0,0.0,128.0,737.0
1582102.0,2.0,0.6842,3.072,-0.033,-0.698,2.582,0.8176,0.0,0.0,128.0,744.0
1582142.0,2.0,0.675,0.036,-0.05809,-0.5453,5.893,0.7958,0.0,0.0,128.0,764.0
1582183.0,2.0,0.9986,6.006,-0.07624,-0.3472,5.141,0.7921,0.0,0.0,128.0,736.0
1582223.0,2.0,1.2471,6.599,-0.08606,-0.1557,3.815,0.5764,0.0,0.0,128.0,751.0
1582263.0,2.0,1.6889,9.258,-0.08936,0.0025,5.428,0.4429,0.0,0.0,128.0,739.0
1582303.0,2.0,2.1568,11.386,-0.08359,0.3351,10.0,0.2668,0.0,0.0,128.0,724.0
1582344.0,2.0,2.8317,15.125,-0.06255,0.6851,5.867,0.5325,0.0,0.0,128.0,714.0
1582384.0,2.0,-2.6584,19.616,-0.0327,0.7968,-0.133,1.5505,0.0,0.0,128.0,743.0
1582425.0,2.0,-2.0003,15.827,-0.00214,0.7088,-2.152,1.1585,0.0,0.0,128.0,743.0
1582466.0,2.0,-1.2164,17.49,0.02411,0.6132,0.098,2.3751,0.0,0.0,128.0,715.0
1582506.0,2.0,-0.8115,11.638,0.04841,0.5942,-1.068,1.5369,0.0,0.0,128.0,743.0
1582546.0,2.0,-0.566,7.68,0.0708,0.5069,-4.898,1.2237,0.0,0.0,128.0,744.0
1582587.0,2.0,-0.5461,1.874,0.08625,0.2215,-8.334,0.8782,0.0,0.0,128.0,738.0
1582628.0,2.0,-0.3451,4.789,0.0888,-0.0934,-6.43,1.0685,0.0,0.0,128.0,728.0
1582669.0,2.0,0.2224,12.44,0.08156,-0.2279,-0.28,1.9486,0.0,0.0,128.0,709.0
1582709.0,2.0,0.6565,11.085,0.07282,-0.2261,-0.876,1.5625,0.0,0.0,128.0,713.0
1582749.0,2.0,1.1029,10.888,0.06248,-0.3199,-2.537,1.2282,0.0,0.0,128.0,731.0
1582790.0,2.0,1.6061,12.592,0.048,-0.4066,-2.713,0.9292,0.0,0.0,128.0,729.0
1582830.0,2.0,2.3562,17.318,0.03056,-0.4949,-2.871,1.1728,0.0,0.0,128.0,729.0
1582870.0,2.0,3.1217,18.947,0.01031,-0.5181,-1.06,1.2696,0.0,0.0,128.0,731.0
1582911.0,2.0,-2.281,23.96,-0.012,-0.5946,-3.228,3.061,0.0,0.0,128.0,710.0
1582951.0,2.0,-1.3116,20.231,-0.03892,-0.7708,-2.628,2.8115,0.0,0.0,128.0,730.0
1582991.0,2.0,-1.0907,10.566,-0.06975,-0.7529,3.372,1.1809,0.0,0.0,128.0,746.0
1583032.0,2.0,-0.7271,9.692,-0.09578,-0.4855,9.522,1.3715,0.0,0.0,128.0,722.0
1583072.0,2.0,-0.6918,2.637,-0.10774,-0.129,7.543,0.8314,0.0,0.0,128.0,737.0
1583113.0,2.0,-0.7639,-0.924,-0.10714,0.1746,8.908,0.7441,0.0,0.0,128.0,717.0
1583153.0,2.0,-0.9925,-4.626,-0.093,0.5496,8.593,0.667,0.0,0.0,128.0,717.0
1583193.0,2.0,-1.0922,-1.727,-0.06622,0.7744,2.761,0.5473,0.0,0.0,128.0,725.0
1583234.0,2.0,-1.4235,-7.547,-0.03495,0.7998,0.0,0.5553,0.0,0.0,128.0,738.0
1583274.0,2.0,-2.0586,-14.443,-0.0027,0.7887,-1.763,0.7771,0.0,0.0,128.0,767.0
1583315.0,2.0,3.1309,-23.587,0.02719,0.7177,0.787,2.5183,0.0,0.0,128.0,738.0
1583355.0,2.0,2.5617,-16.467,0.05621,0.7346,-1.823,0.9094,0.0,0.0,128.0,751.0
1583395.0,2.0,1.9067,-15.586,0.08254,0.5778,-5.799,1.2464,0.0,0.0,128.0,767.0
1583436.0,2.0,1.4634,-11.504,0.10005,0.265,-8.302,0.969,0.0,0.0,128.0,758.0
1583477.0,2.0,1.1428,-8.559,0.10406,-0.0715,-7.451,0.9067,0.0,0.0,128.0,724.0
1583518.0,2.0,0.9633,-5.128,0.09593,-0.3254,-5.072,0.7548,0.0,0.0,128.0,731.0
1583558.0,2.0,0.7731,-4.74,0.07984,-0.4879,-4.16,0.8425,0.0,0.0,128.0,733.0
1583598.0,2.0,0.902,0.63,0.05783,-0.6108,-1.941,0.6816,0.0,0.0,128.0,729.0
1583638.0,2.0,1.1873,6.388,0.03101,-0.7645,-3.146,0.6332,0.0,0.0,128.0,736.0
1583679.0,2.0,1.5186,7.12,-0.00098,-0.7998,0.0,0.3869,0.0,0.0,128.0,740.0
1583719.0,2.0,2.0157,11.814,-0.03142,-0.7053,5.25,0.4414,0.0,0.0,128.0,751.0
1583760.0,2.0,2.5295,12.69,-0.05396,-0.3682,10.0,0.1912,0.0,0.0,128.0,750.0
1583801.0,2.0,-2.6737,21.436,-0.06161,-0.0367,5.222,1.9746,0.0,0.0,128.0,757.0
1583841.0,2.0,-1.6076,28.02,-0.06064,0.0492,-0.778,4.9523,0.0,0.0,128.0,759.0
1583882.0,2.0,-1.0738,18.18,-0.05756,0.1465,5.372,2.6497,0.0,0.0,128.0,709.0
1583923.0,2.0,-0.5906,12.667,-0.04568,0.4869,9.682,1.8694,0.0,0.0,128.0,728.0
1583963.0,2.0,-0.3896,6.732,-0.02066,0.7512,3.682,1.2213,0.0,0.0,128.0,706.0
1584004.0,2.0,-0.2209,4.085,0.01091,0.7753,-1.794,1.0791,0.0,0.0,128.0,745.0
1584045.0,3.0,-0.1319,2.213,0.04043,0.6671,-3.121,1.0223,0.0,0.0,128.0,737.0
1584085.0,3.0,0.3283,10.51,0.06596,0.6652,2.879,1.6447,0.0,0.0,128.0,702.0
1584126.0,5.0,0.6964,9.933,0.0942,0.6901,-2.371,1.7338,0.0,0.0,128.0,697.0
1584166.0,5.0,1.0784,9.384,0.11801,0.4722,-8.371,1.7338,0.0,0.0,128.0,661.0
1584206.0,5.0,1.5631,11.49,0.12968,0.1299,-6.194,1.7338,0.0,0.0,128.0,660.0
1584246.0,5.0,2.1783,14.778,0.13159,0.0011,-0.502,1.7338,0.0,0.0,128.0,675.0
1584287.0,6.0,2.9928,19.204,0.13084,-0.0491,-1.5,1.7338,0.0,0.0,128.0,705.0
1584327.0,2.0,-2.2657,23.289,0.12731,-0.1618,-5.4,2.788,0.0,0.0,128.0,710.0
1584367.0,2.0,-1.626,17.616,0.11531,-0.4881,-8.8,2.001,0.0,0.0,128.0,724.0
1584408.0,2.0,-1.221,10.528,0.09019,-0.7243,-4.147,1.1207,0.0,0.0,128.0,717.0
1584448.0,2.0,-0.9741,6.876,0.05948,-0.7999,0.0,0.8869,0.0,0.0,128.0,736.0
1584488.0,2.0,-0.9204,2.6,0.02798,-0.7999,0.0,0.6642,0.0,0.0,128.0,731.0
1584529.0,2.0,-1.0769,-2.831,-0.00412,-0.7714,2.85,0.5273,0.0,0.0,128.0,759.0
1584570.0,2.0,-1.0293,-0.238,-0.03131,-0.5385,6.51,0.4925,0.0,0.0,128.0,734.0
1584610.0,2.0,-1.0186,0.808,-0.04909,-0.3983,1.341,0.5679,0.0,0.0,128.0,758.0
1584651.0,2.0,-1.1996,-3.414,-0.06244,-0.2147,7.478,0.4795,0.0,0.0,128.0,765.0
1584692.0,2.0,-1.8454,-13.406,-0.06476,0.077,4.482,0.8499,0.0,0.0,128.0,728.0
1584732.0,2.0,-2.4022,-13.773,-0.05985,0.1376,-0.049,0.5079,0.0,0.0,128.0,743.0
1584773.0,2.0,3.1109,-18.595,-0.05265,0.2639,5.501,1.1899,0.0,0.0,128.0,712.0
1584813.0,2.0,2.551,-16.062,-0.03937,0.4023,3.101,0.8649,0.0,0.0,128.0,731.0
1584853.0,2.0,2.0908,-11.888,-0.02276,0.4033,-2.899,0.4257,0.0,0.0,128.0,751.0
1584893.0,2.0,1.8086,-8.148,-0.01058,0.1887,-5.967,0.1971,0.0,0.0,128.0,748.0
1584934.0,2.0,1.6183,-5.496,-0.00761,-0.0376,-3.963,0.1697,0.0,0.0,128.0,744.0
1584974.0,2.0,1.5401,-2.447,-0.01054,-0.0732,2.037,0.0715,0.0,0.0,128.0,746.0
1585014.0,2.0,1.5953,0.709,-0.01118,0.0282,1.611,-0.0234,0.0,0.0,128.0,757.0
1585055.0,2.0,1.781,3.567,-0.00773,0.1866,6.794,-0.1061,0.0,0.0,128.0,730.0
1585096.0,2.0,2.0755,6.627,0.00638,0.5261,8.087,-0.2041,0.0,0.0,128.0,731.0
1585136.0,2.0,2.3823,6.988,0.03236,0.7654,3.215,-0.4063,0.0,0.0,128.0,737.0
1585177.0,2.0,3.1002,15.921,0.06416,0.7753,-2.616,0.6021,0.0,0.0,128.0,747.0
1585218.0,2.0,-2.7581,11.435,0.09386,0.6937,-1.866,-0.0717,0.0,0.0,128.0,765.0
1585259.0,5.0,-1.8868,17.914,0.11865,0.4881,-8.016,-0.0989,0.0,0.0,128.0,675.0
1585299.0,5.0,-1.6199,9.477,0.13095,0.1425,-6.495,-0.0989,0.0,0.0,128.0,661.0
1585340.0,5.0,-1.6705,0.86,0.13313,0.0016,-0.653,-0.0989,0.0,0.0,128.0,694.0
1585380.0,6.0,-1.6904,-0.225,0.13249,-0.0461,-1.5,-0.0989,0.0,0.0,128.0,714.0
1585424.0,2.0,-1.6889,0.269,0.12911,-0.1189,-2.85,-0.0985,0.0,0.0,128.0,777.0
1585464.0,2.0,-2.011,-8.509,0.12071,-0.3559,-8.85,-0.024,0.0,0.0,128.0,736.0
1585505.0,2.0,-2.7719,-17.35,0.09904,-0.6945,-5.621,0.9965,0.0,0.0,128.0,725.0
1585546.0,2.0,3.0388,-15.068,0.06814,-0.7998,-0.15,0.4523,0.0,0.0,128.0,717.0
1585586.0,2.0,2.3792,-13.167,0.03656,-0.7999,0.0,0.3328,0.0,0.0,128.0,724.0
1585626.0,2.0,2.0218,-11.611,0.00506,-0.7999,0.0,0.4822,0.0,0.0,128.0,773.0
1585667.0,2.0,1.6628,-8.594,-0.02719,-0.7999,0.0,0.3721,0.0,0.0,128.0,745.0
1585707.0,2.0,1.4742,-5.74,-0.05768,-0.7107,5.1,0.3075,0.0,0.0,128.0,751.0
1585748.0,2.0,1.3714,-3.457,-0.08059,-0.3783,10.0,0.2607,0.0,0.0,128.0,751.0
1585789.0,2.0,1.4542,0.662,-0.0879,0.0235,8.5,0.141,0.0,0.0,128.0,746.0
1585829.0,2.0,1.5524,2.177,-0.08205,0.2433,3.645,0.0601,0.0,0.0,128.0,744.0
1585869.0,2.0,1.827,5.726,-0.06814,0.5112,9.045,-0.0281,0.0,0.0,128.0,740.0
1585910.0,2.0,2.2335,9.319,-0.04177,0.7646,3.23,-0.0681,0.0,0.0,128.0,725.0
1585950.0,2.0,2.5863,8.166,-0.01065,0.7999,0.0,-0.4283,0.0,0.0,128.0,718.0
1585990.0,2.0,-2.9698,15.95,0.02085,0.7997,-0.174,0.6222,0.0,0.0,128.0,743.0
1586030.0,2.0,-2.3393,17.094,0.05149,0.7482,-2.342,1.1727,0.0,0.0,128.0,767.0
1586070.0,2.0,-1.962,9.904,0.07774,0.563,-4.142,0.2681,0.0,0.0,128.0,773.0
1586111.0,2.0,-1.6383,7.896,0.09735,0.3856,-5.805,0.3804,0.0,0.0,128.0,773.0
1586152.0,2.0,-1.3468,6.696,0.10665,0.0328,-10.0,0.573,0.0,0.0,128.0,737.0
1586193.0,2.0,-1.6214,-4.03,0.10028,-0.3385,-8.2,0.0647,0.0,0.0,128.0,735.0
1586234.0,2.0,-1.6935,-2.25,0.07946,-0.6813,-5.951,-0.1018,0.0,0.0,128.0,745.0
1586275.0,2.0,-1.8116,-1.465,0.04882,-0.7995,-0.23,-0.181,0.0,0.0,128.0,730.0
1586315.0,2.0,-2.4053,-13.835,0.01733,-0.7999,0.0,0.4454,0.0,0.0,128.0,720.0
1586356.0,2.0,-3.1293,-16.927,-0.01496,-0.7995,0.3,0.8179,0.0,0.0,128.0,737.0
1586396.0,2.0,2.8333,-13.407,-0.0456,-0.7494,1.196,0.2223,0.0,0.0,128.0,738.0
1586437.0,5.0,2.3056,-13.562,-0.07635,-0.7836,0.146,-0.1455,0.0,0.0,128.0,696.0
1586477.0,5.0,2.1338,-5.671,-0.1056,-0.6548,6.146,-0.1455,0.0,0.0,128.0,653.0
1586517.0,5.0,1.9834,-3.521,-0.12521,-0.2994,9.446,-0.1455,0.0,0.0,128.0,662.0
1586558.0,5.0,1.985,-0.549,-0.13133,-0.0436,3.603,-0.1455,0.0,0.0,128.0,668.0
1586598.0,6.0,2.0663,1.575,-0.13159,0.0163,1.5,-0.1455,0.0,0.0,128.0,681.0
1586643.0,2.0,2.3178,5.493,-0.12953,0.0865,2.55,-0.4498,0.0,0.0,128.0,728.0
1586683.0,2.0,2.7243,9.19,-0.12229,0.3202,8.7,-0.3757,0.0,0.0,128.0,714.0
1586724.0,2.0,-3.0542,10.142,-0.10193,0.6734,6.159,-0.3479,0.0,0.0,128.0,713.0
1586764.0,2.0,-2.4068,14.232,-0.07223,0.7988,0.482,0.4961,0.0,0.0,128.0,746.0
1586805.0,2.0,-1.761,16.595,-0.04065,0.7287,-3.806,1.7187,0.0,0.0,128.0,746.0
1586845.0,2.0,-1.3622,10.233,-0.01358,0.6602,-1.119,0.8897,0.0,0.0,128.0,754.0
1586885.0,2.0,-1.0278,9.046,0.01069,0.5662,-1.702,1.0361,0.0,0.0,128.0,734.0
1586926.0,2.0,-0.9771,3.557,0.0312,0.4108,-5.943,0.6733,0.0,0.0,128.0,751.0
1586967.0,2.0,-1.2379,-4.604,0.04301,0.2012,-2.383,0.4538,0.0,0.0,128.0,736.0
1587007.0,2.0,-1.1397,0.76,0.05044,0.184,-1.414,0.4021,0.0,0.0,128.0,743.0
1587048.0,2.0,-1.2625,-1.863,0.05543,0.0599,-1.564,0.3376,0.0,0.0,128.0,750.0
1587089.0,2.0,-1.3867,-2.322,0.05794,0.0784,1.08,0.2582,0.0,0.0,128.0,729.0
1587129.0,2.0,-1.8101,-8.891,0.06098,0.0454,-3.188,0.271,0.0,0.0,128.0,736.0
1587170.0,2.0,-2.6983,-18.977,0.05917,-0.1317,-2.438,1.352,0.0,0.0,128.0,723.0
1587211.0,2.0,2.7888,-18.526,0.05138,-0.2585,-2.248,1.2267,0.0,0.0,128.0,709.0
1587251.0,2.0,2.2197,-16.064,0.04043,-0.3034,-1.92,1.0756,0.0,0.0,128.0,711.0
1587291.0,2.0,1.7288,-12.498,0.02625,-0.4167,-2.52,0.844,0.0,0.0,128.0,729.0
1587331.0,2.0,1.3622,-10.151,0.00919,-0.4301,0.959,0.8961,0.0,0.0,128.0,751.0
1587371.0,2.0,1.1244,-6.743,-0.00611,-0.3332,3.242,0.74,0.0,0.0,128.0,748.0
1587412.0,2.0,0.6949,-10.556,-0.01702,-0.2253,0.392,1.4766,0.0,0.0,128.0,724.0
1587452.0,2.0,0.6918,-2.747,-0.02621,-0.2192,2.492,0.8567,0.0,0.0,128.0,746.0
1587492.0,2.0,0.7409,0.905,-0.0327,-0.1304,0.751,0.7334,0.0,0.0,128.0,738.0
1587533.0,2.0,0.4893,-4.507,-0.03645,-0.0246,3.199,0.9827,0.0,0.0,128.0,744.0
1587574.0,3.0,0.6458,1.335,-0.03506,0.1204,5.812,0.8099,0.0,0.0,128.0,701.0
1587614.0,2.0,0.8836,5.204,-0.02441,0.4444,7.612,0.8024,0.0,0.0,128.0,730.0
1587654.0,2.0,0.8191,-1.083,-0.00266,0.6259,1.612,0.6921,0.0,0.0,128.0,732.0
1587694.0,2.0,1.1658,6.437,0.02209,0.5918,-3.697,0.6777,0.0,0.0,128.0,747.0
1587734.0,2.0,1.4895,8.238,0.0411,0.3367,-7.828,0.518,0.0,0.0,128.0,764.0
1587775.0,2.0,1.9528,11.308,0.04924,0.0979,-2.922,0.4627,0.0,0.0,128.0,744.0
1587816.0,2.0,2.459,12.812,0.05235,0.0805,1.611,0.2377,0.0,0.0,128.0,708.0
1587856.0,2.0,-3.0511,17.739,0.05738,0.1574,-0.38,0.9903,0.0,0.0,128.0,745.0
1587896.0,2.0,-2.3761,19.765,0.06173,0.0192,-6.38,1.8231,0.0,0.0,128.0,735.0
1587937.0,2.0,-1.804,14.982,0.05786,-0.1856,-4.147,1.1773,0.0,0.0,128.0,725.0
1587977.0,2.0,-1.287,14.314,0.0468,-0.3611,-2.047,1.6639,0.0,0.0,128.0,718.0
1588018.0,2.0,-1.1597,4.825,0.03056,-0.4749,-4.88,0.5781,0.0,0.0,128.0,727.0
1588058.0,2.0,-1.2885,-1.632,0.00825,-0.6481,-2.479,0.328,0.0,0.0,128.0,745.0
1588098.0,2.0,-1.2931,-0.886,-0.01763,-0.6243,3.521,0.2375,0.0,0.0,128.0,767.0
1588139.0,2.0,-1.1766,3.831,-0.04073,-0.549,0.677,0.54,0.0,0.0,128.0,754.0
1588180.0,2.0,-1.3837,-3.326,-0.06184,-0.4576,5.126,0.2764,0.0,0.0,128.0,719.0
1588220.0,2.0,-1.9543,-11.822,-0.0753,-0.2349,3.326,0.4796,0.0,0.0,128.0,757.0
1588261.0,2.0,-2.5265,-12.249,-0.08359,-0.2057,-0.476,0.178,0.0,0.0,128.0,738.0
1588301.0,2.0,-3.1247,-15.576,-0.09049,-0.1053,4.208,0.5341,0.0,0.0,128.0,739.0
1588342.0,2.0,2.597,-13.073,-0.09172,0.0366,1.505,0.2408,0.0,0.0,128.0,718.0
1588382.0,2.0,2.2273,-10.224,-0.08996,0.0443,-0.282,0.0763,0.0,0.0,128.0,736.0
1588423.0,2.0,1.9926,-6.907,-0.08929,-0.0186,-1.517,-0.0868,0.0,0.0,128.0,723.0
1588463.0,2.0,1.8975,-3.422,-0.09146,-0.1009,-2.307,-0.2277,0.0,0.0,128.0,746.0
1588504.0,2.0,1.873,-1.104,-0.09731,-0.185,-1.209,-0.2764,0.0,0.0,128.0,723.0
1588544.0,2.0,1.9436,1.102,-0.10395,-0.1104,4.791,-0.3431,0.0,0.0,128.0,755.0
1588585.0,2.0,2.2243,5.458,-0.1029,0.2118,10.0,-0.3953,0.0,0.0,128.0,737.0
1588626.0,2.0,2.5894,8.473,-0.08647,0.6023,7.7,-0.3959,0.0,0.0,128.0,714.0
1588666.0,2.0,3.0511,9.776,-0.05846,0.7887,1.781,-0.3884,0.0,0.0,128.0,736.0
1588706.0,2.0,-2.393,18.551,-0.02711,0.7984,-0.6,1.4084,0.0,0.0,128.0,747.0
1588746.0,2.0,-1.9006,17.117,0.0024,0.6649,-5.7,1.6989,0.0,0.0,128.0,764.0
1588787.0,2.0,-1.5754,9.116,0.02606,0.546,-0.819,0.5339,0.0,0.0,128.0,744.0
1588828.0,2.0,-1.3468,6.174,0.04579,0.3833,-6.969,0.4587,0.0,0.0,128.0,764.0
1588869.0,2.0,-1.3821,0.392,0.05456,0.0212,-8.973,0.2131,0.0,0.0,128.0,750.0
1588910.0,2.0,-1.488,-2.504,0.04988,-0.2176,-2.823,0.0861,0.0,0.0,128.0,736.0
1588951.0,2.0,-1.5417,-1.147,0.03949,-0.3107,-1.972,0.0688,0.0,0.0,128.0,737.0
1588992.0,2.0,-1.6199,-3.578,0.0261,-0.3576,-2.032,0.0067,0.0,0.0,128.0,736.0
1589033.0,2.0,-2.3669,-14.658,0.0087,-0.5132,-2.676,0.6249,0.0,0.0,128.0,733.0
1589073.0,2.0,-3.0327,-13.942,-0.01283,-0.5736,-2.501,0.2415,0.0,0.0,128.0,739.0
1589114.0,2.0,2.7167,-13.634,-0.03795,-0.6843,-2.431,0.2545,0.0,0.0,128.0,714.0
1589154.0,2.0,2.2289,-12.923,-0.06521,-0.6594,2.969,0.5145,0.0,0.0,128.0,738.0
1589194.0,2.0,1.8469,-9.865,-0.08978,-0.5766,3.305,0.3704,0.0,0.0,128.0,744.0
1589235.0,2.0,1.5447,-7.062,-0.10894,-0.3251,9.125,0.3723,0.0,0.0,128.0,737.0
1589276.0,2.0,1.3499,-5.313,-0.11411,0.0828,10.0,0.3925,0.0,0.0,128.0,730.0
1589316.0,2.0,1.3514,-1.255,-0.1032,0.4824,9.7,0.2597,0.0,0.0,128.0,746.0
1589357.0,2.0,1.3944,0.888,-0.07766,0.7537,3.62,0.1863,0.0,0.0,128.0,719.0
1589397.0,2.0,1.5002,2.677,-0.04673,0.7755,-2.38,0.1086,0.0,0.0,128.0,765.0
1589438.0,2.0,1.8392,7.047,-0.0162,0.7788,2.212,0.0532,0.0,0.0,128.0,750.0
1589479.0,2.0,2.1353,6.493,0.01594,0.7999,0.0,-0.2535,0.0,0.0,128.0,746.0
1589520.0,2.0,2.755,13.499,0.04819,0.7999,0.0,0.236,0.0,0.0,128.0,716.0
1589560.0,2.0,-3.0557,12.821,0.07845,0.7033,-3.24,0.0543,0.0,0.0,128.0,738.0
1589601.0,5.0,-2.436,11.074,0.10489,0.6093,-3.09,-0.3263,0.0,0.0,128.0,670.0
1589641.0,5.0,-1.7595,15.777,0.12503,0.3627,-9.09,-0.3263,0.0,0.0,128.0,689.0
1589681.0,5.0,-1.7411,4.388,0.13297,0.0693,-4.473,-0.3263,0.0,0.0,128.0,668.0
1589722.0,6.0,-1.7717,-0.231,0.13373,-0.0054,-1.214,-0.3263,0.0,0.0,128.0,723.0
1589762.0,6.0,-1.7549,0.446,0.13238,-0.0652,-1.5,-0.3263,0.0,0.0,128.0,707.0
1589802.0,2.0,-1.9558,-3.098,0.12863,-0.1369,-3.3,-0.212,0.0,0.0,128.0,735.0
1589842.0,2.0,-2.2826,-6.841,0.11914,-0.3919,-9.3,-0.2745,0.0,0.0,128.0,757.0
1589883.0,2.0,-3.0357,-15.239,0.0963,-0.7147,-5.059,0.4771,0.0,0.0,128.0,727.0
1589923.0,2.0,2.729,-15.269,0.06581,-0.7998,0.0,0.5845,0.0,0.0,128.0,737.0
1589963.0,2.0,2.2289,-13.907,0.03439,-0.7998,0.0,0.6541,0.0,0.0,128.0,726.0
1590004.0,2.0,1.8086,-10.106,0.0021,-0.7998,0.0,0.4142,0.0,0.0,128.0,701.0
1590044.0,2.0,1.5846,-7.173,-0.02936,-0.7967,0.9,0.3368,0.0,0.0,128.0,750.0
1590085.0,2.0,1.4895,-3.236,-0.05914,-0.6306,7.05,0.1699,0.0,0.0,128.0,750.0
1590126.0,2.0,1.3514,-3.124,-0.07744,-0.2482,10.0,0.2999,0.0,0.0,128.0,751.0
1590167.0,2.0,1.4803,1.68,-0.07984,0.111,6.168,0.1189,0.0,0.0,128.0,733.0
1590207.0,2.0,1.6552,3.718,-0.072,0.2942,5.995,0.0226,0.0,0.0,128.0,733.0
1590247.0,2.0,1.9896,7.615,-0.05445,0.6184,7.379,-0.0254,0.0,0.0,128.0,734.0
1590288.0,2.0,2.4053,9.605,-0.02524,0.793,1.27,-0.1556,0.0,0.0,128.0,717.0
1590328.0,2.0,3.0066,14.49,0.00619,0.7999,0.0,0.3486,0.0,0.0,128.0,747.0
1590368.0,2.0,-2.6737,15.031,0.03765,0.7998,-0.118,0.5072,0.0,0.0,128.0,747.0
1590409.0,2.0,-2.1813,12.472,0.06814,0.6803,-3.464,0.4139,0.0,0.0,128.0,739.0
1590450.0,2.0,-1.8208,8.979,0.09188,0.4685,-4.915,0.334,0.0,0.0,128.0,753.0
1590491.0,2.0,-1.4757,7.704,0.10706,0.2474,-8.065,0.5593,0.0,0.0,128.0,758.0
1590532.0,2.0,-1.4465,0.543,0.10946,-0.1511,-10.0,0.1915,0.0,0.0,128.0,730.0
1590572.0,2.0,-1.672,-4.903,0.09701,-0.4938,-9.573,0.0319,0.0,0.0,128.0,751.0
1590613.0,2.0,-1.7165,-1.867,0.0711,-0.7588,-3.511,-0.1176,0.0,0.0,128.0,709.0
1590653.0,2.0,-1.942,-3.932,0.03994,-0.7999,0.0,-0.2185,0.0,0.0,128.0,730.0
1590694.0,2.0,-2.6246,-13.699,0.00769,-0.7999,0.0,0.2873,0.0,0.0,128.0,723.0
1590734.0,2.0,3.0756,-13.07,-0.02381,-0.7999,0.0,0.0823,0.0,0.0,128.0,730.0
1590774.0,2.0,2.5848,-12.748,-0.05513,-0.7819,0.146,0.2155,0.0,0.0,128.0,761.0
1590816.0,5.0,2.1859,-9.305,-0.08756,-0.7693,1.96,0.0627,0.0,0.0,128.0,718.0
1590857.0,5.0,1.939,-6.784,-0.11539,-0.5598,8.11,0.0627,0.0,0.0,128.0,675.0
1590897.0,5.0,1.9773,-0.701,-0.1302,-0.1888,7.492,0.0627,0.0,0.0,128.0,668.0
1590938.0,5.0,1.9589,0.169,-0.13346,-0.0085,1.492,0.0627,0.0,0.0,128.0,667.0
1590978.0,6.0,1.9742,0.423,-0.13309,0.0355,1.5,0.0627,0.0,0.0,128.0,703.0
1591018.0,6.0,2.3869,7.696,-0.13058,0.0955,1.5,0.0627,0.0,0.0,128.0,708.0
1591058.0,2.0,2.8271,10.349,-0.12461,0.25,6.75,-0.2663,0.0,0.0,128.0,716.0
1591099.0,2.0,-3.002,11.422,-0.1077,0.6061,7.616,-0.17,0.0,0.0,128.0,725.0
1591140.0,2.0,-2.3639,15.512,-0.07871,0.7909,1.531,0.8416,0.0,0.0,128.0,743.0
1591180.0,2.0,-1.7089,14.71,-0.04781,0.7446,-2.54,1.3361,0.0,0.0,128.0,745.0
1591221.0,2.0,-1.2579,11.393,-0.01841,0.7419,1.226,1.1544,0.0,0.0,128.0,736.0
1591261.0,2.0,-0.9434,8.54,0.01196,0.7988,0.082,1.1029,0.0,0.0,128.0,710.0
1591302.0,2.0,-0.9756,0.603,0.04256,0.673,-6.068,0.6076,0.0,0.0,128.0,716.0
1591342.0,2.0,-1.1505,-4.2,0.0657,0.5259,-2.213,0.4875,0.0,0.0,128.0,737.0
1591383.0,2.0,-1.017,1.832,0.08467,0.3764,-6.362,0.5522,0.0,0.0,128.0,751.0
1591424.0,2.0,-1.152,-1.946,0.09352,0.0557,-6.212,0.4551,0.0,0.0,128.0,736.0
1591465.0,2.0,-1.4281,-6.27,0.09233,-0.093,-2.209,0.3751,0.0,0.0,128.0,729.0
1591505.0,2.0,-1.4711,-2.326,0.08749,-0.157,-2.069,0.0996,0.0,0.0,128.0,732.0
1591545.0,2.0,-1.9282,-8.745,0.07849,-0.3448,-7.587,0.1491,0.0,0.0,128.0,735.0
1591586.0,2.0,-2.9928,-21.628,0.05801,-0.6545,-5.037,1.9718,0.0,0.0,128.0,719.0
1591626.0,2.0,2.7918,-16.418,0.02992,-0.7366,-0.36,0.808,0.0,0.0,128.0,728.0
1591666.0,2.0,1.985,-18.378,-4e-05,-0.7641,1.608,1.7828,0.0,0.0,128.0,729.0
1591706.0,2.0,1.5493,-13.133,-0.02831,-0.664,2.961,1.1337,0.0,0.0,128.0,741.0
1591746.0,2.0,1.1796,-9.841,-0.05254,-0.55,4.612,1.0237,0.0,0.0,128.0,744.0
1591787.0,2.0,0.836,-6.931,-0.06971,-0.2624,7.886,0.893,0.0,0.0,128.0,743.0
1591828.0,2.0,0.4234,-9.273,-0.07564,-0.068,2.036,1.4925,0.0,0.0,128.0,722.0
1591868.0,2.0,0.2316,-4.876,-0.07534,0.1122,4.863,1.1187,0.0,0.0,128.0,716.0
1591909.0,2.0,-0.1227,-8.019,-0.06791,0.2381,1.77,1.3988,0.0,0.0,128.0,710.0
1591949.0,2.0,-0.5722,-10.73,-0.05745,0.2769,-0.556,1.5746,0.0,0.0,128.0,729.0
1591989.0,2.0,-0.905,-8.794,-0.04744,0.2456,1.267,1.0627,0.0,0.0,128.0,709.0
1592030.0,2.0,-1.1167,-6.404,-0.03491,0.4055,4.433,0.6948,0.0,0.0,128.0,727.0
1592070.0,2.0,-1.9972,-18.515,-0.01627,0.5269,3.258,1.8112,0.0,0.0,128.0,729.0
1592111.0,2.0,-2.64,-17.614,0.00848,0.6844,1.608,1.0705,0.0,0.0,128.0,731.0
1592152.0,2.0,2.5464,-24.061,0.03731,0.7703,2.958,2.8506,0.0,0.0,128.0,716.0
1592192.0,2.0,2.0923,-15.61,0.06836,0.7656,-3.042,1.1119,0.0,0.0,128.0,766.0
1592233.0,2.0,1.5555,-12.899,0.09518,0.5147,-8.818,1.1015,0.0,0.0,128.0,766.0
1592274.0,2.0,1.2364,-8.983,0.10916,0.1751,-8.005,0.8632,0.0,0.0,128.0,751.0
1592314.0,2.0,1.0477,-5.587,0.11033,-0.114,-6.346,0.7169,0.0,0.0,128.0,722.0
1592355.0,2.0,0.9587,-2.556,0.10118,-0.3303,-4.362,0.615,0.0,0.0,128.0,737.0
1592395.0,2.0,0.9265,-1.405,0.08509,-0.479,-2.861,0.6256,0.0,0.0,128.0,723.0
1592436.0,2.0,1.2778,6.521,0.06266,-0.6715,-5.98,0.5648,0.0,0.0,128.0,737.0
1592476.0,2.0,1.5815,7.249,0.03293,-0.7987,-0.539,0.3189,0.0,0.0,128.0,766.0
1592517.0,2.0,2.1859,12.78,0.00199,-0.6916,5.611,0.4525,0.0,0.0,128.0,760.0
1592558.0,2.0,2.7105,13.135,-0.02081,-0.4207,7.951,0.161,0.0,0.0,128.0,739.0
1592598.0,2.0,-2.5065,22.745,-0.03094,-0.1112,5.229,2.4235,0.0,0.0,128.0,750.0
1592639.0,2.0,-1.6613,22.32,-0.03293,-0.0259,-0.921,3.1434,0.0,0.0,128.0,741.0
1592680.0,2.0,-0.9741,17.432,-0.03304,0.0655,5.229,2.5123,0.0,0.0,128.0,728.0
1592720.0,2.0,-0.6151,11.601,-0.02497,0.3749,7.8,1.7063,0.0,0.0,128.0,721.0
1592760.0,2.0,-0.4096,5.988,-0.00581,0.5639,1.8,1.15,0.0,0.0,128.0,714.0
1592800.0,2.0,-0.2608,3.783,0.01639,0.5346,-1.976,1.051,0.0,0.0,128.0,751.0
1592841.0,3.0,-0.1856,3.853,0.03589,0.4201,-2.084,1.0804,0.0,0.0,128.0,731.0
1592881.0,3.0,0.2669,9.482,0.05243,0.4597,3.916,1.5328,0.0,0.0,128.0,674.0
1592921.0,5.0,0.721,11.058,0.07448,0.6493,2.716,1.5837,0.0,0.0,128.0,687.0
1592962.0,5.0,0.9235,6.133,0.10061,0.635,-3.284,1.5837,0.0,0.0,128.0,695.0
1593002.0,5.0,1.4174,9.928,0.12195,0.3712,-9.434,1.5837,0.0,0.0,128.0,679.0
1593043.0,5.0,1.988,13.214,0.13013,0.0726,-4.58,1.5837,0.0,0.0,128.0,672.0
1593083.0,6.0,2.5449,14.962,0.13095,-0.0041,-1.05,1.5837,0.0,0.0,128.0,722.0
1593125.0,2.0,-3.0465,14.986,0.12953,-0.072,-2.7,0.4266,0.0,0.0,128.0,749.0
1593165.0,2.0,-1.8577,24.919,0.12308,-0.303,-8.7,3.6292,0.0,0.0,128.0,737.0
1593205.0,2.0,-1.5923,10.624,0.10399,-0.6557,-6.553,0.6981,0.0,0.0,128.0,753.0
1593246.0,2.0,-1.2701,8.222,0.07399,-0.7979,-0.74,0.7762,0.0,0.0,128.0,723.0
1593287.0,2.0,-1.106,4.773,0.0417,-0.7998,0.0,0.6124,0.0,0.0,128.0,705.0
1593327.0,2.0,-1.1582,0.073,0.01016,-0.7997,0.087,0.4145,0.0,0.0,128.0,773.0
1593368.0,2.0,-1.3146,-3.533,-0.02033,-0.667,6.237,0.3203,0.0,0.0,128.0,723.0
1593408.0,2.0,-1.2732,0.652,-0.04054,-0.3461,6.836,0.3058,0.0,0.0,128.0,743.0
1593448.0,2.0,-1.4772,-2.744,-0.04864,-0.0362,9.773,0.2009,0.0,0.0,128.0,756.0
1593489.0,2.0,-2.0693,-12.221,-0.04328,0.2726,4.566,0.4346,0.0,0.0,128.0,720.0
1593529.0,2.0,-2.729,-15.279,-0.0306,0.3322,-1.434,0.5604,0.0,0.0,128.0,730.0
1593570.0,2.0,2.9238,-17.321,-0.01886,0.2715,0.622,0.9491,0.0,0.0,128.0,712.0
1593610.0,2.0,2.4912,-10.818,-0.00893,0.2104,-3.329,-0.028,0.0,0.0,128.0,715.0
1593650.0,2.0,1.9635,-11.091,-0.0039,0.0415,-4.601,0.3974,0.0,0.0,128.0,758.0
1593691.0,2.0,1.6981,-7.886,-0.00607,-0.1692,-4.965,0.2774,0.0,0.0,128.0,745.0
1593732.0,2.0,1.5048,-5.606,-0.01598,-0.2866,0.007,0.3115,0.0,0.0,128.0,765.0
1593772.0,2.0,1.4496,-1.858,-0.02569,-0.1634,6.007,0.1746,0.0,0.0,128.0,766.0
1593812.0,2.0,1.4082,-1.361,-0.02753,0.084,7.525,0.1959,0.0,0.0,128.0,731.0
1593853.0,2.0,1.5861,3.66,-0.01976,0.2714,3.419,0.056,0.0,0.0,128.0,734.0
1593893.0,2.0,1.7948,4.687,-0.00495,0.5248,8.054,-0.0865,0.0,0.0,128.0,742.0
1593934.0,2.0,2.2181,9.248,0.02175,0.7679,3.08,-0.0616,0.0,0.0,128.0,722.0
1593975.0,2.0,2.6338,10.412,0.05378,0.7999,0.0,-0.1891,0.0,0.0,128.0,720.0
1594015.0,2.0,-2.89,15.579,0.08494,0.7544,-3.323,0.5528,0.0,0.0,128.0,768.0
1594056.0,2.0,-2.1169,19.021,0.11126,0.5205,-7.373,1.7382,0.0,0.0,128.0,742.0
1594096.0,2.0,-1.9067,9.391,0.12521,0.1926,-6.173,0.2284,0.0,0.0,128.0,767.0
1594137.0,2.0,-1.7487,4.689,0.12937,0.0376,-2.144,-0.0363,0.0,0.0,128.0,753.0
1594178.0,2.0,-1.7181,1.29,0.12896,-0.0692,-3.544,-0.1341,0.0,0.0,128.0,735.0
1594218.0,2.0,-1.8423,-1.986,0.12248,-0.3053,-8.778,-0.2229,0.0,0.0,128.0,749.0
1594258.0,2.0,-2.0371,-4.921,0.10331,-0.658,-6.525,-0.3198,0.0,0.0,128.0,752.0
1594299.0,2.0,-2.505,-13.656,0.07324,-0.798,-0.699,0.3007,0.0,0.0,128.0,724.0
1594339.0,2.0,-2.9667,-8.721,0.04174,-0.7998,0.0,-0.497,0.0,0.0,128.0,731.0
1594379.0,2.0,2.6139,-17.356,0.01031,-0.7828,1.908,1.1111,0.0,0.0,128.0,759.0
1594420.0,2.0,2.3209,-6.968,-0.02126,-0.7995,-0.042,-0.3746,0.0,0.0,128.0,715.0
1594460.0,2.0,2.0264,-6.947,-0.0528,-0.7999,0.0,-0.1375,0.0,0.0,128.0,751.0
1594501.0,5.0,1.8009,-5.56,-0.08498,-0.7865,1.82,0.0495,0.0,0.0,128.0,689.0
1594541.0,5.0,1.8316,-0.759,-0.11303,-0.5907,7.82,0.0495,0.0,0.0,128.0,676.0
1594581.0,5.0,1.9804,2.771,-0.12915,-0.2145,7.994,0.0495,0.0,0.0,128.0,688.0
1594621.0,5.0,2.1951,4.811,-0.13305,-0.0161,2.152,0.0495,0.0,0.0,128.0,682.0
1594661.0,6.0,2.4927,7.084,-0.13286,0.0297,1.5,0.0495,0.0,0.0,128.0,723.0
1594702.0,6.0,2.9836,11.658,-0.13043,0.0912,1.5,0.0495,0.0,0.0,128.0,715.0
1594742.0,2.0,-2.7305,13.184,-0.12458,0.2511,6.9,0.167,0.0,0.0,128.0,683.0
1594782.0,2.0,-1.8669,20.075,-0.1089,0.5283,4.5,2.2821,0.0,0.0,128.0,712.0
1594822.0,2.0,-1.672,7.476,-0.0855,0.6759,5.585,0.3144,0.0,0.0,128.0,739.0
1594862.0,2.0,-1.2947,7.451,-0.05576,0.7988,0.327,0.6581,0.0,0.0,128.0,724.0
1594903.0,2.0,-0.9495,7.488,-0.02351,0.7999,0.111,0.9787,0.0,0.0,128.0,720.0
1594943.0,2.0,-0.8912,2.288,0.0069,0.718,-4.431,0.6957,0.0,0.0,128.0,747.0
1594983.0,2.0,-1.2072,-6.022,0.03214,0.595,-0.581,0.6024,0.0,0.0,128.0,754.0
1595023.0,2.0,-1.0937,0.345,0.05524,0.5762,-1.499,0.4176,0.0,0.0,128.0,774.0
1595064.0,2.0,-1.2149,-1.672,0.07601,0.4482,-1.965,0.3695,0.0,0.0,128.0,746.0
1595104.0,2.0,-1.5417,-6.797,0.09195,0.3526,-3.105,0.3433,0.0,0.0,128.0,745.0
1595144.0,2.0,-2.011,-10.821,0.10189,0.1054,-9.105,0.399,0.0,0.0,128.0,745.0
1595185.0,2.0,-2.8624,-19.238,0.09922,-0.2079,-4.75,1.3645,0.0,0.0,128.0,731.0
1595225.0,2.0,2.5817,-19.91,0.08685,-0.4064,-2.761,1.6491,0.0,0.0,128.0,738.0
1595266.0,2.0,1.9804,-15.902,0.06956,-0.4418,-1.659,1.2253,0.0,0.0,128.0,729.0
1595307.0,2.0,1.4235,-13.995,0.05033,-0.5266,-3.866,1.4085,0.0,0.0,128.0,738.0
1595347.0,2.0,1.0738,-9.918,0.02625,-0.677,-1.708,1.1199,0.0,0.0,128.0,723.0
1595387.0,2.0,0.813,-7.058,-0.0012,-0.694,1.333,1.0191,0.0,0.0,128.0,725.0
1595427.0,2.0,0.2056,-14.007,-0.02794,-0.6948,-2.693,2.2217,0.0,0.0,128.0,712.0
1595467.0,2.0,0.1549,-4.313,-0.0576,-0.7835,0.387,1.1123,0.0,0.0,128.0,789.0
1595508.0,5.0,0.1258,-0.861,-0.08801,-0.7303,1.437,0.9952,0.0,0.0,128.0,675.0
1595548.0,5.0,-0.0077,-2.775,-0.11419,-0.5498,7.437,0.9952,0.0,0.0,128.0,679.0
1595588.0,5.0,-0.4403,-8.379,-0.129,-0.192,7.588,0.9952,0.0,0.0,128.0,666.0
1595629.0,5.0,-0.4801,-2.386,-0.13234,-0.0089,1.596,0.9952,0.0,0.0,128.0,668.0
1595669.0,6.0,-0.7118,-4.784,-0.132,0.0342,1.5,0.9952,0.0,0.0,128.0,717.0
1595711.0,2.0,-1.2395,-11.489,-0.12934,0.1026,2.7,1.1901,0.0,0.0,128.0,723.0
1595751.0,2.0,-1.85,-14.314,-0.12165,0.3336,8.7,1.0497,0.0,0.0,128.0,731.0
1595792.0,2.0,-2.8118,-22.68,-0.10106,0.6724,6.184,2.3095,0.0,0.0,128.0,717.0
1595832.0,2.0,2.6891,-20.966,-0.07136,0.7989,0.526,1.8898,0.0,0.0,128.0,702.0
1595873.0,2.0,2.1506,-15.337,-0.03908,0.7981,0.456,0.9571,0.0,0.0,128.0,701.0
1595913.0,2.0,1.7856,-10.775,-0.00848,0.72,-4.387,0.548,0.0,0.0,128.0,746.0
1595954.0,2.0,1.4726,-8.098,0.01781,0.6152,0.216,0.5461,0.0,0.0,128.0,722.0
1595994.0,2.0,1.2993,-5.246,0.04264,0.6341,-0.423,0.4679,0.0,0.0,128.0,761.0
1596034.0,2.0,1.106,-5.02,0.06694,0.5774,-3.378,0.6077,0.0,0.0,128.0,765.0
1596075.0,2.0,1.2456,1.133,0.08741,0.43,-4.498,0.3849,0.0,0.0,128.0,752.0
1596116.0,2.0,1.4465,4.932,0.09949,0.1182,-10.0,0.2821,0.0,0.0,128.0,752.0
1596157.0,2.0,1.7932,7.932,0.09634,-0.2689,-7.45,0.2159,0.0,0.0,128.0,734.0
1596197.0,2.0,2.1905,10.455,0.0816,-0.4439,-1.45,0.0806,0.0,0.0,128.0,750.0
1596237.0,2.0,2.686,11.187,0.06461,-0.3792,4.262,-0.083,0.0,0.0,128.0,757.0
1596278.0,2.0,-2.778,19.169,0.05126,-0.3082,-0.326,1.392,0.0,0.0,128.0,746.0
1596318.0,2.0,-2.1292,18.575,0.03758,-0.4229,-5.544,1.7422,0.0,0.0,128.0,726.0
1596358.0,2.0,-1.6276,12.808,0.01564,-0.6941,-5.245,1.1136,0.0,0.0,128.0,751.0
1596399.0,2.0,-1.379,6.959,-0.01433,-0.7992,-0.254,0.5159,0.0,0.0,128.0,734.0
1596439.0,2.0,-1.2349,4.383,-0.04658,-0.79,1.07,0.4702,0.0,0.0,128.0,709.0
1596479.0,2.0,-1.2103,1.244,-0.07669,-0.7251,2.565,0.3543,0.0,0.0,128.0,769.0
1596520.0,2.0,-1.2609,-0.286,-0.10253,-0.5101,8.215,0.2983,0.0,0.0,128.0,755.0
1596561.0,2.0,-1.4757,-5.233,-0.11543,-0.1098,10.0,0.2048,0.0,0.0,128.0,738.0
1596601.0,2.0,-1.7794,-6.275,-0.11216,0.2766,8.05,0.1115,0.0,0.0,128.0,731.0
1596642.0,2.0,-2.258,-10.126,-0.09611,0.4882,2.385,-0.024,0.0,0.0,128.0,732.0
1596682.0,2.0,-3.0357,-17.056,-0.07624,0.523,2.358,0.8426,0.0,0.0,128.0,721.0
1596722.0,2.0,2.7964,-12.683,-0.05449,0.5433,-2.366,0.0746,0.0,0.0,128.0,757.0
1596763.0,2.0,2.4022,-10.946,-0.03589,0.3556,-5.507,0.043,0.0,0.0,128.0,757.0
1596804.0,2.0,2.0264,-9.135,-0.02591,0.1295,-5.386,0.1014,0.0,0.0,128.0,750.0
1596845.0,2.0,1.7748,-7.209,-0.02479,-0.0731,-4.55,0.1662,0.0,0.0,128.0,723.0
1596885.0,2.0,1.6199,-4.244,-0.03135,-0.255,-3.014,0.0709,0.0,0.0,128.0,737.0
1596925.0,2.0,1.5877,-1.579,-0.04211,-0.2526,2.986,0.0188,0.0,0.0,128.0,750.0
1596965.0,2.0,1.6337,0.938,-0.04886,-0.0548,7.289,-0.079,0.0,0.0,128.0,756.0
1597006.0,2.0,1.8853,4.545,-0.04436,0.3141,10.0,-0.1639,0.0,0.0,128.0,732.0
1597046.0,2.0,2.2273,7.66,-0.02475,0.6666,6.327,-0.2288,0.0,0.0,128.0,736.0
1597086.0,2.0,2.5587,8.111,0.0048,0.7982,0.66,-0.4086,0.0,0.0,128.0,750.0
1597127.0,2.0,-2.9452,16.457,0.03701,0.7905,-1.606,0.7288,0.0,0.0,128.0,767.0
1597168.0,2.0,-2.5694,10.976,0.06645,0.6468,-3.134,-0.031,0.0,0.0,128.0,750.0
1597208.0,2.0,-1.8899,14.353,0.09037,0.5544,-4.334,0.9858,0.0,0.0,128.0,760.0
1597249.0,2.0,-1.5355,8.655,0.10841,0.3235,-7.184,0.5669,0.0,0.0,128.0,736.0
1597290.0,2.0,-1.6199,-0.723,0.1143,-0.0578,-9.365,-0.0092,0.0,0.0,128.0,735.0
1597331.0,2.0,-1.6705,-1.613,0.10399,-0.4667,-9.85,-0.1063,0.0,0.0,128.0,749.0
1597372.0,2.0,-1.7441,-1.867,0.07883,-0.7482,-3.938,-0.158,0.0,0.0,128.0,728.0
1597412.0,2.0,-1.9144,-6.833,0.04785,-0.7999,0.0,-0.0696,0.0,0.0,128.0,749.0
1597452.0,2.0,-2.6906,-18.18,0.01635,-0.7931,1.35,1.1703,0.0,0.0,128.0,754.0
1597493.0,2.0,3.137,-13.384,-0.01568,-0.7999,0.0,0.1333,0.0,0.0,128.0,731.0
1597533.0,2.0,2.594,-12.712,-0.04714,-0.7999,0.0,0.1454,0.0,0.0,128.0,732.0
1597574.0,5.0,2.3163,-8.478,-0.078,-0.7728,0.15,-0.1904,0.0,0.0,128.0,687.0
1597614.0,5.0,2.0325,-6.988,-0.10744,-0.6375,6.3,-0.1904,0.0,0.0,128.0,676.0
1597654.0,5.0,1.9512,-3.179,-0.12623,-0.2805,9.161,-0.1904,0.0,0.0,128.0,668.0
1597695.0,5.0,2.0157,0.435,-0.13185,-0.0336,3.167,-0.1904,0.0,0.0,128.0,680.0
1597735.0,6.0,2.1169,2.263,-0.13204,0.019,1.5,-0.1904,0.0,0.0,128.0,725.0
1597776.0,6.0,2.3976,6.342,-0.13009,0.0805,1.5,-0.1904,0.0,0.0,128.0,695.0
1597816.0,2.0,2.8133,9.75,-0.1242,0.2635,7.5,-0.3408,0.0,0.0,128.0,729.0
1597857.0,2.0,-2.9544,11.301,-0.10639,0.6261,7.22,-0.181,0.0,0.0,128.0,724.0
1597897.0,2.0,-2.3056,15.787,-0.07774,0.7937,1.331,0.9508,0.0,0.0,128.0,726.0
1597938.0,2.0,-1.491,18.817,-0.04575,0.7787,-0.45,2.3523,0.0,0.0,128.0,736.0
1597978.0,2.0,-1.2778,7.936,-0.01463,0.7856,-1.95,0.6715,0.0,0.0,128.0,752.0
1598019.0,2.0,-0.9833,6.419,0.01609,0.734,-2.745,0.8275,0.0,0.0,128.0,759.0
1598060.0,2.0,-0.9725,1.51,0.04226,0.5264,-7.433,0.6269,0.0,0.0,128.0,723.0
1598100.0,2.0,-1.129,-3.631,0.05839,0.3254,-2.117,0.4808,0.0,0.0,128.0,756.0
1598141.0,2.0,-0.9572,2.643,0.06986,0.2061,-5.646,0.6277,0.0,0.0,128.0,735.0
1598181.0,2.0,-1.0431,-1.029,0.07234,-0.0971,-6.561,0.5244,0.0,0.0,128.0,744.0
1598222.0,0.0,-1.3039,-5.33,0.06743,0.0,0.0,0.4792,0.0,0.0,128.0,531.0
1598262.0,0.0,-1.2793,0.394,0.06743,0.0,0.0,0.4792,0.0,0.0,128.0,557.0
1598302.0,0.0,-1.942,-14.053,0.06743,0.0,0.0,0.4792,0.0,0.0,128.0,549.0
1598342.0,0.0,-2.5326,-17.822,0.06743,0.0,0.0,0.4792,0.0,0.0,128.0,556.0
1598383.0,0.0,3.0741,-16.502,0.06743,0.0,0.0,0.4792,0.0,0.0,128.0,556.0
1598423.0,0.0,2.3961,-15.939,0.06743,0.0,0.0,0.4792,0.0,0.0,128.0,557.0
1598463.0,0.0,1.9466,-11.746,0.06743,0.0,0.0,0.4792,0.0,0.0,128.0,555.0
1598503.0,0.0,1.6214,-8.901,0.06743,0.0,0.0,0.4792,0.0,0.0,128.0,556.0
1598544.0,0.0,1.4235,-5.607,0.06743,0.0,0.0,0.4792,0.0,0.0,128.0,549.0
1598584.0,0.0,1.3606,-2.113,0.06743,0.0,0.0,0.4792,0.0,0.0,128.0,564.0
1598624.0,0.0,1.2824,-1.794,0.06743,0.0,0.0,0.4792,0.0,0.0,128.0,543.0
1598665.0,0.0,1.4818,3.626,0.06743,0.0,0.0,0.4792,0.0,0.0,128.0,549.0
1598705.0,0.0,1.6567,4.301,0.06743,0.0,0.0,0.4792,0.0,0.0,128.0,556.0
1598745.0,0.0,2.1353,10.072,0.06743,0.0,0.0,0.4792,0.0,0.0,128.0,557.0
1598785.0,0.0,2.5157,10.209,0.06743,0.0,0.0,0.4792,0.0,0.0,128.0,556.0
1598825.0,0.0,-3.0971,14.277,0.06743,0.0,0.0,0.4792,0.0,0.0,128.0,557.0
1598866.0,0.0,-2.4605,17.245,0.06743,0.0,0.0,0.4792,0.0,0.0,128.0,550.0
1598906.0,0.0,-1.7886,16.397,0.06743,0.0,0.0,0.4792,0.0,0.0,128.0,556.0
1598946.0,0.0,-1.5539,6.684,0.06743,0.0,0.0,0.4792,0.0,0.0,128.0,550.0
1598986.0,0.0,-1.287,6.001,0.06743,0.0,0.0,0.4792,0.0,0.0,128.0,557.0
1599027.0,0.0,-1.2026,3.203,0.06743,0.0,0.0,0.4792,0.0,0.0,128.0,558.0
1599067.0,0.0,-1.2977,-1.146,0.06743,0.0,0.0,0.4792,0.0,0.0,128.0,549.0
1599107.0,0.0,-1.5002,-4.317,0.06743,0.0,0.0,0.4792,0.0,0.0,128.0,550.0
1599148.0,0.0,-1.5693,-2.442,0.06743,0.0,0.0,0.4792,0.0,0.0,128.0,556.0
1599188.0,0.0,-1.9466,-6.454,0.06743,0.0,0.0,0.4792,0.0,0.0,128.0,556.0
1599228.0,0.0,-2.6983,-17.176,0.06743,0.0,0.0,0.4792,0.0,0.0,128.0,556.0
1599269.0,0.0,2.9161,-16.108,0.06743,0.0,0.0,0.4792,0.0,0.0,128.0,556.0
1599309.0,0.0,2.439,-13.043,0.06743,0.0,0.0,0.4792,0.0,0.0,128.0,557.0
1599349.0,0.0,2.12,-7.824,0.06743,0.0,0.0,0.4792,0.0,0.0,128.0,557.0
1599390.0,0.0,1.8086,-7.546,0.06743,0.0,0.0,0.4792,0.0,0.0,128.0,557.0
1599430.0,0.0,1.6122,-5.481,0.06743,0.0,0.0,0.4792,0.0,0.0,128.0,571.0
1599470.0,0.0,1.6122,-1.211,0.06743,0.0,0.0,0.4792,0.0,0.0,128.0,551.0
1599510.0,0.0,1.7104,1.841,0.06743,0.0,0.0,0.4792,0.0,0.0,128.0,558.0
1599551.0,0.0,1.9589,5.238,0.06743,0.0,0.0,0.4792,0.0,0.0,128.0,555.0
1599591.0,0.0,2.2718,7.22,0.06743,0.0,0.0,0.4792,0.0,0.0,128.0,556.0
1599631.0,0.0,2.6676,9.816,0.06743,0.0,0.0,0.4792,0.0,0.0,128.0,557.0
1599671.0,0.0,-3.1309,12.11,0.06743,0.0,0.0,0.4792,0.0,0.0,128.0,550.0
1599711.0,0.0,-2.6768,11.01,0.06743,0.0,0.0,0.4792,0.0,0.0,128.0,557.0
1599752.0,0.0,-2.0893,13.76,0.06743,0.0,0.0,0.4792,0.0,0.0,128.0,556.0
1599792.0,0.0,-1.7242,12.843,0.06743,0.0,0.0,0.4792,0.0,0.0,128.0,550.0
1599832.0,0.0,-1.5309,4.991,0.06743,0.0,0.0,0.4792,0.0,0.0,128.0,558.0
1599873.0,0.0,-1.5202,1.297,0.06743,0.0,0.0,0.4792,0.0,0.0,128.0,557.0
1599913.0,0.0,-1.511,0.271,0.06743,0.0,0.0,0.4792,0.0,0.0,128.0,543.0
1599953.0,0.0,-1.6812,-3.328,0.06743,0.0,0.0,0.4792,0.0,0.0,128.0,555.0
1599994.0,0.0,-1.873,-2.955,0.06743,0.0,0.0,0.4792,0.0,0.0,128.0,549.0
1600034.0,0.0,-2.6891,-16.931,0.06743,0.0,0.0,0.4792,0.0,0.0,128.0,556.0
1600074.0,0.0,-3.1048,-11.167,0.06743,0.0,0.0,0.4792,0.0,0.0,128.0,558.0
1600114.0,0.0,2.6814,-11.544,0.06743,0.0,0.0,0.4792,0.0,0.0,128.0,557.0
1600154.0,0.0,2.3178,-8.905,0.06743,0.0,0.0,0.4792,0.0,0.0,128.0,556.0
1600195.0,0.0,1.9819,-8.408,0.06743,0.0,0.0,0.4792,0.0,0.0,128.0,556.0
1600235.0,0.0,1.8914,-3.764,0.06743,0.0,0.0,0.4792,0.0,0.0,128.0,557.0
1600275.0,0.0,1.85,-1.546,0.06743,0.0,0.0,0.4792,0.0,0.0,128.0,557.0
1600315.0,0.0,1.9359,1.349,0.06743,0.0,0.0,0.4792,0.0,0.0,128.0,555.0
1600356.0,0.0,2.1322,4.188,0.06743,0.0,0.0,0.4792,0.0,0.0,128.0,550.0
1600396.0,0.0,2.4037,6.539,0.06743,0.0,0.0,0.4792,0.0,0.0,128.0,556.0
1600436.0,0.0,2.7213,7.859,0.06743,0.0,0.0,0.4792,0.0,0.0,128.0,556.0
1600476.0,0.0,-2.867,15.896,0.06743,0.0,0.0,0.4792,0.0,0.0,128.0,558.0
1600516.0,0.0,-2.5786,11.475,0.06743,0.0,0.0,0.4792,0.0,0.0,128.0,559.0
1600556.0,0.0,-1.9727,13.931,0.06743,0.0,0.0,0.4792,0.0,0.0,128.0,571.0
1600596.0,0.0,-1.9083,3.804,0.06743,0.0,0.0,0.4792,0.0,0.0,128.0,555.0
1600637.0,0.0,-1.7119,3.578,0.06743,0.0,0.0,0.4792,0.0,0.0,128.0,549.0
1600677.0,0.0,-1.6705,0.871,0.06743,0.0,0.0,0.4792,0.0,0.0,128.0,570.0
1600717.0,0.0,-1.827,-2.858,0.06743,0.0,0.0,0.4792,0.0,0.0,128.0,555.0
1600758.0,0.0,-2.0663,-5.61,0.06743,0.0,0.0,0.4792,0.0,0.0,128.0,557.0
1600798.0,0.0,-2.485,-9.478,0.06743,0.0,0.0,0.4792,0.0,0.0,128.0,557.0
1600838.0,0.0,-2.9161,-10.279,0.06743,0.0,0.0,0.4792,0.0,0.0,128.0,556.0
1600879.0,0.0,2.9054,-12.377,0.06743,0.0,0.0,0.4792,0.0,0.0,128.0,550.0
1600919.0,0.0,2.594,-8.437,0.06743,0.0,0.0,0.4792,0.0,0.0,128.0,571.0
1600959.0,0.0,2.2074,-8.092,0.06743,0.0,0.0,0.4792,0.0,0.0,128.0,556.0
1601000.0,0.0,2.077,-4.431,0.06743,0.0,0.0,0.4792,0.0,0.0,128.0,556.0
1601040.0,0.0,2.0172,-2.009,0.06743,0.0,0.0,0.4792,0.0,0.0,128.0,557.0
1601080.0,0.0,2.0601,0.515,0.06743,0.0,0.0,0.4792,0.0,0.0,128.0,557.0
1601121.0,0.0,2.2089,3.08,0.06743,0.0,0.0,0.4792,0.0,0.0,128.0,556.0
1601161.0,0.0,2.4728,5.856,0.06743,0.0,0.0,0.4792,0.0,0.0,128.0,556.0
1601201.0,0.0,2.7213,4.975,0.06743,0.0,0.0,0.4792,0.0,0.0,128.0,557.0
1601241.0,0.0,-2.9989,12.357,0.06743,0.0,0.0,0.4792,0.0,0.0,128.0,564.0
1601282.0,0.0,-2.551,10.56,0.06743,0.0,0.0,0.4792,0.0,0.0,128.0,557.0
1601322.0,0.0,-2.4789,3.626,0.06743,0.0,0.0,0.4792,0.0,0.0,128.0,564.0
1601362.0,0.0,-1.8178,12.392,0.06743,0.0,0.0,0.4792,0.0,0.0,128.0,550.0
1601402.0,0.0,-1.8868,0.783,0.06743,0.0,0.0,0.4792,0.0,0.0,128.0,555.0
1601443.0,0.0,-1.8239,0.061,0.06743,0.0,0.0,0.4792,0.0,0.0,128.0,549.0
1601483.0,0.0,-1.9267,-2.08,0.06743,0.0,0.0,0.4792,0.0,0.0,128.0,570.0
1601523.0,0.0,-2.1092,-4.171,0.06743,0.0,0.0,0.4792,0.0,0.0,128.0,550.0
1601564.0,0.0,-2.5602,-9.457,0.06743,0.0,0.0,0.4792,0.0,0.0,128.0,557.0
1601604.0,0.0,-2.9637,-10.44,0.06743,0.0,0.0,0.4792,0.0,0.0,128.0,552.0
1601644.0,0.0,2.8916,-10.214,0.06743,0.0,0.0,0.4792,0.0,0.0,128.0,571.0
1601684.0,0.0,2.5848,-8.484,0.06743,0.0,0.0,0.4792,0.0,0.0,128.0,550.0
1601725.0,0.0,2.3102,-6.491,0.06743,0.0,0.0,0.4792,0.0,0.0,128.0,551.0
1601765.0,0.0,2.1675,-3.318,0.06743,0.0,0.0,0.4792,0.0,0.0,128.0,571.0
1601805.0,0.0,2.1506,-1.054,0.06743,0.0,0.0,0.4792,0.0,0.0,128.0,557.0
1601846.0,0.0,2.2151,1.054,0.06743,0.0,0.0,0.4792,0.0,0.0,128.0,556.0
1601886.0,0.0,2.3777,3.486,0.06743,0.0,0.0,0.4792,0.0,0.0,128.0,557.0
1601926.0,0.0,2.6354,5.753,0.06743,0.0,0.0,0.4792,0.0,0.0,128.0,556.0
1601967.0,0.0,2.9146,6.318,0.06743,0.0,0.0,0.4792,0.0,0.0,128.0,551.0
1602007.0,0.0,-2.8348,12.075,0.06743,0.0,0.0,0.4792,0.0,0.0,128.0,552.0
1602047.0,0.0,-2.4605,9.609,0.06743,0.0,0.0,0.4792,0.0,0.0,128.0,571.0
1602087.0,0.0,-2.439,2.205,0.06743,0.0,0.0,0.4792,0.0,0.0,128.0,550.0
1602128.0,0.0,-2.0617,6.854,0.06743,0.0,0.0,0.4792,0.0,0.0,128.0,556.0
1602168.0,0.0,-1.8837,4.585,0.06743,0.0,0.0,0.4792,0.0,0.0,128.0,556.0
1602208.0,0.0,-2.0218,-1.469,0.06743,0.0,0.0,0.4792,0.0,0.0,128.0,551.0
1602249.0,0.0,-2.2289,-4.839,0.06743,0.0,0.0,0.4792,0.0,0.0,128.0,556.0
1602289.0,0.0,-2.4206,-4.798,0.06743,0.0,0.0,0.4792,0.0,0.0,128.0,558.0
1602329.0,0.0,-2.8118,-8.828,0.06743,0.0,0.0,0.4792,0.0,0.0,128.0,557.0
1602369.0,0.0,3.117,-9.047,0.06743,0.0,0.0,0.4792,0.0,0.0,128.0,556.0
1602409.0,0.0,2.7182,-9.59,0.06743,0.0,0.0,0.4792,0.0,0.0,128.0,556.0
1602450.0,0.0,2.4927,-6.059,0.06743,0.0,0.0,0.4792,0.0,0.0,128.0,556.0
1602490.0,0.0,2.3194,-4.466,0.06743,0.0,0.0,0.4792,0.0,0.0,128.0,557.0
1602530.0,0.0,2.2826,-1.866,0.06743,0.0,0.0,0.4792,0.0,0.0,128.0,552.0
1602570.0,0.0,2.2964,-0.041,0.06743,0.0,0.0,0.4792,0.0,0.0,128.0,564.0
1602611.0,0.0,2.4007,2.052,0.06743,0.0,0.0,0.4792,0.0,0.0,128.0,565.0
1602651.0,0.0,2.5894,4.236,0.06743,0.0,0.0,0.4792,0.0,0.0,128.0,557.0
1602691.0,0.0,2.775,3.674,0.06743,0.0,0.0,0.4792,0.0,0.0,128.0,556.0
1602731.0,0.0,-3.0388,10.353,0.06743,0.0,0.0,0.4792,0.0,0.0,128.0,551.0
1602771.0,0.0,-2.6814,9.303,0.06743,0.0,0.0,0.4792,0.0,0.0,128.0,558.0
1602812.0,0.0,-2.6661,2.384,0.06743,0.0,0.0,0.4792,0.0,0.0,128.0,550.0
1602852.0,0.0,-2.1783,8.958,0.06743,0.0,0.0,0.4792,0.0,0.0,128.0,557.0
1602892.0,0.0,-2.1568,1.494,0.06743,0.0,0.0,0.4792,0.0,0.0,128.0,556.0
1602932.0,0.0,-2.1368,-0.389,0.06743,0.0,0.0,0.4792,0.0,0.0,128.0,556.0
1602973.0,0.0,-2.2795,-2.831,0.06743,0.0,0.0,0.4792,0.0,0.0,128.0,556.0
1603013.0,0.0,-2.4912,-4.667,0.06743,0.0,0.0,0.4792,0.0,0.0,128.0,552.0
1603053.0,0.0,-2.8333,-7.959,0.06743,0.0,0.0,0.4792,0.0,0.0,128.0,571.0
1603093.0,0.0,-3.0311,-5.342,0.06743,0.0,0.0,0.4792,0.0,0.0,128.0,556.0
1603134.0,0.0,2.8624,-8.26,0.06743,0.0,0.0,0.4792,0.0,0.0,128.0,556.0
1603174.0,0.0,2.5832,-7.542,0.06743,0.0,0.0,0.4792,0.0,0.0,128.0,557.0
1603214.0,0.0,2.4283,-5.035,0.06743,0.0,0.0,0.4792,0.0,0.0,128.0,564.0
1603255.0,0.0,2.3163,-4.063,0.06743,0.0,0.0,0.4792,0.0,0.0,128.0,564.0
1603295.0,0.0,2.3731,0.227,0.06743,0.0,0.0,0.4792,0.0,0.0,128.0,564.0
1603335.0,0.0,2.4835,2.443,0.06743,0.0,0.0,0.4792,0.0,0.0,128.0,558.0
1603375.0,0.0,2.6538,3.851,0.06743,0.0,0.0,0.4792,0.0,0.0,128.0,556.0
1603415.0,0.0,2.821,4.486,0.06743,0.0,0.0,0.4792,0.0,0.0,128.0,557.0
1603456.0,0.0,3.1217,6.932,0.06743,0.0,0.0,0.4792,0.0,0.0,128.0,551.0
1603496.0,0.0,-2.8302,8.137,0.06743,0.0,0.0,0.4792,0.0,0.0,128.0,556.0
1603536.0,0.0,-2.7105,4.124,0.06743,0.0,0.0,0.4792,0.0,0.0,128.0,556.0
1603576.0,0.0,-2.1997,11.216,0.06743,0.0,0.0,0.4792,0.0,0.0,128.0,557.0
1603616.0,0.0,-2.054,6.506,0.06743,0.0,0.0,0.4792,0.0,0.0,128.0,556.0
1603657.0,0.0,-2.3086,-3.598,0.06743,0.0,0.0,0.4792,0.0,0.0,128.0,556.0
1603697.0,0.0,-2.4237,-2.985,0.06743,0.0,0.0,0.4792,0.0,0.0,128.0,552.0
1603737.0,0.0,-2.5863,-3.775,0.06743,0.0,0.0,0.4792,0.0,0.0,128.0,564.0
1603778.0,0.0,-2.8409,-5.935,0.06743,0.0,0.0,0.4792,0.0,0.0,128.0,557.0
1603818.0,0.0,-3.0526,-5.192,0.06743,0.0,0.0,0.4792,0.0,0.0,128.0,565.0
1603858.0,0.0,2.9084,-7.621,0.06743,0.0,0.0,0.4792,0.0,0.0,128.0,570.0
1603898.0,0.0,2.6615,-6.956,0.06743,0.0,0.0,0.4792,0.0,0.0,128.0,556.0
1603938.0,0.0,2.5111,-4.597,0.06743,0.0,0.0,0.4792,0.0,0.0,128.0,562.0
1603979.0,0.0,2.3792,-4.654,0.06743,0.0,0.0,0.4792,0.0,0.0,128.0,556.0
1604019.0,0.0,2.4989,1.256,0.06743,0.0,0.0,0.4792,0.0,0.0,128.0,571.0
1604059.0,0.0,2.5817,2.08,0.06743,0.0,0.0,0.4792,0.0,0.0,128.0,550.0
1604100.0,0.0,2.7305,3.356,0.06743,0.0,0.0,0.4792,0.0,0.0,128.0,556.0
1604140.0,0.0,2.801,2.017,0.06743,0.0,0.0,0.4792,0.0,0.0,128.0,556.0
1604180.0,0.0,-3.0772,8.035,0.06743,0.0,0.0,0.4792,0.0,0.0,128.0,551.0
1604220.0,0.0,-2.8655,5.769,0.06743,0.0,0.0,0.4792,0.0,0.0,128.0,550.0
1604260.0,0.0,-2.6707,5.068,0.06743,0.0,0.0,0.4792,0.0,0.0,128.0,564.0
1604300.0,0.0,-2.3301,7.8,0.06743,0.0,0.0,0.4792,0.0,0.0,128.0,565.0
1604341.0,0.0,-2.097,7.482,0.06743,0.0,0.0,0.4792,0.0,0.0,128.0,565.0
1604381.0,0.0,-2.4559,-4.947,0.06743,0.0,0.0,0.4792,0.0,0.0,128.0,556.0
1604421.0,0.0,-2.571,-3.489,0.06743,0.0,0.0,0.4792,0.0,0.0,128.0,557.0
1604462.0,0.0,-2.6952,-3.302,0.06743,0.0,0.0,0.4792,0.0,0.0,128.0,556.0
1604502.0,0.0,-2.8394,-3.611,0.06743,0.0,0.0,0.4792,0.0,0.0,128.0,556.0
1604542.0,0.0,-3.1385,-6.279,0.06743,0.0,0.0,0.4792,0.0,0.0,128.0,557.0
1604582.0,0.0,2.8992,-6.161,0.06743,0.0,0.0,0.4792,0.0,0.0,128.0,558.0
1604623.0,0.0,2.7811,-3.74,0.06743,0.0,0.0,0.4792,0.0,0.0,128.0,556.0
1604663.0,0.0,2.5679,-4.786,0.06743,0.0,0.0,0.4792,0.0,0.0,128.0,552.0
1604703.0,0.0,2.551,-1.697,0.06743,0.0,0.0,0.4792,0.0,0.0,128.0,571.0
1604743.0,0.0,2.5771,-0.045,0.06743,0.0,0.0,0.4792,0.0,0.0,128.0,556.0
1604784.0,0.0,2.6891,2.281,0.06743,0.0,0.0,0.4792,0.0,0.0,128.0,557.0
1604824.0,0.0,2.8394,3.477,0.06743,0.0,0.0,0.4792,0.0,0.0,128.0,557.0
1604864.0,0.0,2.9422,2.851,0.06743,0.0,0.0,0.4792,0.0,0.0,128.0,556.0
1604904.0,0.0,-3.1048,5.157,0.06743,0.0,0.0,0.4792,0.0,0.0,128.0,557.0
1604945.0,0.0,-2.7842,7.547,0.06743,0.0,0.0,0.4792,0.0,0.0,128.0,556.0
1604985.0,0.0,-2.7673,1.981,0.06743,0.0,0.0,0.4792,0.0,0.0,128.0,552.0
1605025.0,0.0,-2.3608,8.735,0.06743,0.0,0.0,0.4792,0.0,0.0,128.0,557.0
1605065.0,0.0,-2.4268,1.018,0.06743,0.0,0.0,0.4792,0.0,0.0,128.0,557.0
1605106.0,0.0,-2.6032,-2.807,0.06743,0.0,0.0,0.4792,0.0,0.0,128.0,564.0
1605146.0,0.0,-2.6891,-2.645,0.06743,0.0,0.0,0.4792,0.0,0.0,128.0,557.0
1605186.0,0.0,-2.8256,-3.119,0.06743,0.0,0.0,0.4792,0.0,0.0,128.0,551.0
1605226.0,0.0,-2.959,-3.107,0.06743,0.0,0.0,0.4792,0.0,0.0,128.0,550.0
1605266.0,0.0,3.0818,-5.661,0.06743,0.0,0.0,0.4792,0.0,0.0,128.0,557.0
1605307.0,0.0,2.8701,-5.257,0.06743,0.0,0.0,0.4792,0.0,0.0,128.0,556.0
1605347.0,0.0,2.7075,-4.349,0.06743,0.0,0.0,0.4792,0.0,0.0,128.0,557.0
1605387.0,0.0,2.6338,-2.229,0.06743,0.0,0.0,0.4792,0.0,0.0,128.0,556.0
1605428.0,0.0,2.5756,-1.929,0.06743,0.0,0.0,0.4792,0.0,0.0,128.0,551.0
1605468.0,0.0,2.6875,1.914,0.06743,0.0,0.0,0.4792,0.0,0.0,128.0,556.0
1605508.0,0.0,2.8287,3.371,0.06743,0.0,0.0,0.4792,0.0,0.0,128.0,550.0
1605548.0,0.0,2.9759,3.58,0.06743,0.0,0.0,0.4792,0.0,0.0,128.0,550.0
1605589.0,0.0,2.9698,0.476,0.06743,0.0,0.0,0.4792,0.0,0.0,128.0,556.0
1605629.0,0.0,-2.9928,6.183,0.06743,0.0,0.0,0.4792,0.0,0.0,128.0,556.0
1605669.0,0.0,-2.7151,7.012,0.06743,0.0,0.0,0.4792,0.0,0.0,128.0,563.0
1605709.0,0.0,-2.8026,-0.39,0.06743,0.0,0.0,0.4792,0.0,0.0,128.0,571.0
1605749.0,0.0,-2.459,6.648,0.06743,0.0,0.0,0.4792,0.0,0.0,128.0,556.0
1605790.0,0.0,-2.4758,1.475,0.06743,0.0,0.0,0.4792,0.0,0.0,128.0,550.0
1605830.0,0.0,-2.7243,-4.696,0.06743,0.0,0.0,0.4792,0.0,0.0,128.0,555.0
1605870.0,0.0,-2.844,-3.407,0.06743,0.0,0.0,0.4792,0.0,0.0,128.0,557.0
1605910.0,0.0,-2.9867,-3.553,0.06743,0.0,0.0,0.4792,0.0,0.0,128.0,557.0
1605951.0,0.0,-3.0511,-1.682,0.06743,0.0,0.0,0.4792,0.0,0.0,128.0,556.0
1605991.0,0.0,2.9483,-5.936,0.06743,0.0,0.0,0.4792,0.0,0.0,128.0,557.0
1606031.0,0.0,2.8118,-3.589,0.06743,0.0,0.0,0.4792,0.0,0.0,128.0,550.0
1606072.0,0.0,2.8394,-0.566,0.06743,0.0,0.0,0.4792,0.0,0.0,128.0,556.0
1606112.0,0.0,2.6937,-2.57,0.06743,0.0,0.0,0.4792,0.0,0.0,128.0,557.0
1606152.0,0.0,2.6461,-1.834,0.06743,0.0,0.0,0.4792,0.0,0.0,128.0,556.0
1606192.0,0.0,2.8409,3.565,0.06743,0.0,0.0,0.4792,0.0,0.0,128.0,550.0
1606233.0,0.0,2.9713,3.299,0.06743,0.0,0.0,0.4792,0.0,0.0,128.0,550.0
1606273.0,0.0,3.0496,2.291,0.06743,0.0,0.0,0.4792,0.0,0.0,128.0,571.0
1606313.0,0.0,-3.1002,2.812,0.06743,0.0,0.0,0.4792,0.0,0.0,128.0,556.0
1606354.0,0.0,-2.91,5.06,0.06743,0.0,0.0,0.4792,0.0,0.0,128.0,556.0
1606394.0,0.0,-2.6538,6.408,0.06743,0.0,0.0,0.4792,0.0,0.0,128.0,557.0
1606434.0,0.0,-2.844,-2.695,0.06743,0.0,0.0,0.4792,0.0,0.0,128.0,556.0
1606475.0,0.0,-2.5694,4.686,0.06743,0.0,0.0,0.4792,0.0,0.0,128.0,556.0
1606515.0,0.0,-2.6737,-0.865,0.06743,0.0,0.0,0.4792,0.0,0.0,128.0,557.0
1606555.0,0.0,-2.8501,-4.083,0.06743,0.0,0.0,0.4792,0.0,0.0,128.0,551.0
1606596.0,0.0,-2.979,-3.368,0.06743,0.0,0.0,0.4792,0.0,0.0,128.0,556.0
1606636.0,0.0,-3.0649,-2.345,0.06743,0.0,0.0,0.4792,0.0,0.0,128.0,557.0
1606676.0,0.0,3.0772,-3.269,0.06743,0.0,0.0,0.4792,0.0,0.0,128.0,556.0
1606717.0,0.0,2.9084,-4.396,0.06743,0.0,0.0,0.4792,0.0,0.0,128.0,550.0
1606757.0,0.0,2.778,-3.664,0.06743,0.0,0.0,0.4792,0.0,0.0,128.0,556.0
1606797.0,0.0,2.8532,1.082,0.06743,0.0,0.0,0.4792,0.0,0.0,128.0,556.0
1606837.0,0.0,2.7305,-1.694,0.06743,0.0,0.0,0.4792,0.0,0.0,128.0,571.0
1606877.0,0.0,2.8394,2.05,0.06743,0.0,0.0,0.4792,0.0,0.0,128.0,556.0
1606918.0,0.0,2.9667,3.227,0.06743,0.0,0.0,0.4792,0.0,0.0,128.0,550.0
1606958.0,0.0,3.071,2.777,0.06743,0.0,0.0,0.4792,0.0,0.0,128.0,557.0
1606998.0,0.0,3.0465,0.11,0.06743,0.0,0.0,0.4792,0.0,0.0,128.0,549.0
1607038.0,0.0,-2.9775,4.835,0.06743,0.0,0.0,0.4792,0.0,0.0,128.0,556.0
1607079.0,0.0,-2.8762,2.707,0.06743,0.0,0.0,0.4792,0.0,0.0,128.0,556.0
1607119.0,0.0,-2.7888,2.336,0.06743,0.0,0.0,0.4792,0.0,0.0,128.0,557.0
1607159.0,0.0,-2.7259,1.354,0.06743,0.0,0.0,0.4792,0.0,0.0,128.0,557.0
1607199.0,0.0,-2.6937,1.365,0.06743,0.0,0.0,0.4792,0.0,0.0,128.0,557.0
1607239.0,0.0,-2.8854,-3.693,0.06743,0.0,0.0,0.4792,0.0,0.0,128.0,556.0
1607279.0,0.0,-2.9943,-2.881,0.06743,0.0,0.0,0.4792,0.0,0.0,128.0,556.0
1607320.0,0.0,-3.0772,-2.257,0.06743,0.0,0.0,0.4792,0.0,0.0,128.0,556.0
1607360.0,0.0,-3.0956,-0.484,0.06743,0.0,0.0,0.4792,0.0,0.0,128.0,557.0
1607400.0,0.0,2.9698,-4.327,0.06743,0.0,0.0,0.4792,0.0,0.0,128.0,557.0
1607440.0,0.0,2.9146,-1.709,0.06743,0.0,0.0,0.4792,0.0,0.0,128.0,557.0
1607481.0,0.0,2.956,0.402,0.06743,0.0,0.0,0.4792,0.0,0.0,128.0,556.0
1607521.0,0.0,2.867,-1.44,0.06743,0.0,0.0,0.4792,0.0,0.0,128.0,557.0
1607561.0,0.0,2.8379,-1.167,0.06743,0.0,0.0,0.4792,0.0,0.0,128.0,556.0
1607601.0,0.0,3.0035,3.019,0.06743,0.0,0.0,0.4792,0.0,0.0,128.0,552.0
1607642.0,0.0,3.0879,2.397,0.06743,0.0,0.0,0.4792,0.0,0.0,128.0,556.0
1607682.0,0.0,3.0756,0.252,0.06743,0.0,0.0,0.4792,0.0,0.0,128.0,557.0
1607722.0,0.0,-3.0496,3.192,0.06743,0.0,0.0,0.4792,0.0,0.0,128.0,556.0
1607762.0,0.0,-2.9544,2.939,0.06743,0.0,0.0,0.4792,0.0,0.0,128.0,558.0
1607803.0,0.0,-2.8317,3.022,0.06743,0.0,0.0,0.4792,0.0,0.0,128.0,550.0
1607843.0,0.0,-2.8578,-0.351,0.06743,0.0,0.0,0.4792,0.0,0.0,128.0,557.0
1607883.0,0.0,-2.709,3.09,0.06743,0.0,0.0,0.4792,0.0,0.0,128.0,557.0
1607923.0,0.0,-2.8977,-3.46,0.06743,0.0,0.0,0.4792,0.0,0.0,128.0,571.0
1607963.0,0.0,-3.0127,-3.023,0.06743,0.0,0.0,0.4792,0.0,0.0,128.0,556.0
1608004.0,0.0,-3.0833,-2.058,0.06743,0.0,0.0,0.4792,0.0,0.0,128.0,556.0
1608044.0,0.0,-3.0787,-0.269,0.06743,0.0,0.0,0.4792,0.0,0.0,128.0,551.0
1608084.0,0.0,3.0465,-2.941,0.06743,0.0,0.0,0.4792,0.0,0.0,128.0,551.0
1608124.0,0.0,3.0066,-1.423,0.06743,0.0,0.0,0.4792,0.0,0.0,128.0,565.0
1608165.0,0.0,2.913,-1.954,0.06743,0.0,0.0,0.4792,0.0,0.0,128.0,558.0
1608205.0,0.0,2.8087,-2.522,0.06743,0.0,0.0,0.4792,0.0,0.0,128.0,557.0
1608245.0,0.0,2.9207,1.622,0.06743,0.0,0.0,0.4792,0.0,0.0,128.0,550.0
1608285.0,0.0,3.0526,3.103,0.06743,0.0,0.0,0.4792,0.0,0.0,128.0,556.0
1608325.0,0.0,3.1339,2.422,0.06743,0.0,0.0,0.4792,0.0,0.0,128.0,557.0
1608366.0,0.0,3.117,0.204,0.06743,0.0,0.0,0.4792,0.0,0.0,128.0,557.0
1608406.0,0.0,-3.0925,1.49,0.06743,0.0,0.0,0.4792,0.0,0.0,128.0,552.0
1608446.0,0.0,-2.9575,3.355,0.06743,0.0,0.0,0.4792,0.0,0.0,128.0,571.0
1608486.0,0.0,-2.8777,2.42,0.06743,0.0,0.0,0.4792,0.0,0.0,128.0,556.0
1608527.0,0.0,-2.9851,-1.534,0.06743,0.0,0.0,0.4792,0.0,0.0,128.0,550.0
1608567.0,0.0,-2.7535,4.096,0.06743,0.0,0.0,0.4792,0.0,0.0,128.0,557.0
1608607.0,0.0,-2.8962,-1.787,0.06743,0.0,0.0,0.4792,0.0,0.0,128.0,557.0
1608647.0,0.0,-3.068,-3.957,0.06743,0.0,0.0,0.4792,0.0,0.0,128.0,557.0
1608687.0,0.0,-3.1355,-2.125,0.06743,0.0,0.0,0.4792,0.0,0.0,128.0,562.0
1608727.0,0.0,-3.1017,0.184,0.06743,0.0,0.0,0.4792,0.0,0.0,128.0,556.0
1608768.0,0.0,3.0634,-2.118,0.06743,0.0,0.0,0.4792,0.0,0.0,128.0,556.0
1608808.0,0.0,3.0035,-1.826,0.06743,0.0,0.0,0.4792,0.0,0.0,128.0,557.0
1608848.0,0.0,2.9621,-1.236,0.06743,0.0,0.0,0.4792,0.0,0.0,128.0,557.0
1608889.0,0.0,2.936,-0.881,0.06743,0.0,0.0,0.4792,0.0,0.0,128.0,557.0
1608929.0,0.0,2.9713,0.538,0.06743,0.0,0.0,0.4792,0.0,0.0,128.0,564.0
1608969.0,0.0,3.0802,2.428,0.06743,0.0,0.0,0.4792,0.0,0.0,128.0,558.0
1609009.0,0.0,-3.1124,2.476,0.06743,0.0,0.0,0.4792,0.0,0.0,128.0,549.0
1609049.0,0.0,-3.1416,-0.021,0.06743,0.0,0.0,0.4792,0.0,0.0,128.0,556.0
1609089.0,0.0,-3.1017,0.597,0.06743,0.0,0.0,0.4792,0.0,0.0,128.0,562.0
1609130.0,0.0,-2.9928,2.667,0.06743,0.0,0.0,0.4792,0.0,0.0,128.0,557.0
1609170.0,0.0,-2.956,1.37,0.06743,0.0,0.0,0.4792,0.0,0.0,128.0,557.0
1609210.0,0.0,-3.0235,-0.72,0.06743,0.0,0.0,0.4792,0.0,0.0,128.0,550.0
1609251.0,0.0,-2.8455,3.217,0.06743,0.0,0.0,0.4792,0.0,0.0,128.0,557.0
1609291.0,0.0,-2.9038,-0.121,0.06743,0.0,0.0,0.4792,0.0,0.0,128.0,556.0
1609331.0,0.0,-3.071,-3.398,0.06743,0.0,0.0,0.4792,0.0,0.0,128.0,552.0
1609371.0,0.0,3.117,-2.842,0.06743,0.0,0.0,0.4792,0.0,0.0,128.0,571.0
1609411.0,0.0,3.1186,-0.459,0.06743,0.0,0.0,0.4792,0.0,0.0,128.0,556.0
1609452.0,0.0,3.1124,-0.008,0.06743,0.0,0.0,0.4792,0.0,0.0,128.0,556.0
1609492.0,0.0,3.0281,-1.827,0.06743,0.0,0.0,0.4792,0.0,0.0,128.0,557.0
1609532.0,0.0,3.0588,0.277,0.06743,0.0,0.0,0.4792,0.0,0.0,128.0,556.0
1609572.0,0.0,3.0143,-0.784,0.06743,0.0,0.0,0.4792,0.0,0.0,128.0,556.0
1609613.0,0.0,2.9943,-0.684,0.06743,0.0,0.0,0.4792,0.0,0.0,128.0,556.0
1609653.0,0.0,3.0588,0.976,0.06743,0.0,0.0,0.4792,0.0,0.0,128.0,558.0
1609693.0,0.0,-3.1048,2.564,0.06743,0.0,0.0,0.4792,0.0,0.0,128.0,551.0
1609733.0,0.0,3.114,-0.608,0.06743,0.0,0.0,0.4792,0.0,0.0,128.0,565.0
1609774.0,0.0,-3.068,1.561,0.06743,0.0,0.0,0.4792,0.0,0.0,128.0,564.0
1609814.0,0.0,-3.0772,0.257,0.06743,0.0,0.0,0.4792,0.0,0.0,128.0,550.0
1609854.0,0.0,-2.9867,1.649,0.06743,0.0,0.0,0.4792,0.0,0.0,128.0,556.0
1609894.0,0.0,-2.9913,0.181,0.06743,0.0,0.0,0.4792,0.0,0.0,128.0,558.0
1609935.0,0.0,-3.0097,-0.151,0.06743,0.0,0.0,0.4792,0.0,0.0,128.0,552.0
1609975.0,0.0,-3.0388,-0.647,0.06743,0.0,0.0,0.4792,0.0,0.0,128.0,556.0
1610015.0,0.0,-3.091,-0.965,0.06743,0.0,0.0,0.4792,0.0,0.0,128.0,557.0
1610055.0,0.0,3.1309,-1.326,0.06743,0.0,0.0,0.4792,0.0,0.0,128.0,556.0
1610095.0,0.0,-3.137,0.059,0.06743,0.0,0.0,0.4792,0.0,0.0,128.0,562.0
1610136.0,0.0,3.0894,-1.018,0.06743,0.0,0.0,0.4792,0.0,0.0,128.0,557.0
1610176.0,0.0,3.0879,-0.369,0.06743,0.0,0.0,0.4792,0.0,0.0,128.0,557.0
1610216.0,0.0,3.0664,-0.519,0.06743,0.0,0.0,0.4792,0.0,0.0,128.0,550.0
1610257.0,0.0,3.048,-0.452,0.06743,0.0,0.0,0.4792,0.0,0.0,128.0,556.0
1610297.0,0.0,3.0419,-0.238,0.06743,0.0,0.0,0.4792,0.0,0.0,128.0,552.0
1610337.0,0.0,3.0879,0.822,0.06743,0.0,0.0,0.4792,0.0,0.0,128.0,551.0
1610378.0,0.0,-3.094,2.241,0.06743,0.0,0.0,0.4792,0.0,0.0,128.0,558.0
1610418.0,0.0,-3.0572,1.252,0.06743,0.0,0.0,0.4792,0.0,0.0,128.0,550.0
1610458.0,0.0,-3.068,-0.007,0.06743,0.0,0.0,0.4792,0.0,0.0,128.0,556.0
1610498.0,0.0,-3.0741,-0.054,0.06743,0.0,0.0,0.4792,0.0,0.0,128.0,550.0
1610538.0,0.0,-3.0557,0.209,0.06743,0.0,0.0,0.4792,0.0,0.0,128.0,556.0
1610579.0,0.0,-3.0618,-0.038,0.06743,0.0,0.0,0.4792,0.0,0.0,128.0,556.0
1610619.0,0.0,-3.0818,-0.373,0.06743,0.0,0.0,0.4792,0.0,0.0,128.0,557.0
1610659.0,0.0,-3.1293,-1.011,0.06743,0.0,0.0,0.4792,0.0,0.0,128.0,549.0
1610700.0,0.0,3.1048,-1.218,0.06743,0.0,0.0,0.4792,0.0,0.0,128.0,550.0
1610740.0,0.0,3.1078,-0.201,0.06743,0.0,0.0,0.4792,0.0,0.0,128.0,557.0
1610780.0,0.0,3.1186,0.211,0.06743,0.0,0.0,0.4792,0.0,0.0,128.0,571.0
1610820.0,0.0,-3.1293,0.734,0.06743,0.0,0.0,0.4792,0.0,0.0,128.0,556.0
1610861.0,0.0,-3.094,0.906,0.06743,0.0,0.0,0.4792,0.0,0.0,128.0,556.0
1610901.0,0.0,-3.0787,0.452,0.06743,0.0,0.0,0.4792,0.0,0.0,128.0,557.0
1610941.0,0.0,-3.0833,0.037,0.06743,0.0,0.0,0.4792,0.0,0.0,128.0,551.0
1610982.0,0.0,-3.1078,-0.482,0.06743,0.0,0.0,0.4792,0.0,0.0,128.0,556.0
1611022.0,0.0,-3.1416,-0.799,0.06743,0.0,0.0,0.4792,0.0,0.0,128.0,556.0
1611062.0,0.0,3.1155,-0.68,0.06743,0.0,0.0,0.4792,0.0,0.0,128.0,557.0
1611102.0,0.0,3.1124,-0.213,0.06743,0.0,0.0,0.4792,0.0,0.0,128.0,550.0
1611143.0,0.0,3.1309,0.322,0.06743,0.0,0.0,0.4792,0.0,0.0,128.0,556.0
1611183.0,0.0,-3.1232,0.648,0.06743,0.0,0.0,0.4792,0.0,0.0,128.0,557.0
1611223.0,0.0,-3.1002,0.602,0.06743,0.0,0.0,0.4792,0.0,0.0,128.0,557.0
1611263.0,0.0,-3.094,0.255,0.06743,0.0,0.0,0.4792,0.0,0.0,128.0,556.0
1611303.0,0.0,-3.1048,-0.185,0.06743,0.0,0.0,0.4792,0.0,0.0,128.0,556.0
1611344.0,0.0,-3.1293,-0.522,0.06743,0.0,0.0,0.4792,0.0,0.0,128.0,556.0
1611384.0,0.0,3.1309,-0.569,0.06743,0.0,0.0,0.4792,0.0,0.0,128.0,557.0
1611424.0,0.0,3.1217,-0.314,0.06743,0.0,0.0,0.4792,0.0,0.0,128.0,557.0
1611465.0,0.0,3.1309,0.107,0.06743,0.0,0.0,0.4792,0.0,0.0,128.0,557.0
1611505.0,0.0,-3.1339,0.411,0.06743,0.0,0.0,0.4792,0.0,0.0,128.0,557.0
1611545.0,0.0,-3.1155,0.465,0.06743,0.0,0.0,0.4792,0.0,0.0,128.0,551.0
1611585.0,0.0,-3.1063,0.277,0.06743,0.0,0.0,0.4792,0.0,0.0,128.0,571.0
1611625.0,0.0,-3.1124,-0.058,0.06743,0.0,0.0,0.4792,0.0,0.0,128.0,551.0
1611666.0,0.0,-3.1278,-0.331,0.06743,0.0,0.0,0.4792,0.0,0.0,128.0,556.0
1611706.0,0.0,3.1385,-0.4,0.06743,0.0,0.0,0.4792,0.0,0.0,128.0,552.0
1611746.0,0.0,3.1309,-0.256,0.06743,0.0,0.0,0.4792,0.0,0.0,128.0,571.0
1611786.0,0.0,3.1355,0.039,0.06743,0.0,0.0,0.4792,0.0,0.0,128.0,556.0
1611827.0,0.0,-3.1355,0.262,0.06743,0.0,0.0,0.4792,0.0,0.0,128.0,550.0
1611867.0,0.0,-3.1232,0.307,0.06743,0.0,0.0,0.4792,0.0,0.0,128.0,557.0
1611907.0,0.0,-3.1155,0.186,0.06743,0.0,0.0,0.4792,0.0,0.0,128.0,557.0
1611947.0,0.0,-3.1201,-0.044,0.06743,0.0,0.0,0.4792,0.0,0.0,128.0,556.0
1611988.0,0.0,-3.1309,-0.216,0.06743,0.0,0.0,0.4792,0.0,0.0,128.0,556.0
1612028.0,0.0,-3.1416,-0.26,0.06743,0.0,0.0,0.4792,0.0,0.0,128.0,562.0
1612068.0,0.0,3.1385,-0.121,0.06743,0.0,0.0,0.4792,0.0,0.0,128.0,550.0
1612108.0,0.0,-3.1401,0.067,0.06743,0.0,0.0,0.4792,0.0,0.0,128.0,555.0
1612149.0,0.0,-3.1309,0.197,0.06743,0.0,0.0,0.4792,0.0,0.0,128.0,556.0
1612189.0,0.0,-3.1247,0.187,0.06743,0.0,0.0,0.4792,0.0,0.0,128.0,557.0
1612229.0,0.0,-3.1247,0.056,0.06743,0.0,0.0,0.4792,0.0,0.0,128.0,550.0
1612270.0,0.0,-3.1278,-0.08,0.06743,0.0,0.0,0.4792,0.0,0.0,128.0,543.0
1612310.0,0.0,-3.137,-0.174,0.06743,0.0,0.0,0.4792,0.0,0.0,128.0,556.0
1612350.0,0.0,-3.1401,-0.118,0.06743,0.0,0.0,0.4792,0.0,0.0,128.0,552.0
1612390.0,0.0,-3.1401,-0.009,0.06743,0.0,0.0,0.4792,0.0,0.0,128.0,543.0
1612430.0,0.0,-3.1339,0.092,0.06743,0.0,0.0,0.4792,0.0,0.0,128.0,564.0
1612471.0,0.0,-3.1293,0.13,0.06743,0.0,0.0,0.4792,0.0,0.0,128.0,565.0
1612511.0,0.0,-3.1278,0.053,0.06743,0.0,0.0,0.4792,0.0,0.0,128.0,556.0
1612551.0,0.0,-3.1309,-0.038,0.06743,0.0,0.0,0.4792,0.0,0.0,128.0,556.0
1612592.0,0.0,-3.1339,-0.096,0.06743,0.0,0.0,0.4792,0.0,0.0,128.0,556.0
1612632.0,0.0,-3.137,-0.075,0.06743,0.0,0.0,0.4792,0.0,0.0,128.0,557.0
1612672.0,0.0,-3.137,-0.007,0.06743,0.0,0.0,0.4792,0.0,0.0,128.0,556.0
1612713.0,0.0,-3.1339,0.064,0.06743,0.0,0.0,0.4792,0.0,0.0,128.0,556.0
1612753.0,0.0,-3.1309,0.079,0.06743,0.0,0.0,0.4792,0.0,0.0,128.0,552.0
1612793.0,0.0,-3.1293,0.046,0.06743,0.0,0.0,0.4792,0.0,0.0,128.0,564.0
1612834.0,0.0,-3.1324,-0.047,0.06743,0.0,0.0,0.4792,0.0,0.0,128.0,557.0
1612874.0,0.0,-3.1355,-0.074,0.06743,0.0,0.0,0.4792,0.0,0.0,128.0,563.0
1612914.0,0.0,-3.137,-0.055,0.06743,0.0,0.0,0.4792,0.0,0.0,128.0,549.0
1612954.0,0.0,-3.1355,0.02,0.06743,0.0,0.0,0.4792,0.0,0.0,128.0,543.0
1612994.0,0.0,-3.1324,0.05,0.06743,0.0,0.0,0.4792,0.0,0.0,128.0,556.0
1613035.0,0.0,-3.1309,0.057,0.06743,0.0,0.0,0.4792,0.0,0.0,128.0,543.0
1613075.0,0.0,-3.1309,0.013,0.06743,0.0,0.0,0.4792,0.0,0.0,128.0,551.0
1613115.0,0.0,-3.1324,-0.027,0.06743,0.0,0.0,0.4792,0.0,0.0,128.0,559.0
1613156.0,0.0,-3.1355,-0.051,0.06743,0.0,0.0,0.4792,0.0,0.0,128.0,557.0
1613196.0,0.0,-3.1355,-0.018,0.06743,0.0,0.0,0.4792,0.0,0.0,128.0,563.0
1613236.0,0.0,-3.1339,0.032,0.06743,0.0,0.0,0.4792,0.0,0.0,128.0,549.0
1613276.0,0.0,-3.1324,0.037,0.06743,0.0,0.0,0.4792,0.0,0.0,128.0,549.0
1613317.0,0.0,-3.1324,0.014,0.06743,0.0,0.0,0.4792,0.0,0.0,128.0,550.0
1613357.0,0.0,-3.1339,-0.01,0.06743,0.0,0.0,0.4792,0.0,0.0,128.0,557.0
1613397.0,0.0,-3.1339,-0.026,0.06743,0.0,0.0,0.4792,0.0,0.0,128.0,550.0
1613438.0,0.0,-3.1355,-0.027,0.06743,0.0,0.0,0.4792,0.0,0.0,128.0,549.0
1613478.0,0.0,-3.1339,0.022,0.06743,0.0,0.0,0.4792,0.0,0.0,128.0,550.0
1613518.0,0.0,-3.1339,0.018,0.06743,0.0,0.0,0.4792,0.0,0.0,128.0,556.0
1613558.0,0.0,-3.1324,0.018,0.06743,0.0,0.0,0.4792,0.0,0.0,128.0,549.0
1613598.0,0.0,-3.1339,-0.003,0.06743,0.0,0.0,0.4792,0.0,0.0,128.0,558.0
1613639.0,0.0,-3.1339,-0.029,0.06743,0.0,0.0,0.4792,0.0,0.0,128.0,549.0
1613679.0,0.0,-3.1339,-0.012,0.06743,0.0,0.0,0.4792,0.0,0.0,128.0,556.0
1613719.0,0.0,-3.1339,-0.005,0.06743,0.0,0.0,0.4792,0.0,0.0,128.0,556.0
1613759.0,0.0,-3.1324,0.016,0.06743,0.0,0.0,0.4792,0.0,0.0,128.0,556.0
1613799.0,0.0,-3.1324,0.026,0.06743,0.0,0.0,0.4792,0.0,0.0,128.0,550.0
1613839.0,0.0,-3.1324,0.001,0.06743,0.0,0.0,0.4792,0.0,0.0,128.0,543.0
1613879.0,0.0,-3.1339,-0.016,0.06743,0.0,0.0,0.4792,0.0,0.0,128.0,550.0
1613920.0,0.0,-3.1339,-0.01,0.06743,0.0,0.0,0.4792,0.0,0.0,128.0,549.0
1613960.0,0.0,-3.1339,0.0,0.06743,0.0,0.0,0.4792,0.0,0.0,128.0,556.0
1614000.0,0.0,-3.1339,0.003,0.06743,0.0,0.0,0.4792,0.0,0.0,128.0,551.0
1614040.0,0.0,-3.1324,0.012,0.06743,0.0,0.0,0.4792,0.0,0.0,128.0,550.0
1614080.0,0.0,-3.1339,0.0,0.06743,0.0,0.0,0.4792,0.0,0.0,128.0,564.0
1614121.0,0.0,-3.1339,-0.016,0.06743,0.0,0.0,0.4792,0.0,0.0,128.0,550.0
1614161.0,0.0,-3.1339,-0.007,0.06743,0.0,0.0,0.4792,0.0,0.0,128.0,557.0
1614201.0,0.0,-3.1339,-0.001,0.06743,0.0,0.0,0.4792,0.0,0.0,128.0,564.0
1614241.0,0.0,-3.1339,-0.001,0.06743,0.0,0.0,0.4792,0.0,0.0,128.0,543.0
1614281.0,0.0,-3.1324,0.015,0.06743,0.0,0.0,0.4792,0.0,0.0,128.0,550.0
1614322.0,0.0,-3.1324,-0.001,0.06743,0.0,0.0,0.4792,0.0,0.0,128.0,556.0
1614362.0,0.0,-3.1339,-0.006,0.06743,0.0,0.0,0.4792,0.0,0.0,128.0,557.0
1614402.0,0.0,-3.1339,-0.008,0.06743,0.0,0.0,0.4792,0.0,0.0,128.0,550.0
1614442.0,0.0,-3.1339,-0.001,0.06743,0.0,0.0,0.4792,0.0,0.0,128.0,543.0
1614482.0,0.0,-3.1339,0.005,0.06743,0.0,0.0,0.4792,0.0,0.0,128.0,549.0
1614522.0,0.0,-3.1324,0.005,0.06743,0.0,0.0,0.4792,0.0,0.0,128.0,556.0
1614563.0,0.0,-3.1339,0.016,0.06743,0.0,0.0,0.4792,0.0,0.0,128.0,556.0
1614603.0,0.0,-3.1339,-0.016,0.06743,0.0,0.0,0.4792,0.0,0.0,128.0,551.0
1614643.0,0.0,-3.1339,-0.007,0.06743,0.0,0.0,0.4792,0.0,0.0,128.0,564.0
1614683.0,0.0,-3.1339,0.0,0.06743,0.0,0.0,0.4792,0.0,0.0,128.0,543.0
1614723.0,0.0,-3.1339,-0.002,0.06743,0.0,0.0,0.4792,0.0,0.0,128.0,550.0
1614764.0,0.0,-3.1339,0.001,0.06743,0.0,0.0,0.4792,0.0,0.0,128.0,556.0
1614804.0,0.0,-3.1339,-0.007,0.06743,0.0,0.0,0.4792,0.0,0.0,128.0,552.0
1614844.0,0.0,-3.1339,-0.005,0.06743,0.0,0.0,0.4792,0.0,0.0,128.0,564.0
1614884.0,0.0,-3.1339,-0.005,0.06743,0.0,0.0,0.4792,0.0,0.0,128.0,549.0
1614925.0,0.0,-3.1339,-0.003,0.06743,0.0,0.0,0.4792,0.0,0.0,128.0,543.0
1614965.0,0.0,-3.1339,-0.001,0.06743,0.0,0.0,0.4792,0.0,0.0,128.0,544.0
1615005.0,0.0,-3.1339,0.007,0.06743,0.0,0.0,0.4792,0.0,0.0,128.0,550.0
1615045.0,0.0,-3.1339,0.005,0.06743,0.0,0.0,0.4792,0.0,0.0,128.0,556.0
1615085.0,0.0,-3.1339,-0.003,0.06743,0.0,0.0,0.4792,0.0,0.0,128.0,557.0
1615125.0,0.0,-3.1339,-0.003,0.06743,0.0,0.0,0.4792,0.0,0.0,128.0,549.0
1615166.0,0.0,-3.1339,0.003,0.06743,0.0,0.0,0.4792,0.0,0.0,128.0,543.0
1615206.0,0.0,-3.1339,0.006,0.06743,0.0,0.0,0.4792,0.0,0.0,128.0,556.0
1615246.0,0.0,-3.1339,0.003,0.06743,0.0,0.0,0.4792,0.0,0.0,128.0,551.0
1615286.0,0.0,-3.1339,-0.0,0.06743,0.0,0.0,0.4792,0.0,0.0,128.0,557.0
1615326.0,0.0,-3.1339,-0.011,0.06743,0.0,0.0,0.4792,0.0,0.0,128.0,557.0
1615366.0,0.0,-3.1339,-0.006,0.06743,0.0,0.0,0.4792,0.0,0.0,128.0,551.0
1615407.0,0.0,-3.1339,-0.001,0.06743,0.0,0.0,0.4792,0.0,0.0,128.0,557.0
1615447.0,0.0,-3.1339,0.006,0.06743,0.0,0.0,0.4792,0.0,0.0,128.0,557.0
1615487.0,0.0,-3.1324,0.014,0.06743,0.0,0.0,0.4792,0.0,0.0,128.0,550.0
1615527.0,0.0,-3.1339,-0.012,0.06743,0.0,0.0,0.4792,0.0,0.0,128.0,549.0
1615567.0,0.0,-3.1339,-0.006,0.06743,0.0,0.0,0.4792,0.0,0.0,128.0,545.0
1615608.0,0.0,-3.1339,-0.002,0.06743,0.0,0.0,0.4792,0.0,0.0,128.0,550.0
1615648.0,0.0,-3.1339,-0.001,0.06743,0.0,0.0,0.4792,0.0,0.0,128.0,543.0
1615688.0,0.0,-3.1339,0.008,0.06743,0.0,0.0,0.4792,0.0,0.0,128.0,557.0
1615728.0,0.0,-3.1339,-0.0,0.06743,0.0,0.0,0.4792,0.0,0.0,128.0,557.0
1615768.0,0.0,-3.1339,-0.001,0.06743,0.0,0.0,0.4792,0.0,0.0,128.0,556.0
1615809.0,0.0,-3.1339,-0.007,0.06743,0.0,0.0,0.4792,0.0,0.0,128.0,550.0
1615849.0,0.0,-3.1339,-0.001,0.06743,0.0,0.0,0.4792,0.0,0.0,128.0,550.0
1615889.0,0.0,-3.1339,-0.001,0.06743,0.0,0.0,0.4792,0.0,0.0,128.0,549.0
1615930.0,0.0,-3.1339,0.005,0.06743,0.0,0.0,0.4792,0.0,0.0,128.0,556.0
1615970.0,0.0,-3.1339,0.003,0.06743,0.0,0.0,0.4792,0.0,0.0,128.0,557.0
1616010.0,0.0,-3.1339,0.0,0.06743,0.0,0.0,0.4792,0.0,0.0,128.0,550.0
1616050.0,0.0,-3.1339,0.003,0.06743,0.0,0.0,0.4792,0.0,0.0,128.0,542.0
1616090.0,0.0,-3.1339,0.001,0.06743,0.0,0.0,0.4792,0.0,0.0,128.0,549.0
1616130.0,0.0,-3.1339,0.008,0.06743,0.0,0.0,0.4792,0.0,0.0,128.0,556.0
1616171.0,0.0,-3.1324,0.003,0.06743,0.0,0.0,0.4792,0.0,0.0,128.0,556.0
1616211.0,0.0,-3.1339,-0.005,0.06743,0.0,0.0,0.4792,0.0,0.0,128.0,550.0
1616251.0,0.0,-3.1339,-0.003,0.06743,0.0,0.0,0.4792,0.0,0.0,128.0,543.0
1616291.0,0.0,-3.1339,-0.002,0.06743,0.0,0.0,0.4792,0.0,0.0,128.0,549.0
1616332.0,0.0,-3.1339,0.003,0.06743,0.0,0.0,0.4792,0.0,0.0,128.0,549.0
1616372.0,0.0,-3.1339,0.005,0.06743,0.0,0.0,0.4792,0.0,0.0,128.0,557.0
1616412.0,0.0,-3.1339,-0.002,0.06743,0.0,0.0,0.4792,0.0,0.0,128.0,550.0
1616452.0,0.0,-3.1339,-0.002,0.06743,0.0,0.0,0.4792,0.0,0.0,128.0,550.0
1616492.0,0.0,-3.1339,-0.001,0.06743,0.0,0.0,0.4792,0.0,0.0,128.0,558.0
1616533.0,0.0,-3.1339,-0.003,0.06743,0.0,0.0,0.4792,0.0,0.0,128.0,550.0
1616573.0,0.0,-3.1339,0.001,0.06743,0.0,0.0,0.4792,0.0,0.0,128.0,569.0
1616613.0,0.0,-3.1339,-0.003,0.06743,0.0,0.0,0.4792,0.0,0.0,128.0,550.0
1616654.0,0.0,-3.1339,0.001,0.06743,0.0,0.0,0.4792,0.0,0.0,128.0,549.0
1616694.0,0.0,-3.1339,0.001,0.06743,0.0,0.0,0.4792,0.0,0.0,128.0,556.0
1616734.0,0.0,-3.1339,-0.0,0.06743,0.0,0.0,0.4792,0.0,0.0,128.0,550.0
1616774.0,0.0,-3.1339,-0.004,0.06743,0.0,0.0,0.4792,0.0,0.0,128.0,549.0
1616815.0,0.0,-3.1339,-0.004,0.06743,0.0,0.0,0.4792,0.0,0.0,128.0,549.0
1616855.0,0.0,-3.1339,0.002,0.06743,0.0,0.0,0.4792,0.0,0.0,128.0,549.0
1616895.0,0.0,-3.1339,-0.001,0.06743,0.0,0.0,0.4792,0.0,0.0,128.0,550.0
1616935.0,0.0,-3.1339,0.004,0.06743,0.0,0.0,0.4792,0.0,0.0,128.0,556.0
1616976.0,0.0,-3.1339,-0.005,0.06743,0.0,0.0,0.4792,0.0,0.0,128.0,550.0
1617016.0,0.0,-3.1339,-0.004,0.06743,0.0,0.0,0.4792,0.0,0.0,128.0,549.0
1617056.0,0.0,-3.1339,-0.003,0.06743,0.0,0.0,0.4792,0.0,0.0,128.0,550.0
1617096.0,0.0,-3.1339,-0.002,0.06743,0.0,0.0,0.4792,0.0,0.0,128.0,542.0
1617136.0,0.0,-3.1339,-0.002,0.06743,0.0,0.0,0.4792,0.0,0.0,128.0,550.0
1617177.0,0.0,-3.1339,-0.002,0.06743,0.0,0.0,0.4792,0.0,0.0,128.0,549.0
1617217.0,0.0,-3.1339,-0.005,0.06743,0.0,0.0,0.4792,0.0,0.0,128.0,551.0
1617257.0,0.0,-3.1339,-0.002,0.06743,0.0,0.0,0.4792,0.0,0.0,128.0,550.0
1617297.0,0.0,-3.1339,-0.004,0.06743,0.0,0.0,0.4792,0.0,0.0,128.0,551.0
1617338.0,0.0,-3.1339,-0.001,0.06743,0.0,0.0,0.4792,0.0,0.0,128.0,557.0
1617378.0,0.0,-3.1339,-0.001,0.06743,0.0,0.0,0.4792,0.0,0.0,128.0,570.0
1617418.0,0.0,-3.1339,-0.0,0.06743,0.0,0.0,0.4792,0.0,0.0,128.0,543.0
1617458.0,0.0,-3.1324,0.006,0.06743,0.0,0.0,0.4792,0.0,0.0,128.0,556.0
1617499.0,0.0,-3.1339,-0.005,0.06743,0.0,0.0,0.4792,0.0,0.0,128.0,550.0
1617539.0,0.0,-3.1339,-0.001,0.06743,0.0,0.0,0.4792,0.0,0.0,128.0,557.0
1617579.0,0.0,-3.1339,-0.002,0.06743,0.0,0.0,0.4792,0.0,0.0,128.0,550.0
1617619.0,0.0,-3.1339,-0.003,0.06743,0.0,0.0,0.4792,0.0,0.0,128.0,549.0
1617659.0,0.0,-3.1339,-0.003,0.06743,0.0,0.0,0.4792,0.0,0.0,128.0,543.0
1617699.0,0.0,-3.1339,0.003,0.06743,0.0,0.0,0.4792,0.0,0.0,128.0,557.0
1617740.0,0.0,-3.1339,-0.003,0.06743,0.0,0.0,0.4792,0.0,0.0,128.0,549.0
1617780.0,0.0,-3.1339,0.006,0.06743,0.0,0.0,0.4792,0.0,0.0,128.0,551.0
1617820.0,0.0,-3.1324,0.002,0.06743,0.0,0.0,0.4792,0.0,0.0,128.0,558.0
1617860.0,0.0,-3.1339,-0.003,0.06743,0.0,0.0,0.4792,0.0,0.0,128.0,550.0
1617900.0,0.0,-3.1339,0.001,0.06743,0.0,0.0,0.4792,0.0,0.0,128.0,549.0
1617941.0,0.0,-3.1339,-0.003,0.06743,0.0,0.0,0.4792,0.0,0.0,128.0,549.0
1617981.0,0.0,-3.1339,-0.003,0.06743,0.0,0.0,0.4792,0.0,0.0,128.0,544.0
1618021.0,0.0,-3.1339,0.001,0.06743,0.0,0.0,0.4792,0.0,0.0,128.0,551.0
1618061.0,0.0,-3.1339,0.001,0.06743,0.0,0.0,0.4792,0.0,0.0,128.0,557.0
1618102.0,0.0,-3.1339,0.004,0.06743,0.0,0.0,0.4792,0.0,0.0,128.0,551.0
1618142.0,0.0,-3.1339,0.0,0.06743,0.0,0.0,0.4792,0.0,0.0,128.0,557.0
1618182.0,0.0,-3.1324,0.006,0.06743,0.0,0.0,0.4792,0.0,0.0,128.0,564.0
1618222.0,0.0,-3.1339,-0.005,0.06743,0.0,0.0,0.4792,0.0,0.0,128.0,549.0
1618262.0,0.0,-3.1339,-0.002,0.06743,0.0,0.0,0.4792,0.0,0.0,128.0,549.0
1618303.0,0.0,-3.1339,0.0,0.06743,0.0,0.0,0.4792,0.0,0.0,128.0,549.0
1618343.0,0.0,-3.1339,-0.003,0.06743,0.0,0.0,0.4792,0.0,0.0,128.0,551.0
1618383.0,0.0,-3.1339,0.001,0.06743,0.0,0.0,0.4792,0.0,0.0,128.0,571.0
1618423.0,0.0,-3.1339,-0.004,0.06743,0.0,0.0,0.4792,0.0,0.0,128.0,549.0
1618464.0,0.0,-3.1339,-0.001,0.06743,0.0,0.0,0.4792,0.0,0.0,128.0,543.0
1618504.0,0.0,-3.1339,-0.002,0.06743,0.0,0.0,0.4792,0.0,0.0,128.0,543.0
1618544.0,0.0,-3.1339,-0.003,0.06743,0.0,0.0,0.4792,0.0,0.0,128.0,558.0
1618584.0,0.0,-3.1339,-0.001,0.06743,0.0,0.0,0.4792,0.0,0.0,128.0,564.0
1618624.0,0.0,-3.1339,0.002,0.06743,0.0,0.0,0.4792,0.0,0.0,128.0,549.0
1618665.0,0.0,-3.1339,-0.002,0.06743,0.0,0.0,0.4792,0.0,0.0,128.0,550.0
1618705.0,0.0,-3.1339,-0.005,0.06743,0.0,0.0,0.4792,0.0,0.0,128.0,550.0
1618745.0,0.0,-3.1324,0.015,0.06743,0.0,0.0,0.4792,0.0,0.0,128.0,551.0
1618786.0,0.0,-3.1339,-0.006,0.06743,0.0,0.0,0.4792,0.0,0.0,128.0,549.0
1618826.0,0.0,-3.1339,-0.0,0.06743,0.0,0.0,0.4792,0.0,0.0,128.0,550.0
1618866.0,0.0,-3.1339,-0.004,0.06743,0.0,0.0,0.4792,0.0,0.0,128.0,544.0
1618906.0,0.0,-3.1339,0.003,0.06743,0.0,0.0,0.4792,0.0,0.0,128.0,556.0
1618947.0,0.0,-3.1339,-0.007,0.06743,0.0,0.0,0.4792,0.0,0.0,128.0,550.0
1618987.0,0.0,-3.1339,0.002,0.06743,0.0,0.0,0.4792,0.0,0.0,128.0,544.0
1619027.0,0.0,-3.1339,-0.002,0.06743,0.0,0.0,0.4792,0.0,0.0,128.0,564.0
1619067.0,0.0,-3.1324,0.008,0.06743,0.0,0.0,0.4792,0.0,0.0,128.0,557.0
1619108.0,0.0,-3.1339,0.001,0.06743,0.0,0.0,0.4792,0.0,0.0,128.0,549.0
1619148.0,0.0,-3.1339,0.002,0.06743,0.0,0.0,0.4792,0.0,0.0,128.0,556.0
1619188.0,0.0,-3.1339,0.006,0.06743,0.0,0.0,0.4792,0.0,0.0,128.0,557.0
1619228.0,0.0,-3.1339,-0.004,0.06743,0.0,0.0,0.4792,0.0,0.0,128.0,542.0
1619268.0,0.0,-3.1339,0.0,0.06743,0.0,0.0,0.4792,0.0,0.0,128.0,549.0
1619309.0,0.0,-3.1339,-0.002,0.06743,0.0,0.0,0.4792,0.0,0.0,128.0,549.0
1619349.0,0.0,-3.1339,-0.003,0.06743,0.0,0.0,0.4792,0.0,0.0,128.0,550.0
1619389.0,0.0,-3.1339,0.005,0.06743,0.0,0.0,0.4792,0.0,0.0,128.0,549.0
1619430.0,0.0,-3.1339,0.003,0.06743,0.0,0.0,0.4792,0.0,0.0,128.0,549.0
1619470.0,0.0,-3.1339,-0.001,0.06743,0.0,0.0,0.4792,0.0,0.0,128.0,550.0
1619510.0,0.0,-3.1339,-0.002,0.06743,0.0,0.0,0.4792,0.0,0.0,128.0,564.0
1619550.0,0.0,-3.1339,0.013,0.06743,0.0,0.0,0.4792,0.0,0.0,128.0,551.0
1619591.0,0.0,-3.1339,-0.003,0.06743,0.0,0.0,0.4792,0.0,0.0,128.0,543.0
1619631.0,0.0,-3.1339,0.005,0.06743,0.0,0.0,0.4792,0.0,0.0,128.0,556.0
1619671.0,0.0,-3.1339,-0.002,0.06743,0.0,0.0,0.4792,0.0,0.0,128.0,544.0
1619711.0,0.0,-3.1339,-0.002,0.06743,0.0,0.0,0.4792,0.0,0.0,128.0,564.0
1619751.0,0.0,-3.1339,0.0,0.06743,0.0,0.0,0.4792,0.0,0.0,128.0,549.0
1619792.0,0.0,-3.1339,0.002,0.06743,0.0,0.0,0.4792,0.0,0.0,128.0,549.0
1619832.0,0.0,-3.1339,0.002,0.06743,0.0,0.0,0.4792,0.0,0.0,128.0,557.0
1619872.0,0.0,-3.1324,0.003,0.06743,0.0,0.0,0.4792,0.0,0.0,128.0,552.0
1619912.0,0.0,-3.1339,0.002,0.06743,0.0,0.0,0.4792,0.0,0.0,128.0,565.0
1619953.0,0.0,-3.1339,-0.003,0.06743,0.0,0.0,0.4792,0.0,0.0,128.0,558.0
1619993.0,0.0,-3.1324,0.003,0.06743,0.0,0.0,0.4792,0.0,0.0,128.0,551.0
1620033.0,0.0,-3.1339,-0.004,0.06743,0.0,0.0,0.4792,0.0,0.0,128.0,549.0
1620073.0,0.0,-3.1339,0.002,0.06743,0.0,0.0,0.4792,0.0,0.0,128.0,543.0
1620113.0,0.0,-3.1339,0.002,0.06743,0.0,0.0,0.4792,0.0,0.0,128.0,556.0
1620154.0,0.0,-3.1339,-0.003,0.06743,0.0,0.0,0.4792,0.0,0.0,128.0,543.0
1620194.0,0.0,-3.1339,-0.003,0.06743,0.0,0.0,0.4792,0.0,0.0,128.0,550.0
1620234.0,0.0,-3.1339,-0.0,0.06743,0.0,0.0,0.4792,0.0,0.0,128.0,551.0
1620275.0,0.0,-3.1339,0.002,0.06743,0.0,0.0,0.4792,0.0,0.0,128.0,549.0
1620315.0,0.0,-3.1339,-0.006,0.06743,0.0,0.0,0.4792,0.0,0.0,128.0,549.0
1620355.0,0.0,-3.1339,-0.002,0.06743,0.0,0.0,0.4792,0.0,0.0,128.0,564.0
1620395.0,0.0,-3.1339,0.003,0.06743,0.0,0.0,0.4792,0.0,0.0,128.0,549.0
1620436.0,0.0,-3.1339,0.002,0.06743,0.0,0.0,0.4792,0.0,0.0,128.0,549.0
1620476.0,0.0,-3.1339,-0.0,0.06743,0.0,0.0,0.4792,0.0,0.0,128.0,556.0
1620516.0,0.0,-3.1339,-0.001,0.06743,0.0,0.0,0.4792,0.0,0.0,128.0,550.0
1620556.0,0.0,-3.1339,0.005,0.06743,0.0,0.0,0.4792,0.0,0.0,128.0,556.0
1620596.0,0.0,-3.1339,0.001,0.06743,0.0,0.0,0.4792,0.0,0.0,128.0,543.0
1620636.0,0.0,-3.1339,-0.001,0.06743,0.0,0.0,0.4792,0.0,0.0,128.0,550.0
1620677.0,0.0,-3.1339,-0.003,0.06743,0.0,0.0,0.4792,0.0,0.0,128.0,549.0
1620717.0,0.0,-3.1339,-0.001,0.06743,0.0,0.0,0.4792,0.0,0.0,128.0,550.0
1620757.0,0.0,-3.1339,-0.002,0.06743,0.0,0.0,0.4792,0.0,0.0,128.0,549.0
1620798.0,0.0,-3.1339,-0.003,0.06743,0.0,0.0,0.4792,0.0,0.0,128.0,544.0
1620838.0,0.0,-3.1339,-0.004,0.06743,0.0,0.0,0.4792,0.0,0.0,128.0,549.0
1620878.0,0.0,-3.1339,0.002,0.06743,0.0,0.0,0.4792,0.0,0.0,128.0,557.0
1620918.0,0.0,-3.1339,-0.004,0.06743,0.0,0.0,0.4792,0.0,0.0,128.0,543.0
1620959.0,0.0,-3.1339,-0.003,0.06743,0.0,0.0,0.4792,0.0,0.0,128.0,544.0
1620999.0,0.0,-3.1339,0.003,0.06743,0.0,0.0,0.4792,0.0,0.0,128.0,549.0
1621039.0,0.0,-3.1339,-0.002,0.06743,0.0,0.0,0.4792,0.0,0.0,128.0,550.0
1621079.0,0.0,-3.1339,-0.001,0.06743,0.0,0.0,0.4792,0.0,0.0,128.0,549.0
1621120.0,0.0,-3.1339,-0.0,0.06743,0.0,0.0,0.4792,0.0,0.0,128.0,549.0
1621160.0,0.0,-3.1339,-0.003,0.06743,0.0,0.0,0.4792,0.0,0.0,128.0,542.0
1621200.0,0.0,-3.1324,0.005,0.06743,0.0,0.0,0.4792,0.0,0.0,128.0,556.0
1621240.0,0.0,-3.1339,-0.003,0.06743,0.0,0.0,0.4792,0.0,0.0,128.0,544.0
1621280.0,0.0,-3.1339,-0.0,0.06743,0.0,0.0,0.4792,0.0,0.0,128.0,550.0
1621320.0,0.0,-3.1339,-0.003,0.06743,0.0,0.0,0.4792,0.0,0.0,128.0,557.0
1621361.0,0.0,-3.1339,-0.001,0.06743,0.0,0.0,0.4792,0.0,0.0,128.0,551.0
1621401.0,0.0,-3.1339,0.002,0.06743,0.0,0.0,0.4792,0.0,0.0,128.0,557.0
1621441.0,0.0,-3.1339,0.0,0.06743,0.0,0.0,0.4792,0.0,0.0,128.0,557.0
1621481.0,0.0,-3.1339,-0.001,0.06743,0.0,0.0,0.4792,0.0,0.0,128.0,549.0
1621521.0,0.0,-3.1339,0.002,0.06743,0.0,0.0,0.4792,0.0,0.0,128.0,549.0
1621562.0,0.0,-3.1339,-0.003,0.06743,0.0,0.0,0.4792,0.0,0.0,128.0,549.0
1621602.0,0.0,-3.1339,-0.002,0.06743,0.0,0.0,0.4792,0.0,0.0,128.0,550.0
1621642.0,0.0,-3.1324,0.016,0.06743,0.0,0.0,0.4792,0.0,0.0,128.0,557.0
1621683.0,0.0,-3.1339,-0.005,0.06743,0.0,0.0,0.4792,0.0,0.0,128.0,543.0
1621723.0,0.0,-3.1339,0.0,0.06743,0.0,0.0,0.4792,0.0,0.0,128.0,550.0
1621763.0,0.0,-3.1339,-0.001,0.06743,0.0,0.0,0.4792,0.0,0.0,128.0,550.0
1621803.0,0.0,-3.1339,-0.002,0.06743,0.0,0.0,0.4792,0.0,0.0,128.0,543.0
1621843.0,0.0,-3.1339,0.005,0.06743,0.0,0.0,0.4792,0.0,0.0,128.0,556.0
1621884.0,0.0,-3.1339,-0.002,0.06743,0.0,0.0,0.4792,0.0,0.0,128.0,549.0
1621924.0,0.0,-3.1339,0.003,0.06743,0.0,0.0,0.4792,0.0,0.0,128.0,550.0
1621964.0,0.0,-3.1339,-0.005,0.06743,0.0,0.0,0.4792,0.0,0.0,128.0,550.0
1622004.0,0.0,-3.1339,-0.004,0.06743,0.0,0.0,0.4792,0.0,0.0,128.0,543.0
1622045.0,0.0,-3.1339,-0.001,0.06743,0.0,0.0,0.4792,0.0,0.0,128.0,550.0
1622085.0,0.0,-3.1339,-0.0,0.06743,0.0,0.0,0.4792,0.0,0.0,128.0,544.0
1622125.0,0.0,-3.1324,0.008,0.06743,0.0,0.0,0.4792,0.0,0.0,128.0,551.0
1622166.0,0.0,-3.1324,-0.001,0.06743,0.0,0.0,0.4792,0.0,0.0,128.0,557.0
1622206.0,0.0,-3.1339,0.001,0.06743,0.0,0.0,0.4792,0.0,0.0,128.0,550.0
1622246.0,0.0,-3.1339,0.002,0.06743,0.0,0.0,0.4792,0.0,0.0,128.0,549.0
1622287.0,0.0,-3.1339,0.002,0.06743,0.0,0.0,0.4792,0.0,0.0,128.0,549.0
1622327.0,0.0,-3.1324,0.001,0.06743,0.0,0.0,0.4792,0.0,0.0,128.0,558.0
1622367.0,0.0,-3.1324,0.008,0.06743,0.0,0.0,0.4792,0.0,0.0,128.0,564.0
1622408.0,0.0,-3.1339,-0.007,0.06743,0.0,0.0,0.4792,0.0,0.0,128.0,550.0
1622448.0,0.0,-3.1339,-0.006,0.06743,0.0,0.0,0.4792,0.0,0.0,128.0,558.0
1622488.0,0.0,-3.1339,-0.002,0.06743,0.0,0.0,0.4792,0.0,0.0,128.0,543.0
1622528.0,0.0,-3.1324,0.011,0.06743,0.0,0.0,0.4792,0.0,0.0,128.0,556.0
1622568.0,0.0,-3.1339,-0.003,0.06743,0.0,0.0,0.4792,0.0,0.0,128.0,549.0
1622608.0,0.0,-3.1339,0.005,0.06743,0.0,0.0,0.4792,0.0,0.0,128.0,556.0
1622649.0,0.0,-3.1339,-0.003,0.06743,0.0,0.0,0.4792,0.0,0.0,128.0,543.0
1622689.0,0.0,-3.1339,-0.001,0.06743,0.0,0.0,0.4792,0.0,0.0,128.0,551.0
1622729.0,0.0,-3.1339,-0.001,0.06743,0.0,0.0,0.4792,0.0,0.0,128.0,549.0
1622770.0,0.0,-3.1339,0.001,0.06743,0.0,0.0,0.4792,0.0,0.0,128.0,550.0
1622810.0,0.0,-3.1339,0.009,0.06743,0.0,0.0,0.4792,0.0,0.0,128.0,564.0
1622850.0,0.0,-3.1339,-0.005,0.06743,0.0,0.0,0.4792,0.0,0.0,128.0,543.0
1622890.0,0.0,-3.1339,0.0,0.06743,0.0,0.0,0.4792,0.0,0.0,128.0,549.0
1622930.0,0.0,-3.1339,-0.002,0.06743,0.0,0.0,0.4792,0.0,0.0,128.0,543.0
1622970.0,0.0,-3.1339,-0.002,0.06743,0.0,0.0,0.4792,0.0,0.0,128.0,549.0
1623011.0,0.0,-3.1339,-0.002,0.06743,0.0,0.0,0.4792,0.0,0.0,128.0,549.0
1623051.0,0.0,-3.1339,0.003,0.06743,0.0,0.0,0.4792,0.0,0.0,128.0,557.0
1623091.0,0.0,-3.1339,-0.001,0.06743,0.0,0.0,0.4792,0.0,0.0,128.0,549.0
1623131.0,0.0,-3.1339,-0.005,0.06743,0.0,0.0,0.4792,0.0,0.0,128.0,549.0
1623172.0,0.0,-3.1339,0.003,0.06743,0.0,0.0,0.4792,0.0,0.0,128.0,543.0
1623212.0,0.0,-3.1339,0.002,0.06743,0.0,0.0,0.4792,0.0,0.0,128.0,549.0
1623252.0,0.0,-3.1339,-0.002,0.06743,0.0,0.0,0.4792,0.0,0.0,128.0,551.0
1623292.0,0.0,-3.1339,-0.001,0.06743,0.0,0.0,0.4792,0.0,0.0,128.0,544.0
1623332.0,0.0,-3.1339,0.001,0.06743,0.0,0.0,0.4792,0.0,0.0,128.0,557.0
1623373.0,0.0,-3.1339,-0.003,0.06743,0.0,0.0,0.4792,0.0,0.0,128.0,557.0
1623413.0,0.0,-3.1339,-0.002,0.06743,0.0,0.0,0.4792,0.0,0.0,128.0,550.0
1623453.0,0.0,-3.1324,0.007,0.06743,0.0,0.0,0.4792,0.0,0.0,128.0,556.0
1623493.0,0.0,-3.1339,-0.003,0.06743,0.0,0.0,0.4792,0.0,0.0,128.0,549.0
1623534.0,0.0,-3.1339,-0.004,0.06743,0.0,0.0,0.4792,0.0,0.0,128.0,550.0
1623574.0,0.0,-3.1339,-0.003,0.06743,0.0,0.0,0.4792,0.0,0.0,128.0,550.0
1623614.0,0.0,-3.1339,0.005,0.06743,0.0,0.0,0.4792,0.0,0.0,128.0,556.0
1623654.0,0.0,-3.1339,-0.001,0.06743,0.0,0.0,0.4792,0.0,0.0,128.0,542.0
1623694.0,0.0,-3.1339,-0.001,0.06743,0.0,0.0,0.4792,0.0,0.0,128.0,549.0
1623735.0,0.0,-3.1339,-0.003,0.06743,0.0,0.0,0.4792,0.0,0.0,128.0,550.0
1623775.0,0.0,-3.1339,-0.004,0.06743,0.0,0.0,0.4792,0.0,0.0,128.0,549.0
1623815.0,0.0,-3.1339,-0.0,0.06743,0.0,0.0,0.4792,0.0,0.0,128.0,544.0
1623855.0,0.0,-3.1339,-0.009,0.06743,0.0,0.0,0.4792,0.0,0.0,128.0,550.0
1623896.0,0.0,-3.1339,0.004,0.06743,0.0,0.0,0.4792,0.0,0.0,128.0,557.0
1623936.0,0.0,-3.1339,-0.001,0.06743,0.0,0.0,0.4792,0.0,0.0,128.0,557.0
1623976.0,0.0,-3.1339,-0.003,0.06743,0.0,0.0,0.4792,0.0,0.0,128.0,549.0
1624016.0,0.0,-3.1339,-0.002,0.06743,0.0,0.0,0.4792,0.0,0.0,128.0,551.0
1624057.0,0.0,-3.1339,0.001,0.06743,0.0,0.0,0.4792,0.0,0.0,128.0,550.0
1624097.0,0.0,-3.1339,-0.003,0.06743,0.0,0.0,0.4792,0.0,0.0,128.0,549.0
1624137.0,0.0,-3.1339,-0.004,0.06743,0.0,0.0,0.4792,0.0,0.0,128.0,550.0
1624177.0,0.0,-3.1339,-0.001,0.06743,0.0,0.0,0.4792,0.0,0.0,128.0,544.0
1624218.0,0.0,-3.1339,-0.005,0.06743,0.0,0.0,0.4792,0.0,0.0,128.0,549.0
1624258.0,0.0,-3.1339,0.008,0.06743,0.0,0.0,0.4792,0.0,0.0,128.0,556.0
1624298.0,0.0,-3.1339,-0.002,0.06743,0.0,0.0,0.4792,0.0,0.0,128.0,564.0
1624338.0,0.0,-3.1339,-0.002,0.06743,0.0,0.0,0.4792,0.0,0.0,128.0,549.0
1624379.0,0.0,-3.1339,0.003,0.06743,0.0,0.0,0.4792,0.0,0.0,128.0,549.0
1624419.0,0.0,-3.1324,0.002,0.06743,0.0,0.0,0.4792,0.0,0.0,128.0,550.0
1624459.0,0.0,-3.1339,-0.0,0.06743,0.0,0.0,0.4792,0.0,0.0,128.0,543.0
1624500.0,0.0,-3.1339,-0.001,0.06743,0.0,0.0,0.4792,0.0,0.0,128.0,549.0
1624540.0,0.0,-3.1339,-0.001,0.06743,0.0,0.0,0.4792,0.0,0.0,128.0,544.0
1624580.0,0.0,-3.1339,0.006,0.06743,0.0,0.0,0.4792,0.0,0.0,128.0,557.0
1624620.0,0.0,-3.1339,0.002,0.06743,0.0,0.0,0.4792,0.0,0.0,128.0,557.0
1624661.0,0.0,-3.1339,-0.003,0.06743,0.0,0.0,0.4792,0.0,0.0,128.0,557.0
1624701.0,0.0,-3.1339,0.004,0.06743,0.0,0.0,0.4792,0.0,0.0,128.0,557.0
1624741.0,0.0,-3.1339,-0.003,0.06743,0.0,0.0,0.4792,0.0,0.0,128.0,543.0
1624781.0,0.0,-3.1339,-0.0,0.06743,0.0,0.0,0.4792,0.0,0.0,128.0,570.0
1624821.0,0.0,-3.1339,-0.003,0.06743,0.0,0.0,0.4792,0.0,0.0,128.0,549.0
1624861.0,0.0,-3.1339,0.0,0.06743,0.0,0.0,0.4792,0.0,0.0,128.0,551.0
1624902.0,0.0,-3.1339,-0.001,0.06743,0.0,0.0,0.4792,0.0,0.0,128.0,549.0
1624942.0,0.0,-3.1339,0.003,0.06743,0.0,0.0,0.4792,0.0,0.0,128.0,544.0
1624982.0,0.0,-3.1339,-0.001,0.06743,0.0,0.0,0.4792,0.0,0.0,128.0,557.0
1625023.0,0.0,-3.1339,-0.004,0.06743,0.0,0.0,0.4792,0.0,0.0,128.0,550.0
1625063.0,0.0,-3.1339,0.008,0.06743,0.0,0.0,0.4792,0.0,0.0,128.0,564.0
1625103.0,0.0,-3.1339,-0.001,0.06743,0.0,0.0,0.4792,0.0,0.0,128.0,557.0
1625143.0,0.0,-3.1339,-0.002,0.06743,0.0,0.0,0.4792,0.0,0.0,128.0,549.0
1625183.0,0.0,-3.1339,0.007,0.06743,0.0,0.0,0.4792,0.0,0.0,128.0,556.0
1625224.0,0.0,-3.1339,-0.003,0.06743,0.0,0.0,0.4792,0.0,0.0,128.0,549.0
1625264.0,0.0,-3.1339,-0.001,0.06743,0.0,0.0,0.4792,0.0,0.0,128.0,544.0
1625304.0,0.0,-3.1339,-0.003,0.06743,0.0,0.0,0.4792,0.0,0.0,128.0,550.0
1625344.0,0.0,-3.1339,0.0,0.06743,0.0,0.0,0.4792,0.0,0.0,128.0,550.0
1625385.0,0.0,-3.1324,0.001,0.06743,0.0,0.0,0.4792,0.0,0.0,128.0,557.0
1625425.0,0.0,-3.1339,-0.001,0.06743,0.0,0.0,0.4792,0.0,0.0,128.0,550.0
1625465.0,0.0,-3.1339,0.001,0.06743,0.0,0.0,0.4792,0.0,0.0,128.0,549.0
1625506.0,0.0,-3.1339,-0.003,0.06743,0.0,0.0,0.4792,0.0,0.0,128.0,549.0
1625546.0,0.0,-3.1339,0.009,0.06743,0.0,0.0,0.4792,0.0,0.0,128.0,556.0
1625586.0,0.0,-3.1339,-0.005,0.06743,0.0,0.0,0.4792,0.0,0.0,128.0,550.0
1625626.0,0.0,-3.1324,0.005,0.06743,0.0,0.0,0.4792,0.0,0.0,128.0,550.0
1625667.0,0.0,-3.1339,-0.0,0.06743,0.0,0.0,0.4792,0.0,0.0,128.0,549.0
1625707.0,0.0,-3.1324,0.011,0.06743,0.0,0.0,0.4792,0.0,0.0,128.0,571.0
1625747.0,0.0,-3.1339,-0.005,0.06743,0.0,0.0,0.4792,0.0,0.0,128.0,550.0
1625788.0,0.0,-3.1339,-0.003,0.06743,0.0,0.0,0.4792,0.0,0.0,128.0,549.0
1625828.0,0.0,-3.1339,-0.003,0.06743,0.0,0.0,0.4792,0.0,0.0,128.0,564.0
1625868.0,0.0,-3.1339,-0.002,0.06743,0.0,0.0,0.4792,0.0,0.0,128.0,549.0
